#{"t_start": 1761969803.0203686, "env_id": "PulleyEnv-v0"}
r,l,t
-820550.818034,23,1.469043
-714854.454596,83,1.97417
-1437617.987277,23,2.113038
-442806.588254,5,2.145366
-490584.752101,5,2.181807
-761096.589271,9,2.242225
-487802.269582,5,2.276121
-499443.576191,5,2.309468
-490153.493736,5,2.347525
-490323.204727,5,2.381339
-1102024.060353,13,2.459138
-476581.262267,5,2.49183
-626837.040065,7,2.534282
-601318.001814,7,2.574581
-479282.067718,5,2.604873
-937413.877746,11,2.66865
-903537.811719,13,2.74349
-483722.139082,87,3.253468
-1899083.966054,27,3.419277
-1297844.235177,18,3.527502
-974245.587536,34,3.725399
-1639106.563975,26,3.879973
-1337924.010544,40,4.111226
-472453.079765,5,4.140966
-842152.956455,11,4.204207
-744561.487898,9,4.254797
-500796.181009,5,4.284626
-488351.346199,5,4.316227
-616542.068948,7,4.35871
-294205.889342,21,4.478754
-484210.476605,5,4.505714
-493875.937789,5,4.535569
-1990537.161673,35,4.738627
-358784.004824,19,4.855492
-346557.600746,46,5.138309
-488470.164617,5,5.169702
-496483.411398,5,5.197284
-2315568.420732,41,5.434133
-475918.622996,5,5.462282
-606500.991798,31,5.63649
-1401761.743835,35,5.83747
-636481.734586,7,5.881979
-487043.259912,5,5.912062
-780005.492631,10,5.969978
-499802.240968,5,5.998017
-788167.493212,31,6.177483
-965735.059774,12,6.24797
-421741.523321,24,6.390441
-1455834.288346,27,6.548649
-621482.057559,7,6.591784
-502512.73651,5,6.623363
-1477973.531749,28,6.789129
-1030344.364538,14,6.874301
-1031817.259171,58,7.207006
-494279.224682,5,7.227721
-668798.152417,8,7.498718
-501844.419576,5,7.585098
-737979.55453,68,8.745907
-550694.36757,6,8.851775
-486440.27043,5,8.944998
-1120104.496946,27,9.413177
-494792.315522,5,9.494731
-487608.249044,5,9.585316
-836717.484193,10,9.747065
-498038.15217,5,9.827022
-470337.965221,5,9.923387
-1384078.455612,19,10.264917
-502610.881245,5,10.352805
-497469.606074,5,10.445089
-485663.103253,5,10.52645
-1616203.879129,22,10.937451
-567628.139257,7,11.056698
-667121.609205,17,11.360618
-2447286.006286,32,11.960649
-490612.834483,5,12.048655
-804000.954116,27,12.544709
-502241.06211,5,12.63544
-245373.923938,64,13.798531
-510563.825768,6,13.904848
-218928.405821,28,14.431754
-474035.29347,5,14.529547
-484448.08828,5,14.61128
-487040.006631,5,14.708678
-488523.154543,5,14.801575
-821476.243436,10,15.021206
-224607.197051,34,15.617095
-472889.600847,5,15.692651
-1711526.872243,28,16.182318
-870577.752029,10,16.350211
-500669.596643,5,16.426688
-466862.870832,5,16.526591
-487290.171384,5,16.604362
-499183.091316,5,16.691495
-487548.057895,5,16.776009
-823127.440133,15,17.05276
-485423.26703,5,17.142868
-477160.09327,5,17.221988
-2256170.89343,35,17.833199
-632478.399507,29,18.359146
-493740.078171,5,18.451852
-495787.338873,5,18.542446
-897040.093647,12,18.770274
-500298.545276,5,18.86586
-473473.220554,5,18.955927
-1565828.882259,28,19.471658
-764742.832017,9,19.643314
-1663110.969351,22,20.042628
-1272816.763224,42,20.837544
-480166.301785,5,20.940161
-2905668.41808,94,22.6594
-478329.895665,5,22.748095
-767599.663835,9,22.9116
-617055.346643,8,23.045872
-470033.410766,5,23.142088
-606254.988081,7,23.265733
-499340.32809,5,23.351203
-1830565.249607,27,23.823869
-1545106.672115,35,24.461826
-519457.921498,6,24.563227
-481049.921559,5,24.654468
-491984.286379,5,24.74608
-494772.498113,5,24.838193
-919769.376165,16,25.133411
-523704.261205,6,25.249557
-494754.349304,5,25.3449
-502732.715855,5,25.445526
-1037190.134048,13,25.681452
-502496.917977,5,25.763322
-245531.161652,21,26.151378
-982596.48901,28,26.650094
-481438.65824,5,26.737548
-483412.851427,5,26.835086
-1067888.847715,14,27.09977
-177171.76374,10,27.285205
-514743.778907,6,27.395627
-1653603.055534,21,27.772195
-313968.451905,13,28.016344
-473320.597134,5,28.10254
-3151848.51776,53,29.085015
-2645929.014412,99,30.860706
-501362.445536,5,30.942752
-817225.9665,10,31.114909
-563520.758716,7,31.240773
-1610669.201443,27,31.744293
-597744.419638,48,32.632591
-494787.155543,5,32.714219
-485010.278741,5,32.801976
-486794.093178,5,32.893596
-214091.681335,15,33.180777
-779168.867418,9,33.334802
-800142.928197,18,33.657617
-502472.025136,5,33.760227
-491421.915444,5,33.852415
-521389.470302,42,34.607059
-842108.09749,10,34.787291
-2103651.820933,40,35.470971
-901948.285557,11,35.672143
-502885.264907,5,35.770912
-366146.417649,26,36.227803
-650320.538024,18,36.550968
-496813.688683,5,36.65273
-824125.969987,52,37.633361
-711205.212873,46,38.449868
-487062.526186,5,38.530184
-584218.869789,7,38.649963
-481698.202907,5,38.743991
-1128349.547334,14,38.998278
-1209584.071666,15,39.256485
-494887.073412,5,39.359412
-831110.108296,85,40.959816
-1162713.345911,15,41.234344
-502743.308079,5,41.312157
-974693.916436,12,41.534661
-481118.499476,5,41.620151
-500777.048406,5,41.707994
-486068.007149,5,41.779387
-801915.849532,26,42.306427
-495504.161327,5,42.434166
-502527.715219,5,42.57215
-494026.322738,5,42.682578
-453482.049343,26,43.16899
-495635.707122,5,43.268344
-597263.829506,30,43.813494
-1634129.024529,79,45.309133
-422558.904239,22,45.707544
-1617892.165753,22,46.114652
-487560.144074,5,46.204274
-2181170.662468,31,46.790201
-496980.83007,5,46.893362
-3481162.061036,109,49.019445
-491783.590985,5,49.121267
-2916860.807165,241,53.527831
-486869.952496,5,53.614031
-1003029.735193,35,54.252033
-571135.065848,23,54.670048
-502441.91601,5,54.777513
-1362044.711844,250,59.44128
-308138.187472,250,64.174924
-1231156.987959,15,64.434464
-858504.824977,10,64.599734
-511428.316692,250,69.41423
-482247.083522,5,69.496962
-2621093.525549,250,74.103177
-410764.684143,250,78.716052
-1400916.560383,250,83.21832
-660430.718704,250,87.97899
-346289.096038,250,92.810393
-619844.165117,250,97.488871
-492110.771408,5,97.563423
-519097.640419,6,97.683297
-494875.057948,5,97.776177
-1183557.217822,15,98.065883
-494502.699736,5,98.15082
-499109.044423,5,98.252836
-483720.743913,5,98.347814
-1989451.671684,250,102.962421
-12154.618205,250,107.476561
-362772.061204,250,112.269512
-800475.530862,10,112.46198
-759038.262089,9,112.642476
-478530.72462,5,112.738597
-1212126.304245,250,117.437373
-1511482.114512,250,122.260531
-753381.451028,9,122.431888
-496186.51671,5,122.531861
-918308.689037,250,127.286033
233532.752413,250,132.043429
-498677.555544,5,132.139418
-503252.873479,5,132.239729
-485420.877276,5,132.332527
-499318.227232,5,132.421825
349392.66641,250,137.078517
-502467.189993,5,137.175805
-782130.327021,10,137.3537
-1060934.371966,13,137.607222
-675660.262846,8,137.749331
-215578.779539,250,142.330083
-489130.193627,5,142.430331
-293722.734449,250,147.144849
-345481.547638,250,152.051256
-758669.51746,250,156.860819
-481695.543768,5,156.957501
-491961.707863,5,157.075682
-1095136.909582,14,157.363624
-1340741.498246,250,162.100073
-1995902.397904,250,166.898868
253911.999674,250,171.777783
-485042.628811,5,171.886314
-494417.159759,5,171.986268
-494601.71558,5,172.089608
-492210.100557,5,172.191848
-93283.983009,250,176.935051
-64602.349246,250,181.609958
-469419.262037,5,181.699862
-491826.365081,5,181.800485
-486316.100338,5,181.890314
-495581.206382,5,181.984254
-493392.052944,5,182.078197
-478081.457662,5,182.166823
6063.264488,250,186.922274
-481813.691833,5,187.023136
-502320.693905,5,187.115041
-629577.062212,7,187.237672
-34689.689537,250,191.942418
-1175378.460216,14,192.181623
-473281.894375,5,192.271197
132158.051523,250,196.956338
-502538.764344,5,197.044777
35600.57439,250,201.743987
-751332.758412,9,201.88976
-476801.619773,5,201.989291
-952463.048104,12,202.219888
-849621.12315,250,206.743672
394498.771597,250,211.469945
-195129.014907,250,216.154914
15897.846068,250,220.792588
-1063146.084854,13,221.011144
-482022.084941,5,221.107378
-270321.757891,250,225.733974
185432.468187,250,230.449898
-626130.590705,7,230.577096
-953390.245215,12,230.802345
-666198.702738,9,230.979659
-133658.609577,250,235.679205
-448251.764808,5,235.780692
356592.040155,250,240.553858
-84972.457726,250,245.286306
316051.411508,250,250.046955
-485594.613252,5,250.129923
-574380.222979,7,250.266963
12852.680895,250,255.061273
121063.890745,250,259.668066
-1417256.858148,19,260.020214
-941087.645821,250,264.592494
120701.232173,250,269.371509
-1111640.923054,14,269.635907
-1550535.790119,21,270.01443
-493643.813814,5,270.107448
-1149212.564863,250,274.724967
-502875.992498,5,274.820305
-691780.087869,8,274.972488
-1819431.159188,250,279.718372
-875848.239516,11,279.927159
-496453.957807,5,280.033873
-559154.457692,7,280.157601
-502618.805515,5,280.244259
127406.383981,250,284.879522
-492454.158837,250,289.469218
-573025.08318,7,289.599036
-501703.414594,5,289.698215
-474769.177372,5,289.801033
-759397.636182,9,289.962833
-620679.934689,7,290.106414
-487000.002583,5,290.203294
-486645.133603,5,290.293657
-55778.558943,250,294.937475
-478654.166005,5,295.019897
-497830.581254,5,295.115227
-490380.007609,5,295.213341
-463384.413658,5,295.316595
405432.828352,250,300.026001
72888.109956,250,304.600242
-1343782.422313,250,309.249784
-643016.286132,8,309.384631
-5698.428218,250,313.930402
-986642.326361,12,314.152442
-489192.700545,5,314.241492
-896385.590816,12,314.479377
-502485.135535,5,314.574859
-194328.713796,250,319.335175
-953134.824862,12,319.566208
-471731.633035,5,319.675172
-745788.015495,9,319.848271
-731293.571404,9,320.035812
-647222.315706,7,320.166651
-1625121.786656,250,324.909084
-470551.862316,5,325.009664
-544410.624734,6,325.132594
-158767.76641,250,329.92802
-149466.586736,250,334.636793
-485739.722188,5,334.734964
-344750.506249,250,339.461381
-472625.507512,5,339.555521
-487074.205049,6,339.66896
-487519.867865,5,339.767772
106761.878346,250,344.445163
426410.411558,250,349.318105
-557252.691327,7,349.455703
-474357.187738,5,349.556722
147145.264702,250,354.425385
-495333.975326,5,354.524575
-803727.274991,10,354.712918
-500799.906555,5,354.819783
231530.322683,250,359.667301
-249796.34178,250,364.421103
-472512.880823,5,364.518859
-660114.885755,8,364.676435
-569880.03556,7,364.809347
-500774.198371,6,364.911186
-51915.287156,250,369.708355
-502031.826437,5,369.799641
199337.563153,250,374.663573
-729854.087613,9,374.842241
68747.246772,250,379.639646
-1259434.080056,16,379.938816
-501615.335274,5,380.037849
-621507.45565,8,380.18433
-741937.368736,9,380.374338
-515136.545992,6,380.48766
-813008.037464,10,380.680614
-502134.106524,5,380.775655
460373.180419,250,385.698418
-733831.274445,250,390.619154
-490190.817476,5,390.713835
-482055.23136,5,390.820114
-493650.674761,5,390.921548
-552224.081208,6,391.041803
-502464.901166,5,391.146795
381525.741588,250,395.977791
-121734.349244,250,400.777469
-746256.237024,9,400.950086
79101.230906,250,405.82776
-569101.582294,7,405.953996
-753898.442184,9,406.128905
-100341.642706,16,406.420768
-489980.160692,6,406.531458
-575089.717071,7,406.666347
-33056.586686,250,411.521209
-486429.064803,5,411.609643
-483309.163008,5,411.691135
-1556563.730166,20,412.071185
-263343.963983,250,416.78166
-502462.673952,5,416.879831
-484317.215175,5,416.973288
-799419.020147,250,421.416149
-902240.854775,12,421.624753
-795675.915815,10,421.785739
-496550.800724,5,421.880047
284911.240228,250,426.552146
-502295.705495,5,426.635197
-495500.970701,5,426.744768
94992.320039,250,431.394941
-187625.0692,250,435.991329
-700439.826685,9,436.155475
-519898.604491,6,436.269292
-763123.594011,9,436.433645
79004.307188,250,441.501981
-498509.759679,5,441.592709
-618742.817926,8,441.724721
139912.090136,250,446.353686
-500241.804223,5,446.435966
125792.636895,250,451.17429
-999986.631694,14,451.408864
-497938.590735,5,451.489199
-483400.055418,5,451.573076
-487792.818285,5,451.660209
467078.474358,250,456.359504
-579697.609244,250,461.154056
-481826.350118,5,461.236819
186327.3402,250,465.887678
474336.017829,250,470.595696
-559079.339569,7,470.725002
-542642.687181,6,470.837158
138249.756913,250,475.550238
-1090238.793738,14,475.775271
-703119.629858,8,475.915082
-496925.941004,5,476.023449
629204.355842,250,480.645427
-1007528.619653,13,480.879778
-490635.619859,5,480.988797
-483674.334327,5,481.081785
-489190.343999,5,481.180938
-502291.292786,5,481.264789
102971.574002,250,486.130325
-490869.09741,5,486.223586
-464755.240894,5,486.308247
13635.583866,250,490.939976
-493672.976182,5,491.029692
-243761.150073,250,495.529957
-497013.723747,5,495.620545
-94237.379749,250,500.31337
-716653.315946,9,500.491168
4962.802855,250,505.082959
-619478.691853,8,505.228016
-483334.009145,5,505.312542
-502301.288689,5,505.412163
-497225.627749,6,505.52602
-490905.404443,5,505.610754
-118587.697507,250,510.328518
-475566.244625,5,510.428685
-551790.987122,6,510.532801
-59883.87583,250,515.069941
103904.796103,250,519.719162
-480172.511039,5,519.813344
-486765.400468,5,519.914564
-502716.987253,5,519.999844
-748904.372749,10,520.193223
-531538.21528,6,520.287206
-630203.612268,7,520.401442
-161543.00759,250,525.097667
-663021.823504,8,525.270188
-592060.738052,7,525.392694
-503020.957326,5,525.483732
-751616.887201,9,525.650631
-489164.927468,5,525.737787
-478117.698299,5,525.822383
-198539.619164,250,530.443402
186034.289623,250,535.187437
601020.917531,250,539.747391
-497158.59698,5,539.847218
-494767.522122,5,539.948098
-468845.471145,5,540.050794
-778211.669477,9,540.222316
144788.813302,250,544.822019
-489155.665596,5,544.927682
-483095.064724,5,545.004619
-496183.981983,5,545.097565
-476997.599595,5,545.182184
-502395.552016,5,545.272613
497831.219839,250,549.865791
-1047515.877257,13,550.11383
252169.112966,250,554.690841
-707305.93677,9,554.858703
461702.700831,250,559.425142
-458589.84457,5,559.50796
-490974.387981,5,559.602348
-22875.422419,250,564.213247
-492069.216523,5,564.316109
430666.507876,250,568.996647
-493900.50788,6,569.114473
254092.239415,250,573.687729
-519719.366553,6,573.806015
-644434.223614,9,573.975764
-578731.328661,7,574.121298
-461672.307899,5,574.208545
-630063.326231,7,574.347688
18596.155663,250,579.076733
-488621.344602,5,579.170573
-495308.450573,5,579.270104
-490746.341768,5,579.353574
-210424.986841,250,584.15766
-987660.899866,12,584.41147
-473358.357056,5,584.518849
-484889.387901,5,584.604917
-642074.830256,7,584.724392
-498113.818678,5,584.808524
-694261.964346,8,584.968972
-496210.549252,5,585.056429
-571776.136057,7,585.179977
110780.657386,250,590.046553
-482584.471635,5,590.140593
-478315.568968,5,590.238045
-603518.333952,8,590.413586
-522638.042022,6,590.531736
-710246.970803,8,590.656134
303292.258462,250,595.354423
-658513.334771,10,595.532152
303042.784958,250,600.281853
-495072.352193,5,600.375347
-469777.713768,5,600.477225
-631209.249841,7,600.6087
-459800.62054,5,600.695871
-543425.121239,6,600.81808
525201.678287,250,605.482877
-220760.00762,250,610.126714
616375.537315,250,614.912945
430373.904834,250,619.645724
-971214.303524,12,619.880907
-501519.765297,5,619.982033
346707.470571,250,624.746917
-494569.045711,5,624.847282
-239675.864033,250,629.510975
-506217.603717,6,629.630391
-483310.224101,5,629.743531
-608608.865837,7,629.866593
-913141.187513,12,630.086123
-482128.28303,5,630.180645
-475690.652378,5,630.280687
-568882.144123,7,630.418087
-489611.45741,5,630.499799
-488993.733319,5,630.582127
-487370.364301,5,630.681284
-741046.491414,9,630.857064
-536183.464276,6,630.977974
-502492.559865,5,631.074124
-679552.176004,9,631.252529
-483490.134876,5,631.364175
-592717.101975,7,631.49954
-483655.831392,5,631.601593
-570298.264331,7,631.743512
-488634.008151,5,631.82584
-483538.251686,5,631.927225
-14155.984201,250,636.691174
-709848.90193,8,636.865121
114462.265805,250,641.588725
133998.651531,250,646.181166
604960.658981,250,650.919304
-452687.984664,5,651.009959
-577185.391292,7,651.147616
-490031.90982,5,651.239584
-472893.673573,5,651.348221
-673818.118248,8,651.511174
-488352.039394,5,651.603721
-548374.988203,7,651.733785
-492807.29075,5,651.823764
401943.949739,250,656.505184
-585177.605573,7,656.632154
-285193.25774,250,661.289145
-540942.607562,6,661.386362
-326723.052765,250,666.073589
-502820.704598,5,666.167425
-484712.171259,5,666.265645
401460.142934,250,670.878778
-474415.176161,5,670.962012
-490239.395999,5,671.055665
-558873.714615,6,671.150585
-530104.788205,6,671.267088
-488737.179762,5,671.348844
-607873.630713,8,671.487667
-486168.837207,5,671.57868
-489400.93124,5,671.660454
115835.042953,250,676.51057
-537731.561576,6,676.622558
-611550.570124,8,676.788055
-473613.232663,5,676.886501
-570431.425649,7,677.024495
-553514.232299,7,677.150548
-275760.555453,250,681.875871
-498296.482608,5,681.959277
-787140.662176,10,682.134651
-492579.374962,6,682.245541
-657142.976462,8,682.400986
-604018.434217,7,682.53579
250690.829941,250,687.082917
-495010.371241,5,687.189016
-694932.048603,8,687.359726
698643.949054,250,692.010484
-502405.533833,5,692.11957
-77880.038419,250,696.719151
-488784.723556,5,696.823302
-16091.240781,250,701.498177
-594984.203483,7,701.640841
-655887.314008,8,701.78908
-498049.334935,6,701.900465
-489449.28714,5,702.002041
-479833.592401,5,702.104399
-178022.935717,250,706.916425
-564215.973556,7,707.059127
96696.763477,250,711.650628
-476119.092408,5,711.742819
-482352.137204,5,711.834323
294652.153081,250,716.595267
215529.034166,250,721.573482
-489927.521173,5,721.675834
-593034.469183,7,721.796577
-492386.881375,5,721.89125
-595496.179156,7,722.019557
-494325.598277,6,722.143158
-697744.566646,8,722.298968
-467618.172015,5,722.387116
-496808.435452,5,722.474113
-498776.907512,5,722.593383
162240.654524,250,727.300562
-535448.731049,6,727.400522
-502693.471362,5,727.500577
-506912.441487,6,727.61919
527873.202977,250,732.33658
-602811.068934,7,732.467254
192865.391556,250,737.104439
90846.866087,250,741.761312
-95913.46944,19,742.119545
-478188.266577,5,742.21307
-513860.357769,6,742.324244
-473182.729649,5,742.419899
-147656.790324,250,747.141909
428528.952299,250,751.820138
-478029.795788,5,751.90632
-581698.391916,7,752.030343
-488980.253182,5,752.113391
-655378.755369,8,752.249679
-577128.101517,7,752.374399
-585868.876906,7,752.487579
97798.831928,250,756.955403
-1012772.890148,14,757.265083
-486414.758676,5,757.359063
-685075.382243,8,757.511727
-488160.456005,5,757.602904
-479097.171991,6,757.713411
-592910.606093,7,757.849603
-205056.861972,250,762.627999
-485478.379813,5,762.72126
330678.312952,250,767.464087
-610246.574321,7,767.597146
978115.638999,250,772.114903
-488180.298797,5,772.211221
191007.046889,250,776.905137
-664799.769275,9,777.061514
-530538.06244,7,777.182594
-501433.601501,5,777.272138
-620810.091781,8,777.425444
-495058.586587,6,777.544513
-256346.083994,250,782.171689
1321539.583706,250,786.90299
-837975.128818,13,787.157226
-594372.048743,7,787.29608
-603871.33404,8,787.447572
-563081.437487,7,787.598927
643535.068168,250,792.263051
619404.612122,250,796.931979
-581176.925362,7,797.054563
-494486.15104,5,797.15071
-467700.565925,5,797.23886
149395.390258,250,801.916261
-494882.411784,5,801.998873
-590097.593584,7,802.125666
390531.298616,250,807.075757
-224213.0221,250,811.921751
1651959.283208,250,816.495041
-485500.660822,5,816.582367
-196529.338709,250,821.215418
-779035.272463,10,821.425829
-583096.28175,7,821.546294
-480271.648242,5,821.649699
-476427.482191,5,821.75088
738725.362744,250,826.550159
-643286.527037,8,826.701487
-590869.917635,7,826.846174
-486014.072163,5,826.927844
-494227.776661,5,827.030171
1947531.320493,250,831.764492
717173.613582,250,836.343255
-579866.537665,7,836.473239
-506206.773821,6,836.595007
-500184.099187,5,836.688703
-557157.161113,6,836.799717
-589159.924523,7,836.931828
-581769.701056,7,837.06475
-529851.410699,7,837.202631
690283.536908,250,841.826634
-526809.334109,6,841.926592
-482518.905126,5,842.019393
-544445.976369,7,842.170536
599214.666698,250,846.778295
-487614.277371,5,846.858955
-605513.276246,7,846.992074
-502974.768199,6,847.100694
-457806.199929,5,847.194045
-97891.526924,25,847.689442
-499556.300408,6,847.802218
-501622.107759,5,847.90341
-496951.647949,5,848.005133
-491574.301466,5,848.1031
-486459.350939,5,848.204739
-599868.506885,7,848.3319
100017.688885,250,853.219003
-557962.130337,7,853.364349
1312721.273585,250,858.175086
-462361.132415,5,858.25759
-668482.104416,8,858.407053
-496638.773448,6,858.504135
1993705.545998,250,863.021402
434575.86151,250,867.711474
-594121.743857,7,867.842891
-617554.226848,7,867.984099
-232679.090206,250,872.78079
-655728.98993,8,872.931989
-602522.208429,9,873.117399
-545881.94368,6,873.234569
-580297.059072,7,873.373544
-816389.962909,12,873.634822
-477722.154435,5,873.726783
-483865.224616,5,873.825401
-477940.936719,5,873.918904
340140.736384,250,878.679966
-535222.95714,6,878.786057
-491109.307442,5,878.880199
-706514.619933,9,879.054441
1204282.848924,250,883.885612
1952374.069917,250,888.579617
-486134.695604,5,888.677032
-599324.050937,7,888.812028
-502225.803161,5,888.905471
-490709.627999,5,889.006456
284822.696411,250,893.796578
1419743.069296,250,898.551515
-570656.278311,7,898.681885
-601781.286011,7,898.810309
-604404.221571,8,898.974196
-478580.79907,5,899.061201
-502383.902213,5,899.161684
-549819.008776,6,899.268558
-526948.718255,6,899.364114
-446333.699946,5,899.477867
-502605.029499,5,899.561665
-532024.624047,6,899.666348
667444.632649,250,904.216116
1055971.037641,250,908.870377
-496119.354998,5,908.963034
-666806.695047,8,909.131019
-501698.881689,5,909.225339
2908.828921,250,913.813234
-514424.682588,6,913.921579
-476478.194014,5,914.027492
-538147.920986,7,914.156211
-486232.152473,5,914.255497
-581239.736242,7,914.394976
-107933.868698,9,914.574318
1100168.816525,250,919.224428
2246789.620374,250,923.937543
-491109.112565,5,924.029963
822165.439164,250,988.996201
-552663.345839,7,989.126175
-211004.447773,250,993.940678
921963.185249,250,998.554481
452991.467206,250,1003.195142
-485435.262157,6,1003.297746
1257479.01709,250,1007.891021
-491160.404723,5,1007.987273
1225088.007155,250,1012.577634
-468811.804777,5,1012.676695
3312732.174393,250,1017.534015
1359164.925715,250,1022.179393
-488302.848507,6,1022.270651
-432085.892219,250,1026.85908
-481399.938707,5,1026.968706
-628134.923617,9,1027.141562
-497467.733717,5,1027.250644
-487966.591258,5,1027.334377
-488357.817799,6,1027.467827
-664535.612934,8,1027.611791
-573116.333316,7,1027.755875
-496297.786754,6,1027.86047
-485364.26542,5,1027.953468
2884187.270879,250,1032.64612
570796.440516,250,1037.229921
170054.07425,250,1041.843772
-481783.064094,5,1041.925214
-529522.466062,6,1042.047682
-502785.889209,5,1042.153962
1720499.843913,250,1046.801929
-488064.406713,5,1046.889316
-494489.29996,5,1046.979973
-607532.324557,7,1047.101895
220409.241321,250,1051.808971
-492291.886642,5,1051.910606
1116730.296061,250,1056.660592
-550466.442088,7,1056.802248
-608794.487296,7,1056.94332
-495309.013896,5,1057.066759
-490053.429621,5,1057.174082
2695961.533231,250,1061.838092
-485639.538863,5,1061.919562
-501154.30176,5,1062.010903
-889873.141852,13,1062.253996
-477278.186363,5,1062.369042
-647232.672617,8,1062.545929
-501620.699409,5,1062.640583
-490799.483908,5,1062.736565
-498430.709503,5,1062.820089
1655488.555927,250,1067.47123
657965.632035,250,1072.270451
1101202.120618,250,1077.003308
-488144.246702,6,1077.126293
1551467.852148,250,1081.861679
-598770.332338,8,1081.994966
-603292.880322,7,1082.128227
1799015.016713,250,1086.844542
-131128.110747,22,1087.26612
-497368.6571,5,1087.353855
-489829.449685,5,1087.455861
-636315.263705,7,1087.583079
1483040.602371,250,1092.284244
199404.389423,250,1096.99914
1917562.149685,250,1101.697686
-481329.287921,5,1101.779575
-485285.499844,5,1101.870218
1934979.155256,250,1106.570103
3453990.664785,250,1111.265346
-499427.886947,5,1111.364191
-592233.190993,7,1111.503708
-488474.477927,5,1111.60293
-822272.385715,10,1111.790695
1504793.63628,250,1116.441417
-467478.207002,5,1116.528893
1691371.731943,250,1121.297843
4028309.617978,250,1126.04217
-662906.718877,8,1126.207055
-637523.567507,8,1126.363159
596571.615634,250,1131.154465
2691088.309641,250,1135.840812
-592627.364555,7,1135.989948
-489795.075566,5,1136.081709
1754561.199071,250,1140.732899
-486277.667018,5,1140.822795
-680839.748906,9,1140.977337
-463181.276728,5,1141.06609
3526010.297907,250,1145.678249
-494977.585277,5,1145.771697
-495034.691929,5,1145.874288
1073575.156445,250,1150.530837
2719877.865713,250,1155.150385
-595276.39483,7,1155.270919
-515262.52432,6,1155.375887
-611142.516065,7,1155.491934
-496169.120185,6,1155.609668
-488964.805079,5,1155.703222
-493402.516934,5,1155.808402
584393.373499,250,1160.422688
-547886.502177,7,1160.54493
343937.408284,250,1165.212961
-571237.033233,7,1165.332407
-502477.985984,5,1165.445061
-498093.078397,5,1165.536029
-497926.74775,5,1165.627248
-487181.107515,5,1165.719301
-557223.176722,7,1165.876347
-484654.810876,5,1165.971129
1872649.642847,250,1170.667149
1144026.347409,250,1175.332715
-587099.261352,7,1175.452647
-695144.111232,8,1175.615022
-488103.536066,5,1175.721378
-478913.980973,5,1175.831258
1776011.416812,250,1180.547163
-488855.9741,5,1180.639465
-540861.045044,6,1180.760341
-580193.77891,7,1180.879854
-482905.939972,5,1180.962676
-153733.251344,11,1181.154718
-491197.076189,5,1181.260193
-500445.232163,5,1181.366289
2561791.161972,250,1186.111398
-487961.96175,5,1186.208095
812897.52075,250,1190.995128
-496543.126144,5,1191.099457
1475175.119176,250,1195.883979
-461575.984461,5,1195.965248
-546933.557236,7,1196.083189
3292721.51897,250,1200.626271
-495472.460899,5,1200.726854
-477561.586601,5,1200.828132
-502242.008808,5,1200.92043
-485930.436539,5,1201.002254
-497867.399511,5,1201.112992
-502813.91063,5,1201.213641
-577209.070406,7,1201.347172
-484972.314612,6,1201.477049
-484090.316232,5,1201.577557
2756655.632777,250,1206.213035
-527518.668697,6,1206.316822
-543235.864273,6,1206.425314
-484966.768067,6,1206.528672
2549407.610434,250,1211.05398
-583608.631504,7,1211.184015
2086373.363893,250,1215.90964
-339672.24332,20,1216.280189
-488610.422667,5,1216.369569
-484515.705925,5,1216.46134
-488857.418518,5,1216.58222
-610253.249612,8,1216.728068
-499190.2837,5,1216.819654
885636.464696,250,1221.606787
-936855.176786,11,1221.79977
-496248.472813,5,1221.888935
-489376.081881,5,1221.971551
-484766.963249,5,1222.061579
7417379.868695,215,1226.122839
-585810.033242,7,1226.246664
-575054.680346,7,1226.363144
-496516.174552,5,1226.463353
-551826.359818,7,1226.578413
-566313.016459,7,1226.726726
-495901.486272,5,1226.828258
-563705.182505,7,1226.963829
-491586.275044,5,1227.062681
1273914.621434,250,1232.061638
-500348.083932,6,1232.176921
2197478.869681,250,1236.895724
-119297.831563,18,1237.276514
-491176.19733,5,1237.376597
5450677.595107,57,1238.471658
-557087.45609,7,1238.607345
842019.21364,250,1243.354085
-474022.542089,5,1243.450115
-576871.41094,7,1243.567756
2445099.556723,250,1248.264186
-145147.97809,14,1248.539214
-500805.657447,5,1248.629934
-483998.270141,5,1248.739632
-146152.425243,24,1249.148045
-656886.881606,8,1249.305334
-599945.242745,7,1249.428345
-457407.108375,5,1249.530311
1297966.485359,250,1254.40133
-564886.146547,7,1254.528502
3625347.098781,250,1259.090433
5233844.217242,57,1260.217294
-487676.896347,5,1260.312545
-469015.396067,5,1260.415333
-488937.408599,5,1260.518975
-592295.496889,7,1260.662948
1719344.898726,250,1265.380643
2623019.992318,250,1270.028329
1483994.255947,250,1274.747032
-489878.931885,5,1274.838959
-467544.585,5,1274.926256
-591494.575006,7,1275.061019
2767713.034346,250,1279.960118
-473296.85112,5,1280.060518
-493633.373817,5,1280.143981
3404013.053656,250,1284.717978
-607822.401578,7,1284.839842
-661059.393251,8,1284.995579
-532300.021925,6,1285.104507
-496845.506884,6,1285.224015
-546469.103365,7,1285.354939
-466384.352893,5,1285.456996
-483432.150627,5,1285.552176
-498697.258248,6,1285.666042
-484695.530459,5,1285.750575
-590248.821828,7,1285.889691
-896862.911459,11,1286.094002
3272943.388755,250,1290.87446
-559868.168916,7,1290.998287
842065.957366,250,1295.73909
-497855.118369,5,1295.836891
-482937.224494,5,1295.944756
-583480.74392,7,1296.071561
-594674.200546,7,1296.192194
-445811.681708,5,1296.298616
3471082.266448,250,1301.145541
-575429.512379,7,1301.276183
1064330.031723,250,1306.034754
-593954.952288,7,1306.16201
-554861.520242,7,1306.301055
3098778.508243,250,1311.020529
-543286.333517,7,1311.137233
1076244.412902,250,1315.755095
2815404.173884,250,1320.526115
-620404.857123,7,1320.645693
-502977.364834,5,1320.748712
-550703.606003,6,1320.874265
-531692.726327,6,1320.992774
-501090.047424,5,1321.087211
-600266.208783,7,1321.217865
-559462.852983,6,1321.328957
-772436.351545,9,1321.517536
2077925.235496,250,1326.264091
-464841.985152,5,1326.348357
-501645.52576,5,1326.450566
-502861.176393,5,1326.549222
3649175.163007,250,1331.207596
1894294.885188,250,1335.900882
-468973.896956,5,1336.005352
-468912.512171,5,1336.098886
3224329.506729,250,1340.900836
-495028.7656,5,1340.983604
-502247.99755,5,1341.077912
2037988.145022,250,1345.963598
-508556.726381,6,1346.077815
2419920.538088,250,1350.791032
-488672.424029,5,1350.884215
-530527.755097,6,1350.998954
3832424.067656,250,1355.588559
-478299.041557,5,1355.671596
3377042.818322,250,1360.485969
-554542.810413,6,1360.616572
-596183.640273,7,1360.754214
1936362.784995,250,1365.662133
2430032.12146,250,1370.499463
-494895.154266,5,1370.610065
-495573.867175,5,1370.712731
2996343.620953,250,1375.457018
-575699.325176,7,1375.589991
-490208.875513,6,1375.702777
-493817.089031,5,1375.801566
-514984.3353,6,1375.925616
-494950.413954,5,1376.014942
-495553.243253,5,1376.107578
-481849.010311,5,1376.207382
-490122.394144,5,1376.300409
2762240.934839,250,1380.923296
3476259.683656,250,1385.51545
-630630.918317,8,1385.655839
2776431.381589,250,1390.348757
-485467.095795,5,1390.437018
2693995.664432,250,1395.252304
2175127.157376,250,1399.873604
-686985.384208,10,1400.052028
-475680.499491,5,1400.133693
-525983.338941,6,1400.246005
2903314.092696,250,1404.936321
1762371.240141,250,1409.698239
-502904.982773,6,1409.800378
-469163.876655,5,1409.882405
-478626.780242,5,1409.975295
-573979.911345,7,1410.113301
-484644.384087,5,1410.214087
-494765.783902,5,1410.29748
-490338.261025,5,1410.406292
-500088.002943,5,1410.494052
-477107.343478,5,1410.586436
2276348.914253,250,1415.189547
2786730.325494,250,1420.16282
3082990.530067,250,1425.00906
-542593.126781,6,1425.124166
8604160.534523,226,1429.405645
2508167.883679,250,1434.287151
2695278.329381,250,1438.989625
-661499.679726,9,1439.182525
-636654.037134,7,1439.315334
-617567.90818,7,1439.452681
2892227.446975,250,1444.17211
-594145.994547,7,1444.292251
-576971.507111,7,1444.418772
2101648.704715,250,1449.050263
3185600.132591,250,1453.880214
-503297.692718,5,1453.963076
-489300.824263,5,1454.06261
-482052.717659,5,1454.155396
2146071.983335,250,1458.829752
-541635.753694,6,1458.951645
-658258.858593,8,1459.112502
-484628.433529,5,1459.212938
-597525.326838,7,1459.352431
-649084.814744,8,1459.498392
3866494.449275,250,1464.148375
1755671.098944,250,1468.862952
410457.775732,250,1473.604298
-813965.642819,13,1473.870498
-595770.199052,7,1473.995722
2364321.183807,250,1478.780443
2868024.344853,250,1483.477174
-461136.412606,5,1483.583229
3340142.386109,250,1488.173221
6523247.661639,165,1491.156331
-495427.443595,5,1491.255208
-564042.951029,7,1491.388513
-556776.155033,7,1491.515932
1721595.993674,250,1496.311243
-492960.978747,5,1496.401775
-552959.167462,7,1496.531587
-627398.700284,7,1496.675514
-487973.780815,5,1496.766082
-611975.508181,8,1496.919564
-523680.457412,6,1497.038893
-476384.658449,5,1497.130152
-637987.075088,7,1497.254154
-675025.665653,8,1497.411783
-504088.320161,6,1497.525758
1927386.89944,250,1502.297304
1717309.596168,250,1507.036419
-483783.064446,5,1507.130273
1972014.378801,250,1511.911651
-501521.19442,6,1512.034464
-594790.530915,7,1512.161899
5600861.021152,59,1513.276299
-528164.039139,6,1513.390733
3474233.196195,250,1518.109719
3522527.010664,250,1522.973679
3307853.618073,250,1527.854744
-495997.188641,5,1527.948401
3989255.327673,250,1532.638607
-542002.55649,7,1532.777735
-488167.262889,5,1532.864708
-486330.858302,5,1532.958453
-651542.868279,9,1533.115263
1691498.306091,250,1537.952733
-487613.631172,5,1538.054522
-491716.923422,5,1538.154715
3759641.975923,250,1543.019079
-542036.155704,6,1543.140539
-606380.181807,7,1543.263783
-486206.345384,5,1543.364374
-681974.259463,9,1543.531565
-495522.477375,5,1543.620121
-559329.704057,7,1543.743348
5248162.102475,38,1544.466999
-479910.945678,5,1544.553696
3077192.49907,250,1549.321827
4065110.089946,250,1554.119307
3221546.04119,250,1558.80673
-481824.688585,5,1558.901191
-487722.556925,5,1558.994044
-486288.371857,5,1559.10134
-550891.460842,6,1559.208821
-475540.309276,5,1559.290949
-106868.148403,12,1559.52702
-494560.577715,5,1559.623198
1963873.082665,250,1564.346273
-494804.761115,5,1564.442458
-549229.781935,7,1564.605668
-484011.945747,5,1564.697629
-463378.504108,5,1564.789029
-486535.223241,5,1564.870254
-485383.471527,5,1564.964742
2564840.048283,250,1569.541605
2209749.577083,250,1574.21173
-488568.339728,5,1574.312395
3069672.140029,250,1579.146763
3900730.176777,250,1583.829599
-602961.093256,7,1583.958308
1822478.998315,250,1588.575158
6426504.729798,130,1591.036389
3082231.659529,250,1595.776118
-558343.844514,7,1595.889582
3347815.604429,250,1600.735943
-566861.112178,7,1600.880995
4297301.037333,250,1605.503089
3813160.29451,250,1610.278972
-622286.826448,8,1610.420876
2843763.776816,250,1615.147768
6716329.32908,120,1617.349301
3302784.721724,250,1622.005523
-667247.600588,9,1622.167003
-596888.858412,7,1622.29559
2691683.643501,250,1627.026557
3615293.063973,250,1631.702925
-593039.867663,7,1631.838182
-487740.197159,5,1631.929907
2740929.142474,250,1636.682344
-489365.477414,5,1636.775219
-508112.467071,6,1636.889221
-490588.739787,5,1636.972484
-486926.59728,5,1637.057187
-583764.557236,7,1637.212419
-494634.14854,5,1637.29575
-518579.056854,6,1637.416794
3897824.367616,250,1642.00439
2965179.141813,250,1646.602289
2386290.530723,250,1651.305537
-601794.207693,7,1651.416457
-494266.796615,5,1651.509045
1507839.086441,250,1656.204688
-498212.811228,5,1656.291422
2620864.919158,250,1661.260906
-484896.387921,5,1661.36323
2617036.870737,250,1666.178007
-532685.981423,6,1666.296725
-490373.26546,5,1666.388766
-608710.424304,7,1666.520767
3497443.617269,250,1671.285348
-644916.551968,8,1671.441144
-567561.856926,7,1671.574293
-502784.540027,5,1671.682605
2862588.400771,250,1676.459355
-460819.056359,5,1676.560817
-497626.935547,5,1676.656704
2792834.694021,250,1681.388963
-477809.374606,5,1681.488865
-487760.490567,5,1681.591949
1850405.255813,250,1686.219227
-619399.398747,8,1686.377872
-487042.963741,5,1686.48229
-670114.553398,9,1686.636083
-502230.965429,5,1686.732486
3862056.976585,250,1691.499026
3103378.540617,250,1696.29393
-548418.972403,7,1696.424743
8950119.676509,243,1700.974119
-487029.924049,5,1701.064634
-512510.214161,6,1701.176646
-491223.03461,5,1701.267991
3470307.995861,250,1705.95794
-536113.195685,7,1706.078463
-713561.192898,9,1706.244251
3237048.210615,250,1710.988755
-479008.716932,5,1711.087881
3000089.495343,250,1715.858157
-561301.146288,7,1715.998974
-490101.294863,6,1716.124276
-504984.219678,6,1716.241724
3097728.286345,250,1720.87553
-479800.870289,5,1720.956628
4484237.952392,250,1725.74972
-490439.109445,5,1725.832578
-496912.389548,5,1725.933323
-491041.713342,6,1726.055413
-498060.173047,6,1726.167135
3194539.726778,250,1730.991571
2294907.072564,250,1735.704576
-502578.489908,5,1735.791594
-546915.133228,6,1735.88618
-515896.262709,6,1736.011426
-580673.048443,7,1736.140721
-601634.474794,7,1736.286112
-490532.839935,5,1736.383185
2830184.07433,250,1741.219871
-472257.604054,5,1741.31179
4168323.078062,250,1746.122386
-502089.372909,5,1746.208778
-493520.117985,5,1746.311523
-469051.741144,5,1746.412417
-623842.271231,7,1746.542194
-463317.541157,5,1746.634109
-493610.072433,5,1746.738197
-501435.909775,5,1746.828075
-486549.460924,5,1746.916469
2129840.826453,250,1751.538877
3513529.062946,250,1756.278784
3826838.870489,250,1760.920068
-680723.716958,9,1761.078007
-584905.000995,8,1761.218497
-486600.525277,5,1761.314479
-560400.750881,7,1761.430738
3068055.061575,250,1766.080164
-463440.141901,5,1766.166785
-620963.471471,8,1766.306162
-131231.203588,13,1766.530105
-480291.922265,5,1766.630207
-554971.874561,6,1766.75083
-502811.797286,5,1766.83181
-501612.215558,5,1766.933438
-591666.863142,7,1767.076418
-546608.617575,6,1767.198486
5668032.654213,61,1768.346677
-501420.401126,5,1768.432247
2776193.854543,250,1773.151128
-502818.269492,5,1773.243915
6619497.751277,124,1775.562872
-582216.373262,7,1775.691086
-469227.47742,5,1775.795107
1579441.293819,250,1780.569395
-603032.402315,7,1780.684493
3918418.354301,250,1785.410968
-476385.222365,5,1785.503229
5337186.198006,121,1787.778241
-483072.965111,5,1787.882885
2776527.017551,250,1792.536413
4195968.978017,250,1797.217338
7030240.315799,134,1799.887936
2443857.514287,250,1804.676576
-650009.509634,8,1804.814142
-670578.704041,8,1804.94866
-654034.48881,7,1805.071286
3578144.504288,250,1809.709133
-605802.292317,8,1809.876448
-618668.432907,8,1810.034117
-495812.919773,5,1810.14017
5814731.114533,63,1811.362077
1998705.373545,250,1815.945211
-476921.228061,5,1816.048121
-503230.723498,6,1816.165469
3304606.133985,250,1820.871446
3199594.003711,250,1825.653422
-497610.066542,5,1825.753795
-558365.443049,6,1825.869604
2011815.068136,250,1830.554333
-461792.652925,5,1830.640161
-485188.685982,5,1830.73563
-494164.768158,5,1830.828625
3260994.786573,250,1836.098431
-592988.470913,7,1836.261114
-491325.322898,5,1836.365518
-590934.296987,7,1836.503904
6750370.34456,173,1839.941254
-490507.528361,5,1840.036521
2376010.362672,250,1844.813714
-511688.444706,6,1844.925944
-614314.404485,8,1845.072874
-535807.546665,6,1845.196295
-495091.717391,5,1845.300952
-491598.899216,5,1845.392897
-545737.150326,6,1845.51109
6448576.456252,125,1848.007415
-482724.327082,5,1848.098887
5987049.005714,73,1849.421734
-502796.871294,5,1849.515079
-590790.23207,7,1849.643053
-517713.729999,6,1849.758617
-567056.544791,7,1849.902873
-483301.868452,5,1849.997804
5267769.42581,51,1850.964052
3376218.642837,250,1855.711802
-605956.045598,7,1855.836002
-469545.825608,5,1855.932243
-486416.148275,5,1856.0312
3704804.762471,250,1860.771057
-557393.816253,7,1860.915747
-617862.729156,8,1861.073256
-488580.795738,5,1861.170269
-609722.228302,7,1861.313125
-483709.80321,5,1861.404584
-492117.142207,5,1861.510848
-469070.74272,5,1861.598634
-473948.380374,5,1861.703362
-483301.101473,5,1861.807778
2063901.694451,250,1866.619431
-534399.936331,6,1866.734493
5677263.784649,80,1868.272151
1947894.639413,250,1873.096579
4218876.589046,250,1877.963251
-165595.059104,18,1878.344463
3305518.939797,250,1883.426194
-489796.156798,5,1883.521703
-490555.770895,5,1883.61766
-692411.719457,8,1883.772392
-497149.624624,5,1883.886193
-478489.398498,5,1884.002558
-488234.57696,5,1884.112588
3133827.939965,250,1888.996955
-604955.451078,7,1889.122606
-638490.176682,8,1889.274555
3292297.391943,250,1894.141044
2676779.513052,250,1898.800612
7294760.85451,135,1901.481572
5163161.158687,53,1902.714505
-507055.478555,6,1902.843939
-460896.708756,5,1902.967682
-493835.891836,5,1903.092802
-567716.49059,7,1903.229804
3953625.788847,250,1908.123729
3903790.055424,250,1912.899006
4427285.024129,250,1917.617992
5979056.717073,67,1918.855858
-450487.844062,5,1918.952528
-552343.432546,7,1919.090708
-581672.347099,7,1919.213999
-488070.413527,5,1919.300906
3414765.746162,250,1924.01529
-547705.035569,6,1924.117262
2732980.727794,250,1928.942534
-588556.617042,7,1929.073264
5572352.921798,63,1930.317634
6216663.680539,106,1932.392096
2121019.168495,250,1964.853795
-493535.952175,5,1964.955663
-502800.328264,5,1965.038867
-144960.801508,12,1965.238593
3690892.755715,250,1970.059543
5657240.307212,68,1971.361121
-469327.711126,5,1971.452084
-613222.128088,7,1971.601439
-489754.217727,5,1971.680409
2971208.5845,250,1976.284193
3935438.591862,250,1981.061433
8272946.075366,215,1985.084176
-488671.888962,5,1985.171301
2811133.47032,250,1989.989501
-505961.618815,6,1990.102322
-491762.854512,5,1990.197286
3499861.612676,250,1994.928007
2783851.252605,250,1999.615882
3251639.187456,250,2004.367603
-611718.333802,8,2004.519315
2194594.816352,250,2009.119804
-483999.221145,5,2009.198157
-623337.583864,8,2009.349422
7497936.959014,153,2012.12493
-491129.758562,5,2012.22481
-490079.987465,5,2012.302684
3180840.756573,250,2017.122404
-497112.050349,5,2017.218497
-585734.034563,7,2017.345856
-496738.803711,5,2017.428505
-558155.19213,6,2017.544055
-635383.296336,8,2017.681893
-495102.29424,5,2017.764921
-622460.412783,8,2017.906586
-488070.025465,5,2018.001262
3552782.534846,250,2022.61749
-474146.256706,5,2022.715357
-529659.736958,6,2022.839285
-481147.348646,5,2022.921539
-502535.999573,5,2023.024782
-484005.177121,5,2023.155921
-596091.780826,7,2023.290922
3293841.955461,250,2027.976974
-142073.342779,22,2028.382493
-505433.000207,6,2028.49278
-552319.079308,6,2028.610749
-490401.870144,5,2028.691212
2700793.753111,250,2033.426459
-490543.726617,5,2033.529289
-607147.873539,7,2033.683253
2695057.837503,250,2038.359817
-616447.857623,7,2038.492967
4116910.319457,250,2043.244557
2976455.742089,250,2047.869137
-450013.562204,5,2047.963626
-598694.09957,7,2048.093916
-486925.228029,5,2048.201265
-540815.043076,6,2048.317505
-499420.345127,6,2048.429791
-570668.022611,7,2048.562962
-121035.494076,18,2048.916917
-598644.50514,7,2049.062552
5975973.304765,64,2050.247514
-502619.618873,5,2050.333416
-511378.127536,6,2050.446553
3900415.008645,250,2055.156482
-629698.181575,8,2055.294653
5238620.619773,52,2056.352224
-500409.489351,5,2056.447878
-468956.473473,5,2056.550354
-499577.182924,5,2056.660108
-618371.718641,8,2056.810476
-546770.201745,6,2056.926107
-576287.67445,7,2057.057171
2678001.521643,250,2061.907176
-486542.001266,5,2062.024262
-579643.956755,7,2062.146075
-493107.643426,5,2062.238588
6310846.475456,120,2064.441423
4332091.72203,250,2069.25657
-527305.418736,6,2069.35945
-481519.447465,5,2069.44258
6117066.521252,67,2070.639
-490930.469099,5,2070.753063
-634630.104647,8,2070.910645
-564574.679361,7,2071.051383
-491757.862713,5,2071.161886
3795292.761077,250,2075.689474
-528941.14022,6,2075.79614
-492579.526755,5,2075.889221
-487513.612881,5,2075.999126
-486185.092017,6,2076.120125
-472676.734463,5,2076.223372
-605798.926697,8,2076.367471
-543330.49029,7,2076.503923
3193733.055258,250,2081.271601
-489445.549017,5,2081.354797
-478656.463785,5,2081.453464
-517980.240513,6,2081.542212
-492709.054899,5,2081.640249
3627916.769873,250,2086.425128
1858672.357633,250,2091.223907
8169764.236554,206,2095.173318
-498404.492041,6,2095.280562
-626275.101554,8,2095.452307
-457164.511703,5,2095.553642
-605767.463838,8,2095.685661
-479104.510642,5,2095.781295
-652763.001258,8,2095.943345
-667626.995421,8,2096.104595
5957960.338425,55,2097.137875
-609397.571199,7,2097.279439
3799407.410637,250,2102.077815
-490644.515259,5,2102.157266
-475012.169312,5,2102.245777
5797684.295309,71,2103.558654
-492036.314377,5,2103.661382
-471687.422773,5,2103.755763
-563112.593794,6,2103.8589
-491997.862888,6,2103.972876
-489812.610643,6,2104.074689
-608703.026924,8,2104.222484
5239188.82149,38,2104.91114
-501473.175888,5,2104.999714
2872750.248786,250,2109.59132
-611238.030019,7,2109.709137
2863531.831948,250,2114.521151
-549901.850528,7,2114.643464
-486379.977153,5,2114.741425
-526357.387425,6,2114.851939
3678135.648004,250,2119.626302
-548786.368504,7,2119.777741
6142438.546652,69,2121.109272
-510569.786623,6,2121.222708
-533758.075281,6,2121.333035
-877092.975867,12,2121.564161
3382467.14784,250,2126.273325
2961863.440058,250,2131.005136
-457120.657061,5,2131.09061
-499025.686886,5,2131.184578
-480229.476767,5,2131.280837
-596540.027498,7,2131.424366
-490262.260042,5,2131.513563
-482772.535318,5,2131.60649
2923639.558489,250,2136.312299
2757198.073972,250,2140.95836
3334092.528408,250,2145.754705
-598935.101748,7,2145.893339
-486849.57306,5,2145.996551
-475430.875814,5,2146.109018
-607826.690232,7,2146.244796
3729562.151603,250,2150.949408
-490051.423824,5,2151.0521
-460321.139196,5,2151.145996
5414541.276878,61,2152.30413
-487108.754435,5,2152.396519
-496218.7733,5,2152.496559
-626053.721122,9,2152.677286
-491840.466689,6,2152.789024
-652110.995841,8,2152.941263
3498488.519887,250,2157.614915
8638889.323184,229,2161.979393
3658717.547609,250,2166.755152
-450518.468292,5,2166.846199
6715651.618363,157,2169.800638
-609374.579012,8,2169.943688
-500826.992848,5,2170.031542
4016888.914466,250,2174.654021
-489254.215674,5,2174.738117
3593660.462618,250,2179.48271
-511964.208794,6,2179.596407
-514333.341248,6,2179.708197
947088.576342,250,2184.300029
-483562.74134,5,2184.394813
3161258.076096,250,2189.110795
3344272.74441,250,2193.749804
-436981.538316,5,2193.849354
-484147.857799,5,2193.957627
-664308.489992,8,2194.124493
-474368.793432,5,2194.228068
-498810.547933,5,2194.318866
-507615.72286,6,2194.453341
-488445.723372,5,2194.564427
3787025.909159,250,2199.460074
-502639.707973,5,2199.562999
-488572.180771,5,2199.66534
-545612.631784,6,2199.779731
-501231.884692,5,2199.868273
-569096.478141,7,2199.998829
-482508.321423,5,2200.11476
6716120.960919,95,2201.890088
5231327.46134,34,2202.582563
5756577.811015,51,2203.494226
-486168.708376,5,2203.583848
-540965.897373,7,2203.698269
-552809.525227,6,2203.809707
1975087.919244,250,2208.533926
-492550.287561,5,2208.634722
-498767.788649,5,2208.722331
5059254.682384,61,2209.786739
-104568.52765,9,2209.979966
-596223.246863,7,2210.129061
-671526.60697,9,2210.296056
-494774.69404,5,2210.383945
5352289.266582,32,2210.937271
-622038.316404,8,2211.088934
-502356.011959,5,2211.170985
-479741.812175,5,2211.262698
-463811.907329,5,2211.35375
1941526.773293,250,2215.994123
6653917.153549,113,2218.07739
4547027.299858,250,2222.777107
-565021.777401,7,2222.910932
-502259.296528,5,2222.999384
5851406.041868,54,2224.020334
-458778.352911,5,2224.119924
3633415.235014,250,2228.811752
-501237.460362,6,2228.923353
4286110.63625,250,2233.702518
3315634.961938,250,2238.364316
4008641.70196,250,2243.048352
-479265.699604,5,2243.149934
-681521.716941,9,2243.331988
4060936.534044,250,2248.242079
-587439.959642,8,2248.405481
-494848.18371,5,2248.493035
5832816.923132,69,2249.828647
-488101.092164,5,2249.930245
-485212.865947,5,2250.020419
-652501.993878,9,2250.190496
-529470.167749,6,2250.294484
4576977.990469,250,2254.88947
-531430.125857,6,2254.995461
-575250.466054,7,2255.143225
-506255.930164,6,2255.260927
5275897.53279,104,2257.23577
-458695.170639,5,2257.328024
3498708.05608,250,2262.12956
-466766.335959,5,2262.208118
-591700.5081,7,2262.34569
-487657.057729,5,2262.460571
-502813.075418,5,2262.555943
-514174.830907,6,2262.682986
-555934.643028,7,2262.807777
7437975.06559,180,2266.075682
-494983.934573,5,2266.186305
5042100.083718,40,2266.948468
-486260.195122,5,2267.065304
-496222.146227,5,2267.17804
2020763.52155,250,2271.843624
-481668.153654,5,2271.935784
-606821.250922,7,2272.091031
-485267.58226,5,2272.194048
-462784.830937,5,2272.284446
5363867.326717,31,2272.856072
4063100.329881,250,2277.783309
-633183.099849,8,2277.936458
5172400.974589,36,2278.702488
-627886.490032,8,2278.85327
-483668.985689,5,2278.932435
-468854.611838,5,2279.026218
-595107.867282,7,2279.150547
3951133.902463,250,2283.901072
-489436.841796,5,2283.979588
-599987.46749,7,2284.109416
6831699.055172,156,2287.088491
-497006.736736,5,2287.180136
3550678.499167,250,2291.970029
-621277.862672,8,2292.129012
5592298.876606,35,2292.768129
-485564.957434,5,2292.865384
-486899.296203,5,2292.963064
-560030.081017,6,2293.087661
-583728.170286,7,2293.227954
-558584.761011,7,2293.362743
-573161.838927,7,2293.499187
2774434.747214,250,2298.286014
-557051.296728,7,2298.417536
-481082.966911,5,2298.520962
-482510.113753,5,2298.63007
-622975.402322,8,2298.770435
-538010.508147,6,2298.881275
-489286.666085,5,2298.979027
-495622.175761,5,2299.077716
7780351.504461,152,2301.925134
3684684.092316,250,2306.588454
5243779.374006,59,2307.640409
-496857.807206,5,2307.738337
-474581.516962,5,2307.838739
-531954.010358,6,2307.931992
5399803.835902,25,2308.364025
-540382.663272,6,2308.488832
-469790.017035,5,2308.583509
-598088.701245,7,2308.70399
-621701.12053,8,2308.854033
6689624.512481,99,2310.676618
-490376.303112,5,2310.764464
3919758.985433,250,2315.452232
-495862.157618,5,2315.555621
-496167.572968,5,2315.656729
-494182.979563,5,2315.75546
-466429.28708,5,2315.83855
819007.789411,250,2320.661591
-503417.558843,5,2320.755077
3171899.485429,250,2325.41698
-500404.599146,5,2325.500142
-547153.451224,6,2325.598369
-481868.197224,5,2325.680967
-489514.560392,5,2325.76452
3379717.966469,250,2330.505126
3725978.040653,250,2335.260089
-460216.424918,5,2335.38092
2221054.248504,250,2340.056984
-487344.416651,5,2340.17528
2579435.890837,250,2344.906152
-602824.882986,7,2345.026782
5381271.526387,26,2345.546273
8684369.766346,207,2349.489115
5672915.697396,77,2351.002078
-506697.643026,6,2351.124744
-488728.959326,5,2351.219075
2969019.666904,250,2355.893097
-469780.777028,5,2355.974782
-591040.366708,7,2356.100386
6119953.739438,81,2357.649374
6185419.305272,72,2358.972207
-488076.49133,5,2359.065289
-489646.133767,5,2359.16884
-552973.207287,7,2359.307661
6690137.051521,184,2362.832628
-664189.699838,8,2362.970669
5203206.164915,49,2363.844082
-488920.180075,5,2363.946466
-604250.380483,7,2364.092121
-493011.761391,5,2364.190189
3155086.914321,250,2368.682523
-677429.185337,10,2368.86394
-559454.97392,7,2368.983624
-602652.447212,7,2369.096456
5111574.042608,42,2369.863332
-501333.138012,5,2369.957601
-596231.982569,7,2370.092154
-485499.357259,5,2370.20326
6670432.460055,105,2372.282536
-594037.293569,7,2372.408882
-553220.085592,6,2372.524585
-486674.65932,5,2372.626572
3186090.739707,250,2377.275808
5844768.759683,46,2378.07796
5289258.608587,31,2378.625782
-584517.475468,7,2378.750698
2775660.840029,250,2383.463559
-474190.645477,5,2383.566453
3859281.391102,250,2388.277864
-518077.760274,6,2388.385667
-570652.74053,7,2388.505192
-479545.528487,5,2388.587317
-627351.25679,7,2388.705783
8752760.440839,224,2392.869664
-576477.448464,7,2392.993999
-473892.033041,5,2393.097856
-550325.7849,7,2393.229195
-488300.921162,5,2393.312303
-486846.670188,5,2393.401488
-489227.910743,5,2393.483932
-468804.255013,5,2393.589585
-489150.006586,5,2393.677531
7109922.679012,151,2396.535561
5579151.682321,38,2397.281388
-486401.682682,5,2397.381996
5319726.940763,54,2398.411485
-599447.329647,7,2398.53528
5185640.349582,33,2399.126094
-492658.839452,5,2399.244994
3749797.784533,250,2404.068201
1665213.15026,250,2408.76748
-440717.333187,5,2408.857314
5277299.135135,31,2409.447706
-544070.198579,7,2409.580304
-497101.509516,5,2409.661013
-569067.844516,7,2409.801983
-495431.575193,5,2409.887024
-503057.275453,5,2409.990771
3155648.272054,250,2414.702258
3285570.724887,250,2419.467302
5249735.423456,34,2420.104001
5460013.093263,29,2420.664723
-615103.021345,8,2420.820424
-512000.847749,6,2420.930988
-602588.265533,8,2421.075397
-612836.851545,7,2421.221988
-485640.979887,5,2421.330844
-485985.241469,5,2421.42019
3287853.064705,250,2426.250577
1529369.139651,250,2431.004809
-482586.989508,5,2431.100039
-463350.0524,5,2431.20353
-594118.152277,7,2431.332842
-488952.758674,6,2431.42668
-471122.100937,5,2431.531325
-494794.001417,5,2431.629854
-491968.737015,6,2431.744165
1801644.93798,250,2436.369901
1626293.433663,250,2441.005404
-531602.072297,6,2441.13741
-494895.160583,5,2441.238772
5135100.348416,40,2441.98775
5738299.943268,49,2442.909136
5416762.639279,67,2444.23134
1735791.066942,250,2448.845505
-489364.417572,5,2448.932259
-599309.872815,7,2449.062511
1090302.935252,250,2453.699862
5392089.267782,28,2454.208633
1629894.599159,250,2458.922965
-487668.062141,5,2459.017215
-614323.305649,7,2459.145398
4974478.238357,35,2459.777216
-495520.972156,5,2459.86357
-478486.421545,5,2459.953674
-473524.912754,5,2460.05641
-618187.156001,7,2460.176912
-482597.645331,5,2460.278495
-502930.016555,5,2460.371116
-634547.839414,8,2460.509406
-501813.894636,5,2460.601426
-607331.317854,8,2460.760758
-592292.435066,7,2460.914115
-553783.45352,7,2461.051778
2964090.841564,250,2465.735075
-622929.121245,7,2465.854072
-496772.949292,5,2465.93568
-486600.436713,5,2466.037953
5076155.398576,53,2467.068063
-476043.022506,5,2467.168325
3514868.618904,250,2471.90193
8178869.080102,177,2475.145837
-581477.977512,7,2475.281898
-494399.407511,5,2475.375514
2541829.327693,250,2480.143255
-129908.504338,15,2480.428071
5682834.534632,47,2481.338925
5425357.165474,26,2481.837676
-569124.078929,7,2481.978639
2936729.438597,250,2486.556808
-576029.456764,7,2486.682091
-502197.638263,5,2486.760752
433343.228952,250,2491.575527
-572645.841795,7,2491.703191
-592590.676823,7,2491.827257
-610510.96244,7,2491.956951
-569744.651763,7,2492.081193
-493445.491097,5,2492.163591
5599628.493319,73,2493.540664
-581188.28426,7,2493.666373
2757751.984483,250,2498.342192
-604328.365999,7,2498.467546
-631640.045946,8,2498.605267
6022327.900029,103,2500.553876
-488743.571161,5,2500.644832
5334692.343577,33,2501.266949
4963402.107745,39,2501.948549
771373.149304,250,2506.59535
5583576.340699,41,2507.347224
5156784.71967,33,2507.947628
-629566.510723,8,2508.104153
378912.638058,250,2513.334595
5386472.455403,37,2514.229779
-602255.758416,7,2514.381125
-671439.375967,8,2514.54231
-607300.680913,7,2514.666907
-660506.107653,9,2514.837151
-491655.003173,5,2514.934009
-507453.996647,6,2515.049007
-485694.655302,5,2515.140364
-576101.834346,7,2515.262902
-494228.304419,5,2515.348438
-502208.738487,5,2515.437861
3325784.376288,250,2520.150119
-486742.714629,5,2520.28587
-631488.751193,8,2520.441918
-491660.329845,5,2520.539472
-494730.021049,5,2520.638538
-511632.782613,6,2520.755555
-502863.580917,5,2520.850579
-494113.430956,5,2520.950949
6454145.80401,114,2523.28476
3367678.699742,250,2527.999182
-487289.838596,5,2528.103751
-502363.44965,5,2528.201757
-498962.761605,5,2528.304453
-502990.114972,5,2528.41362
-494299.632585,5,2528.504602
-488583.574907,5,2528.597981
4314830.77101,250,2533.483306
-444834.858247,22,2533.92198
5963734.955098,59,2535.206928
-479674.08895,5,2535.30898
-566057.673815,7,2535.476465
-576837.388402,7,2535.616054
-695107.13503,8,2535.834842
5582730.190837,48,2536.77616
-494006.01378,5,2536.879798
2928085.436913,250,2541.680971
-608345.035363,7,2541.812823
-499488.284611,5,2541.911293
-490591.330335,5,2542.00963
5630763.539577,53,2543.017708
-566891.592393,6,2543.120399
-619934.545417,7,2543.264297
-502664.044266,5,2543.349301
-482893.827934,5,2543.458709
-624337.389082,8,2543.599182
5214929.475276,36,2544.292979
-501389.526575,5,2544.370028
6183668.87095,99,2546.296505
-566396.682644,7,2546.432249
-518132.197343,6,2546.55054
-502977.481868,5,2546.651129
4969495.635468,35,2547.318052
5541529.573592,43,2548.146425
-503027.800843,5,2548.245219
-605188.429656,7,2548.376555
-474020.802931,5,2548.467015
-491496.242607,5,2548.556773
-612470.061221,7,2548.680005
-554365.834952,6,2548.776542
5355061.946528,40,2549.588382
-503097.838633,5,2549.683056
-675006.115538,8,2549.821608
475277.44619,250,2554.669328
5523483.645901,69,2556.038073
-487476.610044,5,2556.139876
-500482.681451,5,2556.243179
-494677.30798,5,2556.343576
-457486.961677,29,2556.926793
1277756.419959,250,2561.784616
-482741.059744,5,2561.884888
-563617.118926,6,2562.002885
-629976.087187,8,2562.156778
-614445.755624,7,2562.304606
2936347.093282,250,2567.044707
530351.318066,250,2571.701404
-475038.743109,5,2571.801854
-471570.402096,5,2571.885429
6137216.677052,67,2573.170207
-493043.022025,5,2573.281898
1132458.605681,250,2578.001887
-625911.096052,8,2578.161311
5782272.90962,42,2578.960572
-461225.579557,5,2579.037483
-573097.651148,7,2579.174678
-620876.224405,8,2579.33201
-611654.197616,7,2579.469998
-501218.156293,5,2579.594377
-772594.01273,10,2579.807858
-765325.695736,9,2579.979879
-634737.54996,7,2580.109874
-108631.57431,6,2580.212687
5747406.194614,56,2581.338917
-649456.788861,9,2581.548069
5397584.478585,34,2582.221614
-644166.61376,8,2582.38358
-634067.204648,8,2582.526545
-656994.953917,8,2582.679117
-509522.714271,6,2582.806719
5514401.930075,71,2584.13506
4933111.040271,37,2584.85298
-603237.81983,7,2584.97229
-493913.675072,5,2585.064359
6348595.94012,101,2586.929389
5006321.533461,40,2587.635123
-479756.624624,5,2587.717309
662925.088909,250,2592.291563
5872781.921268,67,2593.593522
-488151.823716,5,2593.696131
-482181.694644,5,2593.791549
1652474.611137,250,2598.665271
241062.155382,250,2603.375766
5392657.053447,30,2603.945065
-494649.321845,5,2604.036747
-487438.913058,5,2604.145568
-503458.041072,5,2604.239544
-655914.192527,8,2604.4043
2034664.112133,250,2609.119366
-502388.357645,5,2609.205711
-502738.396745,5,2609.314878
-671976.578449,9,2609.482352
5166312.922476,33,2610.094775
-564892.749491,7,2610.233501
-598854.923651,7,2610.365804
-489828.095486,5,2610.464179
2113350.025162,250,2615.357605
7156293.135539,166,2618.642393
-464351.213275,5,2618.73597
4711441.718071,40,2619.472044
-493059.613722,5,2619.569404
-502647.269277,5,2619.654347
-518159.049885,6,2619.761076
-619694.743048,7,2619.883394
5097780.407396,34,2620.510868
-494203.188125,5,2620.600881
-576401.748957,7,2620.726264
1319046.747376,250,2625.413929
891066.523332,250,2629.90354
-665842.51499,8,2630.067881
-491390.182301,5,2630.158083
50405.671902,250,2634.928069
-496185.755432,5,2635.028568
5449238.489258,34,2635.665683
-502868.478266,5,2635.754368
-494677.200838,6,2635.866075
-581196.951825,7,2635.998258
5568656.136204,44,2636.819068
-487616.108149,5,2636.910369
5262686.732868,35,2637.565173
2185826.303457,250,2642.226369
6041098.444036,135,2644.687101
-495907.377864,5,2644.774192
3492823.329049,250,2649.390121
4527123.042288,43,2650.180199
-576941.637408,7,2650.30132
-481831.911417,5,2650.411309
-495237.374387,5,2650.502989
-503204.563482,5,2650.594105
-624958.925548,7,2650.727315
2167557.44439,250,2655.428842
-495458.24488,5,2655.521835
-812645.767847,10,2655.716583
-778528.729161,9,2655.877909
3704163.42189,250,2660.519748
-486286.879142,5,2660.617982
-477441.688715,5,2660.714277
5413274.251693,35,2661.449766
-605823.824338,7,2661.577525
-494173.981245,5,2661.665976
-712380.144142,8,2661.808949
-502802.006642,5,2661.902229
-588621.277569,7,2662.03621
5234117.624187,33,2662.654775
-487035.533016,5,2662.747585
-496131.472504,5,2662.840292
-631048.513087,8,2662.99487
4862677.122012,46,2663.851328
-482740.041887,5,2663.943078
5229125.18427,36,2664.617581
-627412.833023,7,2664.750989
-550593.166997,6,2664.867639
-484700.992102,5,2664.965629
-464242.797249,5,2665.057383
-664199.119973,8,2665.215063
-820361.00195,11,2665.423685
5206016.579349,31,2666.048378
6639667.712933,118,2668.278576
-659627.604229,9,2668.451035
-502739.677884,5,2668.532068
-706579.827128,9,2668.710896
1736802.698316,250,2673.231714
-517644.43572,6,2673.334796
2398240.543613,250,2677.921109
5436731.793153,44,2678.678831
-569104.900705,7,2678.800683
-665144.279357,8,2678.94986
-492597.059807,5,2679.030677
-473800.336661,5,2679.122573
-606935.171202,7,2679.245541
2291764.998115,250,2683.845795
-557532.779497,7,2683.968621
-490278.320285,5,2684.055553
-496180.616835,5,2684.132442
-486382.234231,5,2684.223992
-593963.41051,7,2684.346536
-485480.095601,5,2684.441042
-487846.775949,5,2684.52967
5043541.491596,35,2685.125875
-560255.014734,7,2685.25935
-495292.810372,5,2685.352362
5397398.46049,71,2686.679129
-493144.74256,5,2686.782286
4236475.197822,250,2691.460528
-503183.484837,5,2691.563816
-499460.884437,5,2691.651218
5468157.326249,35,2692.32612
-670611.734841,8,2692.489592
5751011.84642,54,2693.473608
-487350.238515,5,2693.566264
5289570.723596,31,2694.14248
-489922.696286,5,2694.244605
-550116.101547,6,2694.361998
-523016.730967,6,2694.471797
-483406.585837,5,2694.572799
2386514.791093,250,2699.303554
-481973.823154,5,2699.406818
-549333.194786,7,2699.533037
-491638.813114,5,2699.628794
1773501.863352,250,2704.136825
-488359.40865,5,2704.239272
5425832.046109,30,2704.789191
5205569.385665,41,2705.572417
-474071.302585,5,2705.665694
3059695.423946,250,2710.419364
-577140.361709,7,2710.54244
-712526.814309,8,2710.685175
-497194.91109,6,2710.799457
1285405.560878,250,2715.558477
-120177.029977,7,2715.698581
-718088.348899,8,2715.852409
-577673.46127,7,2715.995612
4961539.304217,50,2716.961015
-579692.979024,7,2717.092416
726010.585438,250,2721.781677
1827924.169724,250,2726.589597
-628415.52566,8,2726.733032
-491299.708965,5,2726.839328
4949106.74356,38,2727.577652
5284077.815413,32,2728.179959
1192141.584883,250,2733.135869
-502588.4745,5,2733.243409
-487104.322848,5,2733.34649
-490926.92327,5,2733.445619
-484710.948793,5,2733.539457
-500579.773291,5,2733.631142
5387564.411188,30,2734.211938
-472956.140444,5,2734.304757
-477791.706342,5,2734.402675
-803341.089888,15,2734.686262
5033633.567049,35,2735.341112
-711548.983372,10,2735.529872
-497324.647045,5,2735.617396
-635611.5728,8,2735.765813
-578635.357446,7,2735.900747
-500562.736516,5,2735.996531
-617096.911864,7,2736.130208
-490642.794572,5,2736.220416
5410394.751141,26,2736.701565
-652105.623706,8,2736.851819
-480468.457539,5,2736.946541
-638617.005198,7,2737.108574
-684323.368696,8,2737.322864
-606436.123578,8,2737.48015
-776573.094286,10,2737.664063
2847891.054052,250,2742.360814
5051795.201281,39,2743.075701
-609416.918811,7,2743.196839
-667621.955829,9,2743.358109
-607139.084527,7,2743.487483
-693409.322874,10,2743.663943
-613186.685063,7,2743.782612
-500683.350113,5,2743.867666
-599567.61303,7,2743.992643
-548409.952341,7,2744.118659
5340092.439555,37,2744.853905
-794759.975135,10,2745.041963
-500489.025363,5,2745.137121
4998973.344633,37,2745.829603
5253353.140194,39,2746.504688
-592844.747297,7,2746.630033
5247449.180483,36,2747.309669
-511876.882264,6,2747.419567
5184622.66863,34,2748.01682
-634928.60672,8,2748.154283
5283935.0576,48,2749.093044
-613486.447312,7,2749.23031
-637619.037319,7,2749.369412
-502397.69973,5,2749.460079
-620814.311516,8,2749.605661
-609492.481543,7,2749.727563
5351412.307207,31,2750.279272
-632446.745572,8,2750.439544
-465024.263831,5,2750.527472
-544649.072202,6,2750.628789
4873245.17192,36,2751.327001
-676931.877541,8,2751.486098
-575464.305235,6,2751.593505
-475861.279141,5,2751.684522
6031850.128656,78,2753.13944
1960520.620544,250,2757.867347
-617624.225928,8,2758.028684
-481445.972824,5,2758.117637
-479798.015843,5,2758.209754
636943.329622,250,2762.967013
-489282.172886,5,2763.060849
-547774.147244,6,2763.177727
-685647.834388,8,2763.32377
-582589.040445,7,2763.459815
-484954.504927,5,2763.555879
4959944.825625,36,2764.269324
4971722.483822,39,2765.037473
-616252.069901,7,2765.179072
-480243.67647,5,2765.275137
-489991.783772,5,2765.373518
-107218.536906,15,2765.679428
-610341.347055,7,2765.815871
8486263.502922,227,2770.327116
-518212.358638,6,2770.449991
-705449.086914,9,2770.619179
-602760.643293,7,2770.756213
-558832.53638,6,2770.882376
5376527.419157,30,2771.480985
5410982.43494,25,2771.967312
5209972.300632,64,2773.26218
-488364.653943,5,2773.367753
8583668.979871,220,2777.661914
-701053.442547,9,2777.830874
-541448.860215,6,2777.953083
-471567.588207,5,2778.057773
5616290.332684,48,2779.030544
1869915.301895,250,2783.957684
-649814.981829,8,2784.11381
-637589.773867,7,2784.240426
-498274.111752,5,2784.338981
5305088.881796,41,2785.165135
-489144.931661,5,2785.278205
620485.402622,250,2790.356894
-490884.273349,5,2790.45233
4973720.103171,36,2791.176748
-496931.064729,5,2791.286432
-516465.205908,6,2791.412227
-476077.159459,5,2791.510208
-469164.291604,5,2791.606537
-486976.691718,5,2791.704055
156977.133552,250,2797.635693
5332017.388246,31,2798.394784
-653910.234619,8,2798.573769
-609145.985442,7,2798.774245
5093150.376731,34,2799.612387
1950099.043889,250,2805.378412
-625403.555131,8,2805.531542
-647182.333246,8,2805.683956
-481817.409738,5,2805.776538
-481747.642967,5,2805.871431
-470766.588617,5,2805.965363
-566981.486861,7,2806.094508
-502183.427805,5,2806.185925
-460085.942207,5,2806.285785
2594038.45731,250,2811.267894
-502587.468785,5,2811.356913
5385208.409741,29,2811.90056
-474938.963819,5,2811.996132
-484794.146924,5,2812.086512
-492363.442684,5,2812.178716
-473181.419625,5,2812.274591
-764128.048274,10,2812.468839
-565600.627546,7,2812.599055
-611818.070966,8,2812.755111
-697531.696402,9,2812.959591
5443035.112297,53,2814.043526
-720803.562272,9,2814.221281
-461589.961785,5,2814.322245
-476754.572515,5,2814.417958
-488356.414016,5,2814.507986
5404044.318169,27,2814.995352
5401029.89524,30,2815.56501
-494577.037895,5,2815.651848
-541933.993481,6,2815.757886
5239412.705576,35,2816.416045
5156096.886887,35,2817.084232
980352.000166,250,2822.009715
5434438.17731,27,2822.519609
-489333.112196,6,2822.632797
-605056.690155,7,2822.776775
4504680.470872,43,2823.55102
417298.765232,250,2828.162448
-712049.822682,8,2828.316719
-487124.222596,5,2828.428223
-489108.00626,5,2828.525159
-483984.790162,5,2828.62887
-459166.80548,5,2828.729405
-497921.480099,5,2828.833931
5147656.80154,32,2829.491228
2329361.179645,250,2834.274791
-487339.212092,5,2834.362829
-652040.849439,8,2834.518037
4981284.363303,41,2835.318711
-489908.692532,5,2835.427285
5040598.920696,36,2836.116643
208018.41116,250,2840.921848
-470837.416085,5,2841.01711
-556859.262934,7,2841.166374
-622297.050019,7,2841.301819
-487857.118508,5,2841.396592
-490325.583976,5,2841.497663
4454093.200724,45,2842.365736
-480622.302927,5,2842.461618
-626202.224701,8,2842.61203
-486291.667722,5,2842.702385
-585501.782184,7,2842.829051
656915.977752,250,2847.745019
5048501.829116,33,2848.353084
5256213.540838,32,2848.911953
-655896.499877,8,2849.055997
5135889.394004,39,2849.75627
-495405.579539,5,2849.83973
-487602.635327,5,2849.92357
-628546.486928,8,2850.060804
-495474.995969,5,2850.1449
-463528.969919,5,2850.229027
-492190.444608,5,2850.322711
-497747.965833,5,2850.410624
-672561.12263,9,2850.575076
-666824.849728,8,2850.713167
-476073.787674,5,2850.808609
-466334.137556,5,2850.900122
-496459.639558,5,2850.991645
-494424.750189,5,2851.080057
4405960.657687,45,2851.912062
-830501.766838,10,2852.099898
-574731.171324,7,2852.233425
-616495.732833,7,2852.357897
-635618.069204,8,2852.507183
-495935.156868,5,2852.604409
-495929.058082,5,2852.695031
-724031.178769,9,2852.855882
5372134.396971,33,2853.478938
846610.813,250,2858.318568
-481723.193706,5,2858.415683
-636018.094729,9,2858.580754
4249254.754262,48,2859.494913
-490449.470864,5,2859.590658
-723328.630819,9,2859.755883
-604093.979124,7,2859.892314
-607108.171842,7,2860.023087
-516119.454692,6,2860.137737
4934658.726857,45,2861.023062
-738360.891691,9,2861.205482
-594052.113669,7,2861.343442
-557413.65727,7,2861.47799
-486174.338579,5,2861.565363
2087119.00801,250,2866.296829
5376963.955013,33,2866.936326
-543117.998943,6,2867.052193
3678289.50426,250,2872.054944
-452315.873663,5,2872.150201
-489801.758592,5,2872.249409
-488374.898109,5,2872.35614
-493162.737689,5,2872.458256
-473657.008758,5,2872.579834
-480162.7074,5,2872.681097
-491379.461102,5,2872.765421
-484877.035313,5,2872.854655
5592148.563776,66,2874.039969
-480824.123489,5,2874.135095
5415858.717631,26,2874.689041
5100915.489774,36,2875.391918
-831916.718799,11,2875.595799
-837361.732009,11,2875.839372
-486566.333398,5,2875.937196
-623639.059701,8,2876.072829
909140.534961,250,2880.625789
5263254.203924,39,2881.47042
-496799.349201,5,2881.598191
4562926.009799,45,2882.452979
-659519.810804,8,2882.594352
4928621.574439,39,2883.305047
-493056.676291,5,2883.406374
5006295.931388,37,2884.079376
-492101.668802,5,2884.170526
-650494.055186,8,2884.316476
-579082.472621,7,2884.453411
-669595.48201,9,2884.63128
-484078.186194,6,2884.748534
-500776.428627,5,2884.845529
3498661.852557,250,2889.579298
-702964.93912,9,2889.738029
-637121.59055,8,2889.883259
5440239.78647,38,2890.5893
-763320.00064,9,2890.750313
5030816.753159,39,2891.479334
6657470.704246,115,2893.631002
-489344.888031,5,2893.722264
-491679.717294,5,2893.812545
-889244.505132,12,2894.024474
5356428.698191,34,2894.652991
2955922.314096,250,2899.073885
5078530.961687,35,2899.715749
-486935.716293,6,2899.830466
-474511.073029,5,2899.926685
-529657.539983,6,2900.03651
-472932.860273,5,2900.123778
-673715.438328,8,2900.272167
-520104.789967,6,2900.388013
-496563.816946,5,2900.483977
-686372.626363,8,2900.637339
-493954.081295,5,2900.733106
-475708.314578,5,2900.820909
-169782.261786,250,2905.488878
-502275.793534,5,2905.588429
-498966.690392,5,2905.678215
-566791.291502,7,2905.809878
380821.032524,250,2910.451689
5350090.17752,50,2911.332049
-565994.288356,6,2911.44201
-490594.560529,6,2911.544666
-450169.489024,178,2940.949043
1404786.595792,250,2945.529308
-501472.897444,5,2945.624604
5436980.474256,35,2946.271407
939259.813153,250,2950.993582
-475914.830454,5,2951.083636
-676396.933785,8,2951.245607
5586401.964755,36,2951.940637
-751068.519557,10,2952.124088
-606242.678217,7,2952.293205
5418218.173431,26,2952.859605
1916420.824453,250,2957.611645
-485847.961014,5,2957.704482
-477653.724522,5,2957.793317
-616083.603472,7,2957.92136
4847931.419884,38,2958.624781
-488387.143494,5,2958.711178
-496497.424448,5,2958.799703
-499953.34438,5,2958.884548
-631629.832218,8,2959.037932
-489899.998266,5,2959.14081
2462077.161065,250,2963.704446
-502486.752147,5,2963.794962
-497701.463868,5,2963.882155
-475700.112662,5,2963.98209
-481960.974227,5,2964.076481
-489875.413247,5,2964.174332
-481078.765661,5,2964.275407
-493577.780977,5,2964.376529
5381219.743883,29,2964.949331
-798533.989691,10,2965.139053
4763049.229117,37,2965.827607
-486300.081946,5,2965.91687
-559695.348435,6,2966.031559
5290454.749026,33,2966.645933
-637539.07379,8,2966.804735
-635725.298615,7,2966.935573
5262094.425592,31,2967.533326
1302656.913611,250,2972.410031
-470761.640411,5,2972.58182
3144768.14186,250,2977.579183
-916147.317371,11,2977.777107
-603369.953404,7,2977.907861
-486075.734399,5,2977.998509
-993443.735929,13,2978.231411
-693108.111116,8,2978.37671
-480833.147635,5,2978.467607
-593077.924676,7,2978.591247
-487586.328769,5,2978.677791
-1173340.973091,16,2978.960816
-951716.583842,12,2979.172678
-502481.578961,5,2979.267034
-490788.519793,5,2979.36134
4306409.890162,46,2980.235337
-705334.245422,9,2980.414821
2740221.538172,250,2985.157474
5219968.363426,35,2985.822897
5161960.174657,33,2986.431537
-567585.173844,7,2986.559047
-583427.070511,7,2986.685318
-500238.164695,5,2986.789031
-502745.329896,5,2986.882316
5630358.421809,64,2988.099123
-727946.724272,9,2988.265314
-483420.694888,5,2988.361911
-523642.169492,6,2988.490316
-495031.331232,5,2988.586972
-496731.792794,5,2988.679328
-640653.667178,8,2988.830858
1024398.74533,250,2994.72436
-500662.778355,5,2994.807709
-560036.97879,6,2994.922208
4482738.50509,48,2995.793989
5206756.099577,31,2996.338621
-499652.595343,5,2996.42171
197124.336836,250,3001.281126
-564595.158247,7,3001.412016
-500461.585058,5,3001.511127
5385803.185591,39,3002.274612
-492168.010186,5,3002.371592
-644444.781925,8,3002.53978
-678948.617465,9,3002.711194
-495070.91113,5,3002.812242
1293491.404218,250,3007.954939
133621.754208,250,3012.862757
-566794.572218,7,3013.002264
-888717.716348,11,3013.227726
5277105.61313,33,3013.866597
4540109.690736,44,3014.761064
155323.165202,250,3019.562128
4502139.958688,47,3020.47782
1800021.414873,250,3025.420541
-489532.924734,5,3025.519172
-702387.817533,8,3025.663858
-493275.394005,5,3025.755659
-599773.528234,7,3025.889966
336252.038774,250,3030.732038
-554261.192146,7,3030.868859
5335796.221713,33,3031.50969
-713610.128947,9,3031.682611
-482374.049705,5,3031.782339
-502809.219982,5,3031.875636
5403635.299879,26,3032.350349
-717699.290328,9,3032.5202
-796308.873767,10,3032.715794
-595473.053542,7,3032.848708
-764391.267823,9,3033.008046
-488708.055555,5,3033.103837
-724705.11779,9,3033.275474
5164099.905043,34,3033.900626
5359813.125196,31,3034.462875
-636579.612124,8,3034.615461
-489642.0577,5,3034.710011
5384402.98118,28,3035.279403
5388165.600888,33,3035.909597
-495106.391583,5,3036.014211
3894581.80472,53,3037.035787
-78093.59036,250,3041.834707
-489577.509907,5,3041.93614
-481824.141763,5,3042.038346
-480976.974741,5,3042.13163
-482246.791503,5,3042.229496
-492296.250417,5,3042.329949
-498593.50476,5,3042.427728
-720914.892706,9,3042.621576
-474962.078739,5,3042.716503
5417081.797824,27,3043.2035
-623984.99408,8,3043.353928
-694814.805313,8,3043.50822
4158238.260497,50,3044.405368
-614536.891707,7,3044.531194
-496195.895266,5,3044.620485
-489638.399805,5,3044.708899
-483033.81288,5,3044.801215
-502350.685778,5,3044.904556
-755257.649055,10,3045.102435
4954269.528287,37,3045.798949
-475373.30724,5,3045.897107
5168216.512299,36,3046.612799
5216149.518388,40,3047.404111
4084004.861382,48,3048.360339
-474321.677695,5,3048.467419
-501427.180819,5,3048.569554
-644569.614532,8,3048.776976
587723.188718,250,3053.60497
-642060.42692,8,3053.762686
-448552.034392,5,3053.855367
-502550.440251,5,3053.945889
-478869.320552,5,3054.037042
-478066.690093,5,3054.129245
-490109.104782,5,3054.231399
-486689.581648,5,3054.336755
-636489.557685,7,3054.47941
-743868.006943,9,3054.659753
4288669.577325,47,3055.61727
-565810.323793,7,3055.760002
-507849.383235,6,3055.888577
-482930.977566,5,3055.987849
5396516.290756,25,3056.496629
129308.24212,250,3061.147833
-502751.057154,5,3061.242571
-486690.538209,5,3061.337311
-326424.312769,250,3066.093647
5375253.15484,29,3066.665781
-570481.533658,7,3066.795181
4595791.596901,44,3067.613369
-606122.926945,7,3067.745005
4991305.506774,50,3068.770694
-489402.502244,5,3068.858473
-500542.241212,6,3068.961972
6257167.00346,139,3071.514351
-616214.414396,7,3071.651128
625813.999323,250,3076.434546
5413795.422839,23,3076.865116
5416815.167681,30,3077.461927
-519999.616742,6,3077.585594
-480514.696331,5,3077.677787
-493868.877097,5,3077.773714
-630479.185239,8,3077.935441
-166435.609909,250,3082.716225
5395053.423959,28,3083.262599
5188733.518662,33,3083.887587
-570537.700182,7,3084.015417
-692099.709872,8,3084.161671
367682.563951,250,3088.776253
-621135.553516,8,3088.922548
2494884.989568,250,3093.610263
-756580.606441,10,3093.812157
-627589.830968,8,3093.966945
-500562.255913,5,3094.063914
5379422.588917,29,3094.627208
-668005.608301,9,3094.800067
710455.798804,250,3099.46679
-585498.17677,7,3099.593919
5077928.310684,35,3100.236655
5290746.479739,31,3100.827989
-598729.351762,7,3100.963695
5390990.68223,32,3101.574283
5300261.306648,31,3102.167848
5277534.658222,30,3102.76486
5372600.452667,31,3103.349207
5015655.441973,39,3104.091339
4516749.697324,42,3104.889403
-478829.117933,5,3104.98076
5310691.274979,32,3105.601178
-572900.326802,6,3105.714175
515010.841752,250,3110.499674
-473347.448531,5,3110.594694
5307524.109831,32,3111.198315
-501926.625693,5,3111.298054
5385441.721214,32,3111.920628
5385190.822291,30,3112.484794
-486483.411081,5,3112.575754
272177.728896,250,3117.290834
4525565.285736,42,3118.0654
-480723.568987,5,3118.153248
-488224.555801,5,3118.239257
-647225.3825,7,3118.36364
-506975.05339,6,3118.467398
-489147.205932,5,3118.561028
-479786.746068,5,3118.647724
5248053.930897,36,3119.28464
5237290.133254,32,3119.848371
-485467.662377,5,3119.937647
5067018.572471,36,3120.582972
-802967.063678,10,3120.760652
-495079.015773,5,3120.852835
-520978.695722,6,3120.961347
-111788.313927,250,3125.722142
-496969.576643,5,3125.841877
-646665.352077,7,3126.014743
-689672.252851,8,3126.180866
5426801.376673,24,3126.641793
5430149.335625,31,3127.219211
330766.818163,250,3131.954722
5400496.939468,25,3132.41911
-509594.584719,6,3132.532375
4848923.838889,38,3133.263974
4644506.038037,45,3134.212408
5368646.692396,27,3134.69738
5423043.057577,29,3135.21817
-704244.828385,8,3135.357411
914542.979637,250,3140.098565
-713954.773346,8,3140.239423
5377554.554464,30,3140.771813
-710373.251757,9,3140.945079
5411028.294279,26,3141.479161
1422594.555985,250,3146.225327
-611805.181013,7,3146.37188
-479594.101353,5,3146.47418
-29477.086597,250,3151.084475
-687659.0087,8,3151.226342
-754338.976384,9,3151.404827
-687895.493158,9,3151.568294
-495553.953168,5,3151.665488
-747132.77544,9,3151.821715
-655899.488416,8,3151.964245
4272297.60952,47,3152.823254
4537785.309044,47,3153.703183
5412765.329896,26,3154.199395
4289807.09309,48,3155.114052
-580262.956385,7,3155.246518
5373386.18917,28,3155.786222
5002128.078867,34,3156.427845
-631903.17283,8,3156.581809
5271332.387975,31,3157.189476
-491928.923147,5,3157.289584
5458923.849872,47,3158.160435
-592191.223649,7,3158.294489
-496960.426307,5,3158.379499
-499343.696783,5,3158.469985
4905651.352871,35,3159.136327
-494814.660624,5,3159.239004
-477272.734738,5,3159.330495
-486959.495616,5,3159.423455
-494225.564874,5,3159.52146
-407601.448379,5,3159.628964
-666900.901314,8,3159.784094
-489157.837113,5,3159.886313
5410526.61274,28,3160.462988
-1228075.109575,17,3160.817834
-499985.866592,5,3160.910352
5256841.832863,33,3161.517789
-685198.155992,8,3161.669609
5409980.970207,27,3162.154526
-494064.022377,5,3162.255764
227769.224023,250,3167.173541
-489689.223501,5,3167.285222
-568827.045722,7,3167.430384
181484.60063,250,3172.35826
-443991.729635,5,3172.459629
-552386.937462,7,3172.588781
-739836.647849,11,3172.809232
-494724.783478,5,3172.899296
-599722.388149,7,3173.029504
-680069.830723,8,3173.184967
-754028.548463,10,3173.423496
-481106.860057,5,3173.530173
-493713.65374,5,3173.631658
-500861.857219,5,3173.730904
-607028.054012,8,3173.896404
-503040.277771,6,3174.020059
5357972.526917,37,3175.003387
-502783.537697,5,3175.133385
-467098.608127,5,3175.243488
5201426.871806,32,3175.932383
5432259.112963,23,3176.393104
-554886.259173,7,3176.522406
-477240.22587,5,3176.619823
-668070.733332,8,3176.758773
-636716.477833,7,3176.899123
-486853.16742,5,3176.99619
5025290.579282,37,3177.694119
-674240.507425,9,3177.883521
-498330.726118,5,3177.974913
-479844.215369,5,3178.067321
-606783.220379,7,3178.204839
-492512.625073,5,3178.296023
1789191.164214,250,3182.887291
5374258.584682,27,3183.380244
-495483.759887,5,3183.468789
345303.326433,250,3188.444961
-786937.986256,11,3188.63643
5445818.984788,25,3189.100875
-551434.166382,6,3189.208713
-490954.795846,5,3189.294569
-475340.520568,5,3189.387687
-596289.660244,7,3189.520403
-632262.097475,7,3189.65301
-493924.441084,6,3189.762442
-470196.455058,5,3189.858748
4683028.329679,39,3190.590339
4538258.654436,41,3191.359275
-487864.49633,5,3191.456628
-573914.282891,7,3191.600505
3733445.373345,58,3192.711126
5222519.617402,39,3193.51129
-496290.749381,5,3193.599818
2142746.991989,250,3198.361757
-499467.802514,5,3198.451868
-486984.772165,5,3198.540657
5405205.09586,31,3199.082638
4600743.958466,41,3199.819403
-647923.260427,8,3199.968388
-499722.103752,5,3200.065174
-490132.510503,5,3200.156492
-481239.691253,5,3200.244385
-626114.508075,8,3200.384291
-747785.265388,9,3200.554842
-586251.337663,7,3200.689619
-477681.782617,5,3200.789481
555982.245875,250,3205.787201
-702309.999943,9,3205.985476
-480728.533536,5,3206.094132
5432925.510724,30,3206.754224
-488960.01912,5,3206.851276
-490985.780996,5,3206.945766
-495536.729581,5,3207.04057
2255533.580728,250,3212.129843
-730811.757419,9,3212.327268
685464.533705,250,3217.919456
-804132.669593,10,3218.146146
-472431.100589,5,3218.263063
-142569.744398,6,3218.403405
5112528.091478,35,3219.300483
-494327.409329,5,3219.41996
-481620.761262,5,3219.536775
-485531.631899,5,3219.663339
-502887.556078,5,3219.775801
717265.697947,250,3226.254981
-979212.078788,13,3226.72068
-483246.67405,5,3226.866753
5358616.238051,47,3227.967048
-670600.674164,8,3228.127658
5389630.917511,29,3228.812243
-494708.05949,5,3228.929406
5419108.353931,26,3229.509067
1600654.751503,250,3235.208745
-710072.174821,8,3235.374258
-691526.192617,8,3235.568169
-484383.946659,5,3235.723743
-501071.621514,5,3235.85355
-553070.346097,6,3235.99315
-789527.36847,10,3236.257899
634893.809448,250,3241.501191
-579354.720843,7,3241.642155
5135704.167283,34,3242.328677
-616687.96317,8,3242.485366
-616901.947371,8,3242.659307
-752097.800787,9,3242.836668
-592276.087418,7,3242.97449
-495046.002105,5,3243.075997
-583053.252091,7,3243.216161
-604953.611199,7,3243.360121
5443649.560355,27,3243.891388
-486667.878379,5,3243.990114
-499657.245333,5,3244.09104
-626407.139022,7,3244.238262
-489191.639476,5,3244.342583
-482594.407881,5,3244.450902
-486694.46308,5,3244.549615
-582244.268085,7,3244.695537
-476799.433691,5,3244.791827
2317942.761958,250,3252.258151
5396994.878884,27,3253.338335
5446033.073004,28,3253.989421
-468395.567156,5,3254.089126
-488873.830622,5,3254.230095
4943218.71427,38,3255.596211
-491153.36637,5,3255.83826
-522812.800035,6,3256.096025
5366963.845827,30,3257.611064
-571444.787529,7,3258.053325
-501170.677551,5,3258.420036
-496748.022981,5,3258.698212
-582644.393813,7,3259.11796
-485306.084622,5,3259.348674
-527093.099897,6,3259.712802
-675914.53923,8,3260.117612
-476911.370007,5,3260.247482
-495881.177567,5,3260.436672
5363393.043839,28,3261.657222
-860135.615086,11,3262.10196
4858473.357142,39,3264.041682
-621468.693221,8,3264.40881
-490000.164799,5,3264.648058
-604261.478838,7,3265.051265
-482639.114128,5,3265.392948
-673820.720496,8,3265.75214
-782217.758562,10,3266.073313
5393570.095448,30,3266.681544
-512087.936122,6,3266.805393
-495584.576879,5,3266.895314
-497883.110604,5,3266.986685
4988771.512845,37,3267.642244
-794867.286495,9,3267.798671
-598716.866301,7,3267.921367
-476390.937342,5,3268.008449
61674.339442,250,3272.7636
5207589.579994,34,3273.458674
-494553.587307,5,3273.562893
-165719.726484,6,3273.692831
5093850.135589,33,3274.347492
-713457.307491,8,3274.502253
-481067.83739,5,3274.60602
-484573.362127,5,3274.712877
-650972.382741,8,3274.864536
-575748.466276,7,3275.003884
-685607.176789,8,3275.160963
-804741.426621,10,3275.356936
-497142.458573,5,3275.452129
421632.110263,250,3280.353589
-492727.856319,5,3280.451669
5259073.689244,34,3281.085618
5199355.823942,32,3281.683981
-566301.933744,7,3281.809423
4935945.027487,38,3282.529474
-494555.83953,5,3282.624401
4307799.508526,49,3283.598476
5343378.10011,31,3284.213032
-502302.200799,5,3284.304155
-614658.036755,8,3284.462542
-456363.203813,5,3284.571327
-491103.458077,5,3284.667833
-630395.39273,7,3284.80062
-609490.858947,7,3284.945557
-498241.883412,5,3285.048148
-491815.580343,5,3285.142734
-555692.47854,6,3285.270479
5191852.6725,33,3285.94551
-582814.119874,7,3286.091794
-586594.134551,7,3286.225516
5049361.547138,38,3286.959676
-644493.048213,7,3287.085063
4270853.33413,48,3288.009612
-501861.291018,5,3288.106315
-480397.096008,5,3288.20637
5375498.465676,30,3288.811812
5443375.501554,27,3289.321397
-674046.35858,8,3289.469049
4376438.574124,45,3290.334211
4832370.703571,38,3291.045988
-481234.404886,5,3291.140487
-494935.366481,5,3291.233844
-659516.359408,8,3291.379659
-673847.134281,9,3291.545219
-894775.937567,12,3291.775935
3838574.750754,52,3292.709317
-450588.378777,5,3292.802739
-483030.173361,5,3292.906373
-617885.257991,8,3293.062628
-442657.573321,5,3293.161436
-564458.970865,7,3293.298512
-581294.172046,7,3293.442367
484158.856199,250,3298.249681
-591102.329082,7,3298.393526
-477530.686029,5,3298.492873
-500232.660062,5,3298.583262
961218.980282,250,3303.187384
345042.476463,250,3307.916776
-673617.865206,8,3308.064928
-501952.461233,5,3308.156132
-523177.00283,6,3308.267411
4882886.68663,37,3308.957668
5403132.575315,28,3309.478136
-494213.79246,5,3309.577682
4554564.718764,43,3310.381861
-493990.197756,6,3310.488811
-641284.344051,8,3310.627427
5370769.983181,30,3311.159463
-485319.105637,5,3311.243965
-492613.418656,5,3311.331511
-464892.951516,5,3311.419881
-488614.593257,5,3311.514663
-494382.916147,5,3311.602557
-488221.184107,5,3311.692782
-519081.16788,6,3311.795643
-492861.169616,5,3311.88061
-557328.484439,6,3311.986433
-714215.053594,8,3312.12632
-647280.686346,9,3312.282946
-605010.402123,7,3312.405983
38710.37858,250,3317.131195
4555005.340382,43,3317.95671
5060202.517104,35,3318.629538
-496627.389448,5,3318.727693
-499916.751528,5,3318.82374
692790.776969,250,3323.587416
5530262.962176,48,3324.556516
5100177.673957,35,3325.192245
5330343.125779,30,3325.725789
1616675.497252,250,3330.179158
-604111.886215,7,3330.304604
4209435.650844,48,3331.167609
-510430.191518,6,3331.281195
-485337.095797,5,3331.374413
-603550.797202,7,3331.516282
5174956.45716,32,3332.169253
-563166.424655,6,3332.288403
5154874.739022,35,3332.977244
-476530.67208,5,3333.08256
-652380.547958,8,3333.233079
-483840.750095,5,3333.326675
-502642.511679,5,3333.42305
-559521.149287,7,3333.5568
-501351.055368,5,3333.650499
4432904.538241,48,3334.59823
-501404.501385,5,3334.694372
-502798.242988,5,3334.79123
-507439.745894,6,3334.902984
-487363.525767,5,3334.996784
5427279.689788,32,3335.61633
-480997.368393,5,3335.712555
-497307.402395,5,3335.807424
-611797.975477,8,3335.955209
4530979.593365,43,3336.832736
-493290.671312,5,3336.941928
5436066.601903,27,3337.557993
4363038.987282,45,3338.449818
5047431.554547,33,3339.061826
-480859.320226,5,3339.153926
4131528.983817,59,3340.260036
5232711.320232,33,3340.883992
-764933.990542,9,3341.060794
-146517.900431,250,3345.701207
1167590.249795,250,3350.476164
4926691.787448,38,3351.212126
5415519.081731,27,3351.718954
4552940.518461,41,3352.517567
-670398.94054,8,3352.668676
-502663.340081,5,3352.761568
5344856.635664,33,3353.386558
5393549.98707,28,3353.903424
-566694.439791,7,3354.029871
-696177.070637,8,3354.183168
-599788.3319,7,3354.323356
-484301.377097,5,3354.414679
-193263.688987,15,3354.702355
5341710.954259,32,3355.311999
-480315.852174,5,3355.419542
5125856.875204,36,3356.10314
-605929.439103,7,3356.230565
-639232.808922,8,3356.374346
-489485.646665,5,3356.467012
-642662.590548,7,3356.593392
5042169.293989,36,3357.293004
-497528.717517,5,3357.392826
-514954.05266,6,3357.510678
5027031.141103,36,3358.201695
-694935.722317,8,3358.360286
-498550.599111,5,3358.452769
5339349.182818,31,3359.041731
4862507.674634,46,3359.919575
-611477.233854,7,3360.056799
-497192.957732,5,3360.156282
5418343.321757,24,3360.612527
-625039.874789,7,3360.745398
-508720.955154,6,3360.859536
-764248.437723,10,3361.043267
5341376.357105,34,3361.683704
4982969.283208,36,3362.362211
321542.310127,250,3367.023224
4338527.629637,45,3367.799537
-651678.21567,8,3367.936264
5163435.111378,37,3368.600543
-483792.113259,5,3368.68723
5329468.990293,29,3369.218835
-129646.454164,9,3369.382529
4775972.07768,39,3370.082677
-496367.049732,5,3370.174275
-724399.781663,9,3370.33698
959395.158708,250,3375.242457
-178785.958901,11,3375.444882
-500713.527741,5,3375.541942
-499934.607345,5,3375.641051
121659.768176,250,3380.25954
-493026.011501,5,3380.353778
-641646.34368,8,3380.500216
-496329.057002,5,3380.593485
-491885.458725,5,3380.687312
-494141.230042,5,3380.79365
-563434.613699,7,3380.929776
5095103.162929,34,3381.574449
5918153.205886,78,3383.029774
-556160.21063,7,3383.160858
-578070.334417,7,3383.295079
-491810.325343,5,3383.390734
-566833.37869,7,3383.518475
4953049.533128,41,3384.288649
5360640.887597,31,3384.882453
-501604.240574,5,3384.978693
5378067.391686,32,3385.582244
-635229.917235,8,3385.749632
-599249.542524,7,3385.896401
-464175.339964,5,3385.988076
-499858.261352,5,3386.084771
-475129.933958,5,3386.177363
-494630.74521,5,3386.26638
-486936.712134,5,3386.357613
-898120.768937,12,3386.574057
-469011.186065,5,3386.665793
4450571.692397,46,3387.461911
4991157.104388,35,3388.085757
-483246.822319,5,3388.178211
-558019.341994,6,3388.284288
5365844.386236,33,3388.879875
-611417.208768,7,3389.010504
4498495.246339,47,3389.89361
-481157.995034,5,3389.981351
5046578.629634,38,3390.812909
5413243.642666,24,3391.313892
-638239.443567,8,3391.462261
-553392.161465,7,3391.59725
5443743.166619,27,3392.09313
-489088.517536,5,3392.194142
-493377.618636,5,3392.294112
-517033.138021,250,3396.841481
-606132.048463,7,3396.971345
-585726.474075,7,3397.113114
-482297.847774,5,3397.212528
-667421.613702,8,3397.368306
5448801.81134,28,3397.876158
2489581.436326,250,3402.551865
-471120.701922,5,3402.649813
-501151.712926,5,3402.736136
-595055.200083,7,3402.866376
-486176.863187,5,3402.954476
-483978.06861,5,3403.043071
-475474.419219,5,3403.140136
-487534.884475,5,3403.238759
-490888.4704,5,3403.336125
-481052.930031,5,3403.430761
-587653.638447,7,3403.561456
-496457.333067,5,3403.651722
-603733.033283,7,3403.7887
4929600.371494,52,3404.735715
-772983.675723,9,3404.893542
-627071.367394,7,3405.023867
-502791.872864,5,3405.121074
182187.74512,250,3409.823557
-641889.245783,8,3409.996115
-491994.162061,5,3410.115319
5247753.781518,32,3410.72191
4956576.48667,39,3411.471805
-495340.032917,5,3411.57161
-493152.818496,5,3411.673691
-500227.906642,5,3411.77834
5291948.450057,31,3412.375467
4983677.032633,35,3413.067326
-816840.378037,10,3413.262228
5458476.018935,36,3413.933934
5093859.892202,39,3414.669591
-717207.252822,8,3414.816741
4520828.39893,43,3415.631767
-751443.467927,9,3415.800711
5325351.322758,33,3416.387938
5291841.321945,35,3417.010753
5393545.601192,27,3417.498225
5403022.478213,25,3417.948462
-558027.357531,6,3418.059473
-494098.846105,6,3418.174121
-631946.73009,8,3418.33151
-604435.218701,7,3418.466198
-598980.584893,7,3418.606216
4592101.447636,41,3419.358122
4930531.818063,37,3420.059789
-464883.459244,5,3420.160569
-507903.947821,6,3420.275684
-770240.607348,10,3420.462517
-586804.179135,7,3420.592371
-499751.961825,5,3420.688418
-635574.288493,7,3420.824728
5325042.967386,30,3421.38657
-591487.217827,7,3421.515876
-470805.480025,5,3421.623961
-625218.624503,8,3421.774786
-493281.000524,5,3421.872306
-605300.168509,7,3422.008124
4990910.402201,34,3422.638729
5386029.567522,33,3423.245088
5400205.995866,27,3423.750369
-581622.02669,7,3423.882002
-489924.124688,5,3423.974475
507431.802001,250,3428.610306
-486281.091359,5,3428.70179
5305308.123512,38,3429.376957
-664307.279873,8,3429.512326
-500086.069232,5,3429.600163
-658480.323265,8,3429.747328
-500212.49985,5,3429.842
-490832.210114,5,3429.930266
-484232.953102,5,3430.018738
-567958.800743,6,3430.123862
880031.107345,250,3434.929785
5097928.883447,36,3435.605253
-749392.885413,10,3435.783557
4565826.190636,46,3436.589254
5032580.85519,34,3437.183276
5402827.400495,27,3437.661556
-488630.725852,5,3437.753577
682483.57952,250,3442.418886
648684.947559,250,3446.967788
-542501.429194,6,3447.082612
-569278.553128,7,3447.207345
-760537.433462,9,3447.372663
2617790.536899,250,3452.005098
4937131.059856,39,3452.708614
-665931.307276,8,3452.868678
-490932.901621,5,3452.96772
5378825.42628,27,3453.474054
-483298.29384,5,3453.568464
-613918.415907,8,3453.718662
-110184.885761,250,3458.395979
-493527.780394,5,3458.487468
4487548.570979,44,3459.260528
4290686.545246,47,3460.082519
-645312.176998,8,3460.242098
6744256.51528,133,3462.739213
5273209.805524,31,3463.293575
-576102.396406,7,3463.416367
-501690.743132,6,3463.520027
-644682.403201,8,3463.660685
-165168.167625,7,3463.789827
254131.18578,250,3468.465114
-476848.600079,5,3468.560858
5064578.503292,38,3469.293545
-674234.967094,9,3469.460461
-464025.253196,5,3469.552073
-557087.280926,7,3469.680742
-547438.369801,7,3469.812318
969549.936355,250,3474.544681
-548135.663129,6,3474.657268
-502750.144471,5,3474.758353
-487837.457568,5,3474.860226
-489018.436065,5,3474.949905
-609176.859323,7,3475.082793
-606098.685461,7,3475.211045
4426144.034403,44,3475.982614
-497555.323019,5,3476.072253
-710024.604521,9,3476.238665
-489040.491486,5,3476.330215
-496533.212246,5,3476.416202
-563952.490009,7,3476.546354
4937310.603579,38,3477.246374
5343299.294022,30,3477.831074
-502535.594947,5,3477.922113
-481281.313192,5,3478.009802
-493898.568067,5,3478.10048
4227562.659942,44,3478.958867
988690.095475,250,3483.859598
-473299.464797,5,3483.963428
-502497.375577,5,3484.095136
-493851.077276,5,3484.192014
-487836.100191,5,3484.284931
5085704.489316,36,3485.091733
-494375.547929,5,3485.190865
-490531.315526,5,3485.291394
-489595.099291,5,3485.38428
-592825.835754,7,3485.52043
-618773.426186,7,3485.646104
-868737.503259,11,3485.851507
-641792.355611,8,3486.005866
-136625.363957,6,3486.115127
-498615.398715,5,3486.20627
-495910.487017,5,3486.302242
5314551.190067,37,3487.003932
-150470.417096,250,3491.874182
5383112.513604,36,3492.583576
5183326.145638,34,3493.251812
-648344.129081,8,3493.413443
5180595.81735,36,3494.133389
198243.373855,250,3498.999938
-618590.248183,7,3499.142279
-482416.245138,5,3499.244755
-557831.522712,7,3499.401814
-582718.508255,7,3499.528436
-586626.50787,7,3499.661347
4164327.160777,55,3500.805183
-495794.03766,5,3500.904823
-489895.409964,5,3500.995842
-498213.94178,5,3501.091773
-480146.55596,5,3501.187112
-704695.493661,9,3501.36398
-491083.74655,5,3501.458601
-636069.244871,7,3501.598255
-502966.598806,5,3501.704898
5395910.209851,29,3502.267327
5346486.708853,33,3502.98773
283453.886505,250,3507.921385
-557221.128185,7,3508.055009
-489308.05914,5,3508.177455
5379570.878299,43,3509.035948
-486515.957338,5,3509.146582
5389997.44506,26,3509.667605
-627216.703116,8,3509.833396
-481686.028549,5,3509.933133
5230741.415722,33,3510.623708
-620335.399099,7,3510.769632
-605275.58066,7,3510.932884
-690370.840606,8,3511.102615
-519381.318683,6,3511.236433
-608087.941305,7,3511.36958
5401675.072144,31,3512.038748
5404588.749329,26,3512.593706
-486331.509885,5,3512.727436
-647800.012686,8,3512.883986
5014482.211987,35,3513.593309
-489588.767875,5,3513.696675
5058249.733688,36,3514.398915
-622169.85788,8,3514.556458
2166408.980058,250,3519.860966
-659421.90681,8,3520.077506
-496233.815288,5,3520.204656
-715172.599607,9,3520.417972
-454359.614735,5,3520.540772
5404122.958777,31,3521.224339
-468273.728789,5,3521.329489
-584374.012365,7,3521.472197
667905.840988,250,3526.47966
5376964.464252,28,3527.019611
5236041.062647,30,3527.665881
-485208.775694,5,3527.795214
-560599.581958,7,3527.940337
-662902.784868,8,3528.089641
-487840.339115,5,3528.180882
-612170.650646,8,3528.336384
-482741.44468,5,3528.425428
5374126.743864,27,3528.930335
4949948.185166,38,3529.640746
-497842.626618,5,3529.742887
-493241.229444,5,3529.835501
-489985.029921,5,3529.949407
-583913.557101,7,3530.083112
-735635.922861,9,3530.266008
-499682.144564,5,3530.377162
-493469.934697,5,3530.514349
5361634.186565,29,3531.088735
-493897.540424,5,3531.181676
5111739.000167,34,3531.869529
-482407.298163,5,3531.981395
-495064.312608,5,3532.07694
4711886.570451,43,3532.976622
-630343.782893,8,3533.131508
-630314.974443,8,3533.315802
4237129.563615,48,3534.304021
-488803.136317,5,3534.405541
-583590.682101,7,3534.569867
420609.46601,250,3539.634387
-492649.748137,5,3539.725819
-658606.68191,8,3539.872764
-557320.617481,7,3540.001179
-613661.312825,7,3540.132707
2519743.518294,250,3545.159765
-576691.462,7,3545.305
-481235.127611,5,3545.41971
-488564.240889,5,3545.518198
-481197.15322,5,3545.620231
5195667.853197,34,3546.323254
-490425.528657,5,3546.450195
-501462.226896,5,3546.571553
-609091.47027,7,3546.698692
-581225.299428,7,3546.839537
-502195.749353,5,3546.939085
-501411.329859,5,3547.033679
-617120.619801,8,3547.184313
5007136.054447,36,3547.865885
-594202.37062,7,3548.007417
5275087.55173,30,3548.595073
-481068.22054,5,3548.69944
-622601.804605,8,3548.855951
-642866.914003,8,3549.023122
-492265.366269,5,3549.125588
-489038.671065,5,3549.223583
-500678.40214,5,3549.330184
5399023.493009,30,3549.983544
306626.491226,250,3555.148881
5394283.456701,28,3555.711381
-573993.592675,7,3555.84515
-492447.264834,5,3555.944061
-680363.329939,8,3556.109498
-644430.520571,7,3556.247354
-494763.631876,5,3556.341362
-737135.151531,9,3556.51922
-491487.154879,5,3556.617106
91147.727935,250,3561.587038
4958272.115427,36,3562.295579
-559546.867763,6,3562.408315
-485517.571134,5,3562.505416
-491147.876595,5,3562.602383
5104998.650214,60,3563.801618
-490405.343863,5,3563.901158
-517372.445507,6,3564.02615
-608118.341073,7,3564.163189
-460647.312295,5,3564.258957
5408690.796441,27,3564.777019
-518703.391,6,3564.91024
-612650.816112,7,3565.057559
-593474.168687,7,3565.241977
5436484.234875,27,3565.754542
-488162.525608,5,3565.849593
5132689.821842,34,3566.503779
-557775.815658,7,3566.631434
-555900.201179,7,3566.762754
-610889.909828,8,3566.912223
4912543.599943,39,3567.685463
-593739.23681,7,3567.816121
-481126.291841,5,3567.908468
4545929.508076,41,3568.693785
-639189.242593,7,3568.825258
5290590.759371,31,3569.423778
-657241.514545,9,3569.606641
647069.417051,250,3574.531657
-616129.43798,7,3574.66219
1627623.028689,250,3579.668989
-712490.866928,9,3579.843654
-495941.718087,5,3579.948803
-609627.036651,7,3580.094603
-473411.628558,5,3580.196567
212900.573579,250,3585.203322
-575857.137242,7,3585.336437
5410168.979304,28,3585.854789
-510480.136191,6,3585.980038
-501286.024013,6,3586.099393
-497562.308102,5,3586.194396
5076465.522238,35,3586.915654
5286758.737713,30,3587.490758
-486430.90851,5,3587.588462
4921485.72029,39,3588.362389
-495702.954526,5,3588.461337
-728655.156135,9,3588.635928
5397863.89729,29,3589.19144
-470411.095271,5,3589.288893
-621261.953357,7,3589.428906
4369406.560468,44,3590.37342
4925525.211774,35,3591.184189
5378571.498043,28,3591.81454
-502957.662037,6,3591.940485
-475524.595044,5,3592.043736
-849826.981965,11,3592.262152
646350.028104,250,3597.323973
-522860.341438,6,3597.461122
5393849.271102,30,3598.11194
-491218.566124,5,3598.227092
-676115.394237,8,3598.411782
-502462.453842,5,3598.525505
4214258.451491,49,3599.670948
5166657.912855,34,3600.400588
-668640.070253,8,3600.579156
-501336.911178,5,3600.686162
4604685.940091,44,3601.624368
5410493.990053,27,3602.169909
-468980.445982,5,3602.255337
4348553.799319,46,3603.04404
-502422.44362,5,3603.125565
-672032.588335,8,3603.260799
-453306.540272,5,3603.346014
-500580.881131,5,3603.428219
-502821.302087,5,3603.51397
-512048.001665,6,3603.619259
5237134.29792,48,3604.507673
5050000.773121,36,3605.198854
-556101.515546,6,3605.309822
-628271.667473,8,3605.452942
5261240.638457,32,3606.048979
-657544.69778,8,3606.200584
5257080.467603,33,3606.80951
-640967.986788,8,3606.955373
4984047.08932,35,3607.606068
4486276.783168,43,3608.399746
4655361.676423,41,3609.170506
5374164.868945,31,3609.793999
-510268.447878,6,3609.907252
-483951.509889,5,3610.003821
4673990.677444,40,3610.752281
-500292.612736,5,3610.843171
-488868.566831,5,3610.930915
5592330.09372,44,3611.743963
5112664.75483,34,3612.383511
-487139.639424,5,3612.473369
5400559.895144,26,3612.956255
-657138.410422,8,3613.110151
5380807.513844,37,3613.796432
-502377.227269,5,3613.884738
-491389.650884,5,3613.978078
360753.383445,250,3618.39357
5392841.868214,26,3618.897213
-882760.503803,12,3619.124598
-565550.69881,6,3619.234931
4972593.127281,36,3619.926498
5418636.443319,25,3620.429542
5132074.444648,36,3621.131924
-697070.526458,8,3621.277108
5443102.753313,25,3621.741395
-688588.137767,8,3621.884315
5184774.897069,31,3622.437723
-472376.458543,5,3622.535343
4918823.430234,45,3623.461127
-492701.112366,5,3623.553901
4941647.708796,37,3624.229226
5178340.377186,33,3624.913902
5095628.474283,34,3625.549122
5406199.021689,24,3625.976334
-485435.152774,5,3626.067467
5025540.261536,37,3626.835066
5129149.997904,38,3627.652493
5394611.096821,27,3628.114863
-502429.724604,5,3628.201169
1511847.138023,250,3632.682516
730157.276087,250,3637.333074
-614956.902819,7,3637.46443
-500612.868576,5,3637.561213
5379118.5983,34,3638.221642
-457424.023249,5,3638.317747
4452895.292373,52,3639.305184
832030.487035,250,3643.959999
-491354.216626,5,3644.059057
-484152.316014,5,3644.143387
5123084.125555,33,3644.734351
5316265.883579,30,3645.268085
-489578.036553,5,3645.357431
-468056.569723,5,3645.449867
4453486.69153,44,3646.257535
-502402.350261,5,3646.34574
-502970.161757,5,3646.437358
5035728.478394,35,3647.091629
-564333.292312,7,3647.228163
5283923.558641,29,3647.77791
5426681.696457,30,3648.340446
5381124.376804,31,3648.907662
-488188.114132,5,3649.007553
-556110.501041,6,3649.122122
-615962.450025,7,3649.252425
-494075.537106,5,3649.343885
-612916.862203,7,3649.474558
5368825.001302,41,3650.258814
5104386.822633,34,3650.906884
-475676.005587,5,3651.012455
5025426.455506,36,3651.686195
-512973.300667,6,3651.807893
-717074.749826,9,3651.977993
-513586.90247,6,3652.092052
-649044.792335,8,3652.259974
-577092.439662,7,3652.438841
4583841.051912,44,3653.26191
4305895.120491,44,3654.025734
-677480.645588,8,3654.165917
-616484.029025,7,3654.286222
-581116.953522,7,3654.405536
-476140.883698,5,3654.499104
4993302.777714,41,3655.248312
-488315.441577,5,3655.34146
-489899.683266,5,3655.4419
-657716.640043,8,3655.595567
-612760.510436,7,3655.72131
5221866.75146,33,3656.313029
-493289.082983,5,3656.410778
-495536.213476,5,3656.503151
-685345.006502,8,3656.652451
-489597.812321,5,3656.749962
-471823.871103,5,3656.842192
-481761.134923,5,3656.936044
5371763.86308,33,3657.565274
-676914.399315,8,3657.715283
-571698.761457,7,3657.844266
-494673.67621,5,3657.947844
-138454.169344,6,3658.086182
4507732.972449,44,3658.916187
5015964.14399,37,3659.56405
4573856.34259,42,3660.299547
477838.712342,250,3664.849384
3686390.132892,250,3669.564432
-473979.892588,5,3669.658169
-729083.937277,9,3669.829799
5160176.937527,34,3670.479488
-487138.394829,5,3670.577421
-497560.478838,5,3670.671171
5376270.893624,28,3671.203981
5302535.132737,30,3671.766038
-492784.626363,5,3671.860736
5228716.163746,35,3672.502657
-489303.517189,5,3672.598276
5016823.105605,35,3673.267054
-479908.222001,5,3673.356778
-633379.651586,7,3673.482619
5333995.227442,28,3674.025458
5006845.186866,40,3674.798835
-468785.179664,5,3674.893039
-495383.827826,5,3674.988233
-502342.606971,5,3675.088708
5186527.428623,32,3675.710295
-492529.039332,5,3675.808041
-483379.430874,5,3675.903092
5134380.120837,36,3676.556137
-497866.399633,5,3676.650117
5219215.971139,31,3677.224048
-496042.848403,5,3677.316543
-571333.114272,7,3677.448248
5419755.413013,28,3677.955012
-582011.193842,7,3678.082622
-136831.48581,6,3678.191345
5365728.566371,30,3678.76745
-621210.065615,7,3678.899101
-483306.449783,5,3678.993611
-549653.794375,6,3679.105161
-491401.601405,5,3679.202121
-691083.295475,8,3679.350277
-492662.960559,5,3679.442578
-617057.324568,8,3679.604553
5212413.278549,33,3680.266381
-636843.885463,7,3680.396275
-1068338.565001,14,3680.667821
1331971.053937,250,3685.233503
-667008.13944,8,3685.378166
-495713.773511,5,3685.466669
-488853.94274,5,3685.556034
-619275.114467,8,3685.700822
-502447.567498,5,3685.797901
-696224.658281,8,3685.953254
-502759.864404,5,3686.044998
-739926.624475,9,3686.211873
-622867.745049,7,3686.338577
-609009.174531,7,3686.460785
-502518.794002,5,3686.555045
5231149.690754,36,3687.241282
-474032.937912,5,3687.340103
-737352.928556,9,3687.511617
-734455.346879,9,3687.681789
-712901.031989,8,3687.833094
-691056.683371,8,3687.984553
-675552.939145,8,3688.136792
-563489.708229,7,3688.263269
-575339.924243,7,3688.392087
-492536.251257,5,3688.483969
-598855.94782,7,3688.611706
-792437.984444,10,3688.801431
-493602.132197,5,3688.896367
-602735.771387,7,3689.054547
-675499.770546,8,3689.204158
5260085.245065,34,3689.847603
-495084.110836,5,3689.942218
-130711.846565,8,3690.100899
2618292.793095,250,3694.84499
-674087.822573,8,3695.006643
-502487.513259,5,3695.119785
555297.904367,250,3699.73145
-479573.535841,5,3699.824163
-481114.668306,5,3699.910377
-630022.553236,7,3700.03818
-651324.329655,8,3700.181886
5338105.166542,41,3700.920694
-494365.20823,5,3701.009773
1292165.894206,250,3705.573413
5404650.625418,27,3706.091423
-488119.736338,5,3706.183575
4664057.362762,42,3706.967224
4513017.010031,44,3707.797362
-563028.348825,7,3707.920893
-496161.769676,5,3708.016403
-484190.694448,5,3708.110047
5438426.944896,27,3708.631228
4624683.370419,41,3709.406473
-490715.740572,5,3709.497715
5003719.837443,39,3710.239107
5408248.668246,27,3710.744369
-608511.816147,7,3710.87666
5149738.637811,34,3711.555922
4360116.055013,46,3712.420754
-648493.19082,8,3712.571152
-480270.417447,5,3712.672453
5155330.810146,45,3713.52848
5370485.810562,28,3714.042011
-491110.898976,5,3714.133813
-624035.70176,7,3714.263049
5078583.892511,35,3714.916277
5331549.524042,31,3715.496142
5099697.425778,32,3716.097052
-561083.333362,6,3716.208387
4152982.724917,48,3717.053759
5326531.529438,30,3717.613381
-496032.805596,5,3717.70427
-481881.590294,5,3717.796322
-668786.254597,8,3717.944228
-482643.714092,5,3718.048307
5316168.082437,31,3718.641514
5161373.582282,33,3719.273598
5130940.850549,34,3719.94603
-711252.644724,9,3720.12685
-641643.105623,7,3720.279006
-626231.6856,7,3720.448928
-502494.326531,5,3720.547768
-456430.186191,5,3720.650134
-692684.044607,8,3720.834144
4102838.227956,48,3721.798935
5582075.490204,50,3722.792295
690390.291027,250,3727.845875
-575028.896599,7,3727.98222
4943117.181819,36,3728.731659
5388788.727724,31,3729.396213
-508632.970077,6,3729.513323
5001753.88156,35,3730.279232
4442679.112495,45,3731.328261
4996537.244872,35,3732.225078
151920.346142,250,3737.581132
4960256.357395,46,3738.523912
5797740.324441,89,3740.389452
5193827.987778,33,3741.10685
4654779.854629,43,3742.064256
4254560.107455,47,3743.002138
-490129.11651,5,3743.109655
5458255.177057,26,3743.612468
-488203.075541,5,3743.708568
-559924.835088,7,3743.842
-1165408.477642,16,3744.156882
5247951.912136,36,3744.921135
-487550.877945,5,3745.018162
-471739.133305,5,3745.121109
579012.33604,250,3750.171418
520008.529525,250,3755.450665
5100071.721376,36,3756.204598
-257414.727162,41,3757.037434
-480750.559138,5,3757.15463
4628518.984543,43,3757.930585
377275.270944,250,3762.691812
-511919.528518,6,3762.791549
-495352.180085,5,3762.883662
-499782.445618,5,3762.969715
5314154.604488,30,3763.505754
-474499.642258,5,3763.594076
-495502.41054,5,3763.684602
-498018.649498,5,3763.775512
-454095.98201,5,3763.867111
396219.552612,250,3768.692803
-574088.103819,7,3768.82615
-498916.435776,5,3768.918221
5182625.153632,33,3769.567411
-492817.208761,5,3769.682584
4306168.486573,48,3770.682999
-577998.347556,7,3770.812998
-559618.794391,7,3770.93627
-656138.191859,8,3771.093338
5343126.942008,33,3771.697996
5121543.30484,34,3772.326099
-482517.014315,5,3772.425702
-488905.075051,5,3772.526295
-638159.521663,8,3772.685349
292143.720569,250,3777.462396
5397597.401695,24,3777.89473
-498644.991914,5,3777.994122
-482166.325022,5,3778.090568
-639970.313125,8,3778.260033
5398850.258927,31,3778.875395
5294840.216249,34,3779.518783
-489245.332845,5,3779.60653
-481983.717744,5,3779.696799
3937885.802316,51,3780.602041
-644050.225478,7,3780.731057
-233696.313085,250,3785.336814
-489064.292169,5,3785.422987
-499136.850366,5,3785.510494
-439184.795648,5,3785.594481
-486731.99198,5,3785.676648
595878.412459,250,3790.125342
5195866.452186,33,3790.82139
-495444.507147,5,3790.908736
-497379.995388,5,3791.007042
-97848.666457,250,3795.948588
-490607.02962,5,3796.03788
-501410.327941,5,3796.14176
-502858.760973,5,3796.239291
-603946.592187,7,3796.369434
5206509.84416,32,3796.942182
-577839.59463,7,3797.066381
-501938.643482,5,3797.162352
-608579.057602,7,3797.311403
-602102.470201,7,3797.440202
-571552.104007,7,3797.560652
577748.148592,250,3802.213987
-474368.207146,5,3802.301211
4556950.694588,42,3803.088056
-498092.101568,5,3803.198481
5397052.890331,31,3803.787656
-631188.219943,8,3803.929294
-471163.03161,5,3804.023419
-474538.762982,5,3804.11442
4388684.078412,46,3804.951103
-502085.510787,5,3805.054519
-560856.773637,6,3805.208089
-196680.447246,8,3805.383747
-516070.129535,6,3805.511783
-555038.659234,7,3805.678602
-488610.169229,5,3805.782045
-695089.411394,9,3805.948723
-576417.994145,7,3806.077642
-507186.401395,6,3806.199778
-561644.195954,7,3806.337586
-502930.501894,5,3806.435795
5077683.46036,35,3807.150207
-501348.856854,5,3807.239627
-522142.022751,6,3807.35071
-727334.104679,9,3807.558849
-470620.257657,5,3807.656837
-200644.03606,9,3807.839741
-482526.666865,5,3807.940929
5016292.931712,36,3808.653286
-500084.249126,5,3808.737746
5376030.644638,35,3809.364193
1292458.807882,250,3813.951811
-482236.478716,5,3814.049444
-494577.752215,5,3814.142923
-522544.584299,6,3814.25639
5210997.370648,34,3814.913795
-626657.876779,7,3815.044275
5462180.829674,33,3815.663443
-493278.544631,5,3815.767841
-487307.970031,5,3815.867488
-569284.986573,7,3815.995476
-462940.29288,5,3816.089298
5298055.35457,34,3816.744221
-469865.182097,5,3816.837457
5396198.675741,29,3817.424392
-591804.029042,7,3817.545668
4207405.217017,47,3818.384169
5398744.139018,29,3818.897242
-483981.19531,5,3818.983124
-499215.343079,5,3819.072684
208081.096033,250,3823.975931
-500378.222152,5,3824.074365
-490534.658793,5,3824.172292
-605980.051448,7,3824.302328
-504745.314551,6,3824.412237
-484083.31023,5,3824.510819
-636828.512663,7,3824.643188
3681764.372236,250,3829.606056
-622416.786199,7,3829.743606
-483378.344578,5,3829.840701
-559059.309084,7,3829.968495
5354092.508425,31,3830.571427
-563360.641728,7,3830.710117
5069374.120231,37,3831.434542
-470694.422957,5,3831.533757
-649240.010926,8,3831.692266
5274720.737111,29,3832.284197
-627153.525253,7,3832.429517
5412448.761745,28,3832.981133
-148487.899058,6,3833.103538
-654170.564488,8,3833.272918
-495829.07756,5,3833.372744
2892.605378,250,3838.963273
-672403.501407,8,3839.197418
1743783.822541,250,3846.030943
-591900.429757,7,3846.187581
-569285.877905,7,3846.344052
-488849.51606,5,3846.50281
-574770.429327,8,3846.681275
-494708.993275,5,3846.785547
-497524.029758,5,3846.930921
-478735.793063,5,3847.024716
-492582.932424,5,3847.127827
-493560.630889,5,3847.232906
5356333.04068,29,3847.859404
-479169.450372,5,3847.964669
-476134.440495,5,3848.067101
-590228.297649,7,3848.24076
5404745.288599,26,3848.831155
5393048.61671,27,3849.472975
-480789.841996,5,3849.587066
-543295.846404,6,3849.718808
-486735.233233,5,3849.832436
4266545.595743,46,3850.845627
231748.735185,250,3855.675465
-642508.281795,7,3855.798946
-482317.968974,5,3855.889388
-643472.824976,8,3856.037136
-518399.393152,6,3856.145978
-663946.533557,8,3856.286667
-488597.483513,5,3856.380185
751843.628495,250,3861.101561
-688370.898478,8,3861.256341
-481410.776873,5,3861.348473
4806721.46199,39,3862.100963
4996778.320565,37,3862.797756
5025763.496491,35,3863.411321
-171154.451745,7,3863.531367
5180295.006227,33,3864.095668
4900739.614757,38,3864.849346
-485665.784451,5,3864.942513
5399102.004829,27,3865.430037
5410537.514539,24,3865.848153
-480236.163539,5,3865.934746
4346476.30859,49,3866.818275
5231082.393007,34,3867.491857
-455737.078707,5,3867.612245
1242653.458059,250,3872.442427
4475701.132633,45,3873.272172
-138666.070113,21,3873.68736
-500882.833588,5,3873.78689
5337751.936481,29,3874.331427
4381779.444292,45,3875.109219
4352538.845464,45,3875.918817
-486593.500332,5,3876.007092
-482772.380215,5,3876.098071
-459636.440144,5,3876.192251
-606611.392711,7,3876.324875
-478101.725259,5,3876.4168
-502704.633671,5,3876.508702
-502866.962409,5,3876.596815
5403822.957872,28,3877.131142
4252212.850761,48,3878.042019
-558298.931222,7,3878.168429
-642697.979688,9,3878.334922
5262514.935306,36,3879.006143
5138149.149014,31,3879.583937
-509096.088567,6,3879.689174
4369453.437397,45,3880.527856
-490141.350523,5,3880.622592
-645915.649074,8,3880.770131
-582959.322552,7,3880.898802
-612579.760232,8,3881.040303
-648300.109002,7,3881.172466
-496210.022399,5,3881.26799
5050930.994163,35,3881.94581
-613775.130716,8,3882.088141
-498065.26498,5,3882.185556
-484554.38654,6,3882.317384
5208097.245912,33,3882.952915
-695277.565753,8,3883.095622
-627128.369348,7,3883.231472
-557229.493355,7,3883.356161
-486326.309045,5,3883.444379
4041420.798361,49,3884.309822
-490952.448412,5,3884.398595
-557915.570004,6,3884.511014
5291043.105802,31,3885.073307
-132983.522225,6,3885.189657
5363799.937358,28,3885.726099
-601105.429836,7,3885.862301
4926935.954989,37,3886.583425
-589241.471648,7,3886.716388
-487273.158457,5,3886.811257
-489361.362839,5,3886.900423
-495015.046293,5,3886.990329
-496390.300389,5,3887.089077
5069718.20142,36,3887.944098
-482361.129382,5,3888.060859
-671496.5655,8,3888.240092
-602599.726468,7,3888.381081
4063536.444134,47,3889.255218
5163601.4953,35,3889.876853
5410486.71811,24,3890.333294
-665688.702616,8,3890.481385
5004862.016847,34,3891.111827
5402419.596241,29,3891.659536
394594.003795,250,3896.388357
-495808.158613,5,3896.489842
-613913.105415,7,3896.624537
-641753.554192,7,3896.788726
-590175.800367,7,3896.928234
4264285.538579,49,3897.930074
-487316.083708,5,3898.018125
5052228.551095,39,3898.767866
-598355.933565,7,3898.897836
-484122.637405,5,3898.984686
-568144.736926,6,3899.091708
-612121.870308,7,3899.221914
3991729.036414,51,3900.187514
5302556.733376,32,3900.78405
-484020.583991,5,3900.876212
-132356.276627,7,3901.010282
5396267.837307,30,3901.586343
4632647.448693,41,3902.496051
-502203.247909,5,3902.591193
-576733.11238,7,3902.725098
-501885.205335,5,3902.812773
-486406.266635,5,3902.900075
-495249.548412,5,3902.987605
-489457.133619,5,3903.075122
-489949.190911,5,3903.163833
5227209.243977,34,3903.760706
-619359.584167,8,3903.904371
-503173.893702,5,3903.988397
-559081.981699,7,3904.1134
-496969.160578,5,3904.211222
415915.032103,250,3908.822143
-150175.111216,250,3913.810728
-494994.382447,5,3913.935441
-480901.56252,5,3914.035491
4326149.356125,48,3915.058102
-555519.423699,6,3915.192986
4825377.141183,39,3916.05202
-486828.859109,5,3916.15555
-590799.016982,8,3916.31585
-701599.139058,8,3916.47642
4619609.524695,43,3917.300587
-495019.860673,5,3917.3903
-592344.436376,7,3917.535062
-481215.246288,5,3917.650452
4949181.579758,37,3918.320634
-501786.951175,6,3918.429395
5012160.058617,35,3919.093762
677024.595248,250,3945.090618
-478766.799155,5,3945.179888
5404800.681542,30,3945.711574
-489414.651832,5,3945.799255
1069689.93535,250,3950.417721
-612353.040822,8,3950.573434
5426161.313967,25,3951.05308
-490821.611898,5,3951.152616
-570643.479784,7,3951.286013
-487148.43379,5,3951.380578
-500783.0414,5,3951.472871
4907777.117507,37,3952.172848
-478531.170422,5,3952.279284
-156787.848744,8,3952.437722
5040557.060177,34,3953.122484
5226348.33238,33,3953.786617
-490716.322383,5,3953.873998
5437017.935439,26,3954.332107
-558071.124177,7,3954.465275
-487295.687723,5,3954.554512
-501325.170204,5,3954.643863
5389643.921128,30,3955.243329
5381109.725098,31,3955.827269
5187634.537529,32,3956.383559
5267000.763675,33,3956.987601
4903046.624035,39,3957.730053
-522938.970947,6,3957.84456
-655607.631123,8,3958.004154
-697764.446049,9,3958.174188
-501339.518823,5,3958.271147
-701620.575346,8,3958.427929
5354832.998858,28,3958.959483
292618.02782,250,3963.708253
-664665.410494,8,3963.855469
5065175.436641,33,3964.507864
-495633.567775,5,3964.600398
-789079.228948,10,3964.799239
-512790.71429,6,3964.910639
4234141.301646,47,3965.871739
-612955.201673,7,3966.010494
-578566.545555,7,3966.149392
5403665.176839,24,3966.616955
-498301.104481,5,3966.714123
5416922.844414,26,3967.2309
450629.164511,250,3971.984415
5256463.963806,30,3972.579105
-513775.692345,6,3972.69356
5377452.645507,27,3973.173931
-617208.850832,7,3973.301223
4594311.558777,42,3974.062207
-502382.603546,5,3974.147826
-494957.863842,5,3974.248619
114022.096108,250,3979.052283
-638871.583746,8,3979.215817
-486884.174022,5,3979.315768
-498714.692494,5,3979.407394
5410445.867436,27,3979.958953
-694420.853359,9,3980.140029
4935216.912249,37,3980.832293
3411741.113331,250,3985.625459
5323749.131162,29,3986.210984
5320838.509669,29,3986.804894
-558378.366679,7,3986.945694
-495191.53633,5,3987.041384
-488478.406968,5,3987.139011
-559619.141777,6,3987.259325
5273757.592797,38,3988.001896
-675192.404173,8,3988.16226
-598789.055885,7,3988.302975
4170972.202661,45,3989.207754
7328906.070625,155,3992.227374
-556565.503907,7,3992.36325
5344379.579103,30,3992.898216
-558913.494962,6,3993.007039
-502890.14984,5,3993.096515
-486825.256447,5,3993.185952
-493761.923807,5,3993.280301
-515188.585366,6,3993.391659
1697197.419465,250,3998.303945
4961920.281081,37,3999.032015
5085035.192556,35,3999.73719
5352341.723473,36,4000.460865
-494395.853817,5,4000.558228
-554852.713929,7,4000.696739
-484460.433923,5,4000.797397
-569050.862632,7,4000.941736
5397197.616315,33,4001.587565
5196790.146728,32,4002.215593
-743571.932812,9,4002.40265
-499919.900841,5,4002.515152
5094866.081012,34,4003.128241
-502738.897018,5,4003.224232
4609566.876235,43,4003.990896
-499355.409678,5,4004.082944
5078564.840128,36,4004.751552
4952497.701921,37,4005.480608
-502636.019417,5,4005.577875
-472438.292596,5,4005.674986
-498093.117117,5,4005.776659
466004.142718,250,4010.80755
-697682.317564,8,4010.960935
-502162.183753,5,4011.060766
-673494.181703,8,4011.21025
-501826.108502,5,4011.316836
5362927.567387,36,4012.034778
-486738.80627,5,4012.127912
-619431.934005,7,4012.298781
5380378.508885,31,4012.904798
-555942.080803,6,4013.029748
5192000.245078,35,4013.684031
5389704.689328,28,4014.265832
5741255.849457,50,4015.354769
-671816.951793,8,4015.511379
-502306.707901,5,4015.608202
5391614.267635,28,4016.252442
5345918.826066,31,4016.895199
-541852.698069,6,4017.032461
5394633.407805,31,4017.61927
-594019.393375,7,4017.795094
-658604.458103,8,4017.941275
5404407.590337,24,4018.432853
-489733.593691,5,4018.540048
-464970.776172,5,4018.663188
-614142.803816,8,4018.822951
5171335.066624,34,4019.533048
3141088.868325,250,4024.793932
-648508.648441,8,4024.955194
-502255.344419,5,4025.058795
4789146.818365,39,4025.851737
-496987.926316,5,4025.946306
-485800.145042,5,4026.042135
-706207.231893,9,4026.217982
-491879.825054,5,4026.334003
5212025.274793,46,4027.264303
-560124.655891,7,4027.421788
-497596.643834,5,4027.521084
5431421.597828,26,4028.060152
-455795.803789,5,4028.155721
5421705.027652,27,4028.710742
-618826.554766,7,4028.866061
-490459.42292,5,4028.988635
-602986.471618,7,4029.13922
-494614.0601,5,4029.259953
-591567.899484,7,4029.411451
-558930.651842,6,4029.538749
-572447.376668,7,4029.696081
-492571.987621,5,4029.800495
5358111.504907,28,4030.392944
5368016.84449,37,4031.089313
5360781.360795,34,4031.756712
-510273.704408,6,4031.890037
-546476.833525,6,4032.013479
-627676.017836,8,4032.177427
4794048.65471,37,4032.907175
461654.25191,250,4037.635114
-560667.019074,7,4037.772853
-628910.213224,7,4037.906365
5373921.385675,34,4038.580156
-477827.804522,5,4038.67742
-591944.886963,7,4038.816783
179533.020487,250,4043.746236
-704521.183414,8,4043.895067
-502546.037519,5,4043.987525
5076968.81368,39,4044.730375
3865784.106825,53,4045.758988
-573337.692952,7,4045.895276
539930.322821,250,4050.77316
-501609.814473,5,4050.871478
-489184.06721,5,4050.97314
-500339.239012,5,4051.070129
5161286.713068,34,4051.740843
5068814.599356,32,4052.399932
5373041.691951,28,4052.96501
-501138.057593,6,4053.088618
-633674.726069,8,4053.253168
2827067.434391,250,4058.270682
-489049.414865,5,4058.375988
-502375.432211,5,4058.475
4682919.63253,39,4059.209995
390746.440017,250,4064.121834
-847811.435826,11,4064.333406
-491287.240137,5,4064.437389
579856.472105,250,4069.413154
-638404.339247,8,4069.570662
-496658.480329,5,4069.66545
-620120.084107,7,4069.802355
-567862.878807,7,4069.935711
5403728.717445,28,4070.473982
4699673.890582,40,4071.243236
-679934.333189,8,4071.406542
5428868.420429,24,4071.88736
-660503.551242,8,4072.109928
4837805.231068,38,4072.903848
5412152.744279,27,4073.49361
-476038.271825,5,4073.602234
387437.0999,250,4078.506088
5358995.837624,29,4079.048343
-522455.78315,6,4079.159076
-489918.994036,5,4079.258376
-1134514.843079,15,4079.556482
-485431.915467,5,4079.652733
5033751.993855,33,4080.292333
-501051.769127,5,4080.391992
-494031.446366,5,4080.497001
-469644.361649,5,4080.595328
5426218.246701,27,4081.13118
-497063.279581,5,4081.227186
5271058.701418,41,4082.036
-481263.001296,5,4082.14511
-454651.693757,5,4082.241808
5418495.288971,25,4082.76316
4322136.522623,44,4083.653027
4856653.965104,39,4084.416415
-489487.584247,5,4084.535976
-599768.282576,7,4084.739016
5276421.913605,30,4085.409258
-487601.934636,5,4085.554274
-585409.122282,7,4085.683949
-491332.90036,5,4085.785014
5372108.829306,36,4086.483063
-597326.729457,7,4086.616909
-684473.409815,8,4086.772687
319526.03016,250,4092.725564
-556299.107725,7,4092.871155
5385088.703011,30,4093.517807
-778370.59027,10,4093.745436
5286014.289422,35,4094.626662
5405860.609629,25,4095.224012
5232460.578187,31,4095.898304
-556923.873487,7,4096.052366
-491724.538136,5,4096.155222
5366030.484474,31,4096.789289
-656021.653271,8,4096.962213
-653067.147728,8,4097.133942
5443753.017577,27,4097.75718
-502945.740579,5,4097.873613
-491191.237646,5,4097.998625
-491765.360712,5,4098.103713
-484317.85541,5,4098.221751
-581787.050432,7,4098.406812
-502619.38181,5,4098.520793
4814984.656927,55,4099.769221
5375985.403836,45,4100.710173
4573124.387647,43,4101.634654
698723.358627,250,4106.557435
-574373.15869,7,4106.691512
-494612.281008,5,4106.791461
-665139.618344,8,4106.95139
-610755.622062,8,4107.119824
5004478.780585,36,4107.850775
-997758.822362,13,4108.101605
-623890.310594,7,4108.256212
-502303.940242,5,4108.361179
-486591.503591,5,4108.464165
-489253.642974,5,4108.595318
4531384.596091,41,4109.462852
5387723.334062,26,4110.012534
-599666.870698,7,4110.180083
5313915.067069,32,4110.890909
-552046.345727,7,4111.028824
-485136.057148,5,4111.123566
3612950.361919,56,4112.249698
-559232.18455,6,4112.362488
4523858.741052,44,4113.213048
-479446.719008,5,4113.322351
-491171.094385,5,4113.43381
-483891.237203,5,4113.527161
237928.294362,250,4118.540813
5428996.305238,23,4119.023752
-553839.473823,7,4119.183343
5207948.696694,32,4119.826101
-502552.696545,5,4119.920514
-480934.124961,5,4120.018735
611248.269292,250,4125.358071
-608265.349991,7,4125.510573
4605531.48828,41,4126.378994
-613309.335958,7,4126.535622
5373073.768634,31,4127.21632
-552625.035576,6,4127.353058
-478460.269602,5,4127.445926
5286792.912938,36,4128.209213
-497552.919578,5,4128.310576
5193460.331555,34,4129.098059
-152804.141883,6,4129.214745
-478434.110917,5,4129.319161
2858788.67894,250,4133.964955
-495160.443176,5,4134.059744
-171923.957565,8,4134.207189
4949685.157362,34,4134.82015
-509085.322139,6,4134.925639
-480868.725273,5,4135.014729
-456619.835141,5,4135.105296
-494549.197612,5,4135.192697
-496458.741913,5,4135.281466
-561471.675114,7,4135.408528
-636839.727179,8,4135.549722
-619699.319159,7,4135.678455
5312327.857152,34,4136.29804
-32998.004684,250,4141.267304
-615361.955649,8,4141.418321
5471908.554016,44,4142.21187
5351931.698546,31,4142.785261
-502247.151972,5,4142.871209
-492908.494323,5,4142.962247
-645944.515759,8,4143.108987
-560820.038966,7,4143.244378
4916007.510779,35,4143.964807
-478607.344135,5,4144.076407
-499642.27837,5,4144.176991
5332115.752734,30,4144.853301
5419620.065735,23,4145.351887
-497534.161662,5,4145.455218
-501452.752806,5,4145.562158
5327587.670087,28,4146.140423
5343005.151241,29,4146.70935
-475160.14457,5,4146.802057
5404717.124821,32,4147.427706
5231858.503224,32,4148.022519
-502534.791695,5,4148.121952
-556183.941533,7,4148.257016
-502697.318711,5,4148.36046
-487125.271461,5,4148.453291
-494005.765384,5,4148.544096
-632043.779599,7,4148.678043
-641133.081117,7,4148.810552
5366369.484744,36,4149.471301
5265506.563734,32,4150.041673
5386844.924873,30,4150.598129
-615538.33867,7,4150.723027
-568631.637629,7,4150.844629
-475925.11907,5,4150.93704
-611223.415245,7,4151.073847
-161834.665619,6,4151.180749
-621731.234359,7,4151.305925
-471153.243379,5,4151.404219
4975560.453063,37,4152.131091
718822.172795,250,4159.920001
-516249.982915,6,4160.138705
1156922.179674,250,4172.066783
-476460.509472,5,4172.413551
4442391.193359,43,4174.36199
-578238.851229,187,4178.158637
591974.817856,250,4182.779686
5438654.919425,32,4183.336267
-502393.012395,5,4183.427148
-604018.680231,7,4183.550294
5352674.196104,35,4184.175067
5388934.356163,27,4184.665079
-625909.636823,8,4184.811199
-499805.207028,5,4184.902105
-603353.535077,7,4185.025342
-497078.186326,5,4185.112525
-482650.759571,5,4185.206373
5105382.191473,34,4185.838706
-690389.141852,10,4186.027055
-667670.957628,8,4186.174053
-487524.482954,5,4186.262632
-492837.714631,5,4186.355911
-485443.647913,5,4186.453008
5398955.134024,28,4186.976393
-477962.913649,5,4187.073292
4111170.012962,50,4188.050357
-604840.100806,7,4188.185013
-486930.469166,5,4188.279569
-474099.313522,5,4188.381701
-546887.116696,6,4188.491556
5274026.415511,36,4189.175356
-646561.978992,8,4189.330689
-502622.504223,5,4189.430639
-261732.537778,30,4189.992979
-480067.590353,5,4190.090682
-497863.916253,5,4190.188658
5420903.498107,23,4190.627913
-489951.162801,5,4190.723371
-573810.231165,7,4190.853523
-510801.519879,6,4190.964781
4122115.107494,47,4191.848328
-497636.080773,5,4191.939627
-583132.03513,7,4192.073473
-487750.289227,5,4192.168734
-461414.796391,5,4192.265858
5324272.498741,31,4192.850096
-488802.24311,5,4192.940346
-496395.022368,5,4193.024451
-644025.276631,9,4193.185756
-536885.760249,6,4193.289837
-653486.800843,8,4193.433002
-594272.808309,7,4193.553072
5341880.540642,39,4194.248905
-502550.393972,5,4194.333659
4604116.109305,42,4195.095909
-694906.666572,8,4195.234348
4273573.847143,46,4196.077007
-498845.842493,5,4196.165605
-491479.446671,5,4196.260798
5127855.596612,34,4196.90154
-575256.545537,7,4197.033001
-485046.255313,5,4197.133534
-470763.678089,5,4197.235287
-620633.266092,8,4197.396037
-492139.62123,5,4197.494864
4522489.276707,43,4198.34814
5444170.666417,26,4198.837143
5226586.760856,31,4199.447836
-890334.914918,12,4199.689412
-501243.690607,5,4199.795732
-559986.066947,6,4199.926221
-494404.04235,5,4200.026969
5370350.666199,29,4200.608261
-509781.599439,6,4200.720419
5332277.637141,35,4201.407363
-614743.036865,8,4201.559139
-472724.68416,5,4201.660414
5340485.615514,43,4202.515443
-463366.232563,5,4202.611548
-488679.059018,5,4202.714581
-498146.359551,5,4202.813322
-493805.891755,5,4202.911083
-488533.949348,5,4203.008378
-498442.859913,5,4203.103396
5070381.254489,33,4203.757628
631176.500882,250,4208.693539
-643788.203866,8,4208.865705
4072691.552834,51,4209.826489
4513926.807304,46,4210.745839
4920123.505202,37,4211.463949
-625876.106659,7,4211.59612
-472438.444741,5,4211.687751
5751682.957684,50,4212.803224
4678391.94527,40,4213.681967
5340308.872308,27,4214.235093
-481952.330547,5,4214.33811
-774454.524538,9,4214.518739
-471838.052736,5,4214.607591
-487675.752981,5,4214.696599
-468799.706116,5,4214.800414
-498861.088556,5,4214.894683
-541384.718109,6,4215.009979
5408960.033264,25,4215.490669
-502302.614401,5,4215.586514
5216281.599961,37,4216.275952
-645207.50916,8,4216.45445
4556153.152142,42,4217.324111
5394233.60721,29,4217.945383
-498964.280341,5,4218.064356
-502099.843424,5,4218.166267
-476593.576904,5,4218.275844
-485421.151355,5,4218.379764
-574109.256989,7,4218.5494
-498336.35754,5,4218.645596
-489645.451968,5,4218.75428
4905019.545047,38,4219.5978
5333217.410474,32,4220.26527
178731.082885,250,4225.573327
-495074.059403,5,4225.677699
-502501.486127,5,4225.77917
-502932.856549,5,4225.88481
-559692.064201,7,4226.037959
-658552.950611,8,4226.204824
5409385.623209,25,4226.729187
-598612.090718,7,4226.887854
-778371.366454,9,4227.063252
5342919.700975,33,4227.786308
5312274.194909,36,4228.560015
-551408.37875,7,4228.722613
-575662.361958,7,4228.868319
-668522.731095,8,4229.067177
-473401.473529,5,4229.170045
5377894.068162,29,4229.847073
-485900.897378,5,4229.964
-499246.453189,5,4230.079134
-484696.012588,5,4230.194636
-572947.082387,7,4230.352851
-496058.967552,5,4230.477504
-484576.158986,5,4230.583195
-492435.648019,5,4230.692153
-617535.583529,7,4230.826392
-490275.073779,5,4230.940651
-489597.014069,5,4231.043528
-617038.693651,7,4231.194901
-830858.216961,12,4231.460714
-502509.763941,5,4231.577849
5388451.194629,28,4232.169508
4618700.403522,42,4232.923529
-594149.306826,7,4233.063213
-460921.332089,5,4233.159965
-599396.714753,7,4233.294363
-584784.292333,7,4233.415639
4096680.640134,50,4234.365218
4788082.145624,38,4235.115122
-504508.057302,6,4235.22732
5261668.180684,30,4235.84493
4978564.186618,35,4236.501671
-484460.25877,5,4236.590473
4280894.218754,46,4237.484872
-456262.393016,5,4237.573321
-945317.00611,12,4237.786514
4912221.576081,41,4238.683959
-599983.749636,7,4238.831596
444951.430176,250,4243.531905
-495752.403299,5,4243.627068
-492801.59962,5,4243.721611
-562036.221132,7,4243.856685
-496091.566879,5,4243.952538
5336029.827356,30,4244.546335
-623938.570804,7,4244.681773
-485698.81427,5,4244.77618
-486050.212566,5,4244.866362
-516253.588846,6,4244.972806
4269801.917245,45,4245.779824
-489702.890876,5,4245.871282
3702803.057995,56,4247.004113
-499711.743826,5,4247.104636
-480033.06105,5,4247.205562
-488802.557967,5,4247.308013
404575.993002,250,4252.301631
5408246.782868,33,4252.937442
-609725.009252,7,4253.074324
-695203.842162,8,4253.223716
-623801.802463,8,4253.371875
-470053.119192,5,4253.467544
-528392.109093,6,4253.572336
-558869.137345,7,4253.70073
-496556.542531,6,4253.81558
-641138.859465,7,4253.94885
-692168.750318,9,4254.115897
4707686.937278,41,4254.917184
5026629.741275,36,4255.617971
-483594.562444,6,4255.739309
-662270.059261,8,4255.895337
-484548.727281,5,4255.99201
-481201.554818,5,4256.088257
-580603.160527,7,4256.222784
5209314.7784,31,4256.83527
-517583.416959,6,4256.942552
5203089.556334,37,4257.642721
5370338.459659,25,4258.126414
5422628.159992,24,4258.576233
-500134.78253,5,4258.675599
189498.559971,250,4263.297107
5016736.076316,35,4263.916217
-568377.123617,6,4264.023755
-486503.09678,5,4264.110601
-501339.188943,5,4264.194418
-486778.562785,5,4264.28262
-653431.512649,8,4264.44135
-512524.663834,6,4264.547531
5328596.279989,33,4265.144993
-484130.331416,5,4265.235273
5104705.399967,34,4265.84279
-544895.129647,6,4265.954205
-139998.833222,6,4266.071158
-601836.489571,7,4266.204441
-488973.333426,5,4266.298809
-494852.109698,5,4266.389208
-501648.743475,5,4266.483944
-502456.400687,5,4266.5883
-503534.98932,6,4266.702819
-542983.027083,6,4266.821482
5347995.825481,27,4267.427083
5256716.416415,49,4268.342624
-502300.540984,5,4268.434095
5160257.478827,32,4269.022333
4995202.492307,36,4269.710146
-499247.523423,5,4269.804036
-657189.749401,8,4269.954562
5157586.981795,56,4271.027746
-535321.728011,6,4271.147253
-562418.19826,7,4271.286596
7922725.883719,228,4275.656585
5364298.065477,29,4276.220854
519066.185943,250,4280.860197
4375384.413229,47,4281.725638
-608344.711682,7,4281.853666
5398198.216077,23,4282.299452
-633695.871164,7,4282.428333
316385.886249,250,4287.447921
5356328.431065,29,4288.011713
5371227.917161,29,4288.570611
5315763.370395,30,4289.138625
-503033.815655,5,4289.234727
-633192.655999,7,4289.369327
-486407.262452,5,4289.475695
4902019.181352,35,4290.170521
-739854.125641,9,4290.354912
-589973.591298,7,4290.516683
5018543.802787,36,4291.305545
-558647.674922,7,4291.456738
-487842.415777,5,4291.568069
-484987.262812,5,4291.733671
-548686.31541,6,4291.855906
5173204.761264,33,4292.658889
4589959.121909,43,4293.560143
4374506.733276,44,4294.538279
-496933.624887,5,4294.643183
5411306.603282,26,4295.256246
-548292.223737,6,4295.370406
106482.779346,250,4300.244796
-474135.380451,5,4300.342643
4207276.15916,47,4301.261149
5127203.771831,34,4301.964924
-553663.444699,7,4302.087685
5344475.098026,29,4302.646651
-489946.701872,6,4302.760756
-546914.644508,6,4302.866669
-610121.967598,8,4303.008487
-496882.760009,5,4303.095903
1400783.752674,250,4307.740638
5224080.496276,37,4308.446758
-1076430.639958,15,4308.723662
5154867.742665,33,4309.357693
5428013.638423,24,4309.812039
-515263.725288,6,4309.924557
-577108.073654,7,4310.054075
195467.599108,250,4314.675422
-477717.783574,5,4314.76338
298336.165461,250,4319.486027
5399977.897371,44,4320.275074
5392201.176227,26,4320.733907
-685814.707621,8,4320.878643
-589373.612373,7,4321.019299
-638267.120231,7,4321.166737
-485817.256961,5,4321.286387
5348890.544208,33,4321.91004
-490724.571785,5,4322.003857
1156275.436436,250,4326.580266
-600459.724611,7,4326.708724
-724094.476546,9,4326.880106
4858988.286011,37,4327.577402
-553309.432859,7,4327.703316
5231886.02659,31,4328.295051
-502311.894588,5,4328.386907
5359038.029032,28,4328.90348
4034340.78997,51,4329.856965
-475549.614592,5,4329.940988
-491120.727306,5,4330.024385
5108797.989639,35,4330.623812
-551267.306656,7,4330.739816
5041536.614265,36,4331.376057
-479720.040954,5,4331.471546
5413522.407816,30,4332.007969
-900688.755743,12,4332.243505
5262989.25259,31,4332.853125
-550963.037276,7,4332.975055
-486706.797548,5,4333.064002
-482656.251594,5,4333.156914
-495069.583166,5,4333.249446
-550089.984896,6,4333.361904
-478459.177362,5,4333.461904
-489510.114517,5,4333.555962
-491770.953928,5,4333.658781
-692391.422343,8,4333.811385
5415518.610794,25,4334.274526
-610889.227729,7,4334.414965
-496790.794721,5,4334.516836
4300595.532788,48,4335.443336
-643539.020674,7,4335.581612
5434051.817314,28,4336.108453
5189651.9387,36,4336.792948
-506424.487315,6,4336.905688
-483603.173884,5,4337.000688
-598313.598673,7,4337.12704
-700120.903167,8,4337.294308
4208060.592741,50,4338.286272
5072214.885829,35,4338.933958
17020.511483,250,4343.52432
339706.720984,250,4348.296742
-495795.505467,5,4348.390794
-502539.327302,5,4348.509895
958653.066985,250,4353.267172
-577101.90344,7,4353.401102
4306521.894947,47,4354.307246
5246792.14069,30,4354.915578
-498218.848854,5,4355.010482
5171338.845361,36,4355.716187
4871722.956535,37,4356.506073
-487026.091868,5,4356.628137
-85074.447683,250,4361.909082
-486812.005254,5,4362.003862
-572489.992729,7,4362.153035
5073348.584349,50,4363.163037
-305626.834331,250,4367.799628
-502482.065733,5,4367.895662
-622866.670442,8,4368.053583
-783495.834719,10,4368.236874
-496033.086877,5,4368.325854
-591111.049571,7,4368.452779
5180664.836658,34,4369.065724
-486425.477705,5,4369.164415
-609126.994775,8,4369.312191
-549532.838979,6,4369.427945
-493758.295321,5,4369.520147
5397525.337118,27,4370.058883
-490292.648689,5,4370.147199
-496799.68104,5,4370.245783
5286371.876101,30,4370.780348
5104640.968664,33,4371.387282
-497898.346254,5,4371.48868
-491703.306836,5,4371.595297
5278761.479947,32,4372.161202
5173415.274925,34,4372.817176
4428644.111727,45,4373.789005
-491154.019917,5,4373.876238
-475688.740174,5,4373.963299
4302603.394937,46,4374.820177
-565708.010702,7,4374.940473
-510615.37177,6,4375.046679
-640950.732356,7,4375.173371
-502644.603363,5,4375.261889
-472084.819163,5,4375.363279
-485857.205324,5,4375.461533
-497290.829656,5,4375.55447
-664918.406645,8,4375.710445
-486347.230024,5,4375.804937
-577472.683937,7,4375.944149
-502320.371863,5,4376.037319
-494928.821171,5,4376.131295
-494108.535223,5,4376.234498
-550923.618671,6,4376.353267
-469515.242854,5,4376.447306
-559900.464257,7,4376.578901
-496669.251024,5,4376.70889
-661714.264734,8,4376.914418
-474394.004258,5,4377.016485
-652302.494363,8,4377.17867
5375459.733366,29,4377.734184
5343720.831241,29,4378.266352
-640313.694031,7,4378.397472
373576.129225,250,4383.282374
5107144.137142,33,4383.924289
125329.921913,250,4388.563095
-516166.805835,6,4388.687055
-663907.856353,8,4388.828383
-650456.765527,8,4388.97007
-497475.238577,5,4389.058744
5354851.623551,41,4389.886468
-494538.486744,5,4389.97408
4991668.650166,39,4390.733928
5539416.468695,43,4391.475068
-562505.722327,7,4391.59244
-495317.802583,5,4391.681431
4349623.613646,46,4392.501169
-515258.121362,6,4392.606322
-627406.036018,8,4392.784461
-599019.611414,7,4392.958514
4270748.251733,47,4394.45434
5385057.283238,30,4394.982788
-695340.307684,8,4395.124608
-485442.823703,5,4395.219995
4111912.518833,49,4396.092117
-595083.073059,7,4396.214772
-552447.682614,6,4396.315341
5362749.97789,34,4396.922428
5042641.865724,35,4397.528963
5335107.163437,37,4398.176013
598973.301901,250,4402.706706
-623428.626723,8,4402.852342
-898691.117268,12,4403.077003
5600232.778893,66,4404.374787
-494617.361025,5,4404.466292
-501558.451769,5,4404.558639
4803177.701647,39,4405.313042
-483112.782069,5,4405.409189
-506136.758386,6,4405.521851
-606531.603779,7,4405.651132
-486946.640552,5,4405.744398
-480422.680009,5,4405.840705
-484546.776677,5,4405.936816
-468494.707057,5,4406.035519
-619051.198749,8,4406.189657
-590230.598017,7,4406.317076
-482219.878905,5,4406.41113
-502739.241588,5,4406.505857
359874.735073,250,4411.228026
-680954.362644,8,4411.363527
-475850.281739,5,4411.449557
-609986.024393,7,4411.570757
-728743.143789,9,4411.727422
5232062.590465,32,4412.642089
5143323.700511,37,4413.519234
-490491.815936,5,4413.618542
5340794.033435,30,4414.142785
-698830.980575,9,4414.296975
-490138.166739,5,4414.377572
4533746.125252,42,4415.136077
4542810.664255,43,4415.868413
-474504.48241,5,4415.952882
-565253.334689,7,4416.080505
5087895.981172,35,4416.686769
5399550.891393,28,4417.194675
-494069.001411,5,4417.289042
-678600.234259,8,4417.429729
-754590.5613,9,4417.580242
-494441.159864,5,4417.667847
-474328.90772,5,4417.75431
5280642.459607,30,4418.281602
295456.504679,250,4422.845997
-609786.91515,9,4423.012378
-493376.752215,5,4423.097099
4854538.995302,37,4423.748784
5289406.249171,31,4424.294503
-565479.751152,7,4424.420151
5319464.342652,29,4424.931929
4923052.46332,38,4425.609998
5356979.645062,30,4426.156529
-496353.809926,6,4426.263093
5609126.982225,71,4427.590581
5288302.585407,36,4428.282063
-460065.322952,5,4428.378838
-488539.765425,5,4428.470845
-146660.367522,250,4433.13892
5398855.329893,27,4433.635618
-557447.293309,6,4433.743706
5413293.112143,26,4434.22622
-496526.030319,5,4434.316029
5416591.366036,25,4434.772975
-567661.429076,7,4434.904891
-703545.185302,9,4435.074858
5382902.502083,28,4435.581693
4620885.444379,39,4436.310492
-805183.08777,10,4436.499013
-524934.658455,6,4436.606867
3640309.213815,55,4437.628175
5237002.83724,32,4438.217274
5420260.277252,23,4438.65265
-478783.026911,5,4438.748366
-775118.102012,9,4438.916944
-585416.87125,7,4439.054472
-490400.402822,5,4439.153547
-503279.077321,5,4439.244908
-469490.73955,5,4439.348225
-502472.510617,5,4439.441721
-615314.44111,7,4439.57127
5286322.582969,36,4440.239263
4582014.066083,44,4441.084672
-671100.839776,9,4441.262907
-696908.513526,8,4441.430169
4569444.269922,42,4442.284819
-500935.44149,5,4442.382634
-447471.534707,5,4442.485892
5423140.944679,26,4442.989942
5330543.660916,33,4443.637716
-490493.101675,5,4443.741324
-475653.566161,5,4443.837876
-490637.354413,5,4443.936757
-613326.22026,7,4444.086409
4927862.251982,79,4445.632437
-494416.258892,5,4445.743357
5078598.674413,36,4446.448713
4929073.142585,36,4447.169066
-487963.577111,5,4447.27454
-569628.767626,7,4447.419808
-483733.909695,5,4447.52056
447764.922802,250,4452.570197
-511347.018852,6,4452.68503
-708218.764012,8,4452.834694
-494716.75407,5,4452.928353
-482866.871079,5,4453.022292
-654764.544476,8,4453.172869
-564880.927614,7,4453.303918
-562061.825758,6,4453.418534
-486282.712186,5,4453.509601
-469824.593236,5,4453.608535
5165367.106452,31,4454.193236
-489929.18154,5,4454.291384
-578561.392968,7,4454.431008
-740618.683991,9,4454.619625
5008186.58429,36,4455.290921
-489531.750403,5,4455.389764
4951822.095479,37,4456.116984
-488224.473073,5,4456.217906
-829237.49513,11,4456.435414
-502154.530495,5,4456.537776
-496356.534924,5,4456.640053
-496344.211024,5,4456.732316
-594914.755384,7,4456.86526
-160317.842944,7,4457.002816
-601018.910791,7,4457.144421
-498540.886349,5,4457.24098
-612379.403722,7,4457.381531
5159654.802278,36,4458.091224
-584114.21696,7,4458.225013
3975606.230073,50,4459.211379
5329701.114338,34,4459.873206
-486640.971108,5,4459.969299
-691743.120106,9,4460.145789
-566974.649898,6,4460.266701
-515571.337504,6,4460.388165
279454.119963,250,4465.343808
-557651.285008,7,4465.486145
-586922.22742,7,4465.62371
5384918.9677,27,4466.18558
-488859.948278,5,4466.28715
5295974.024444,35,4466.977361
5065909.457828,36,4467.634478
5417391.805496,28,4468.163271
-487962.730495,5,4468.261087
4633513.907786,43,4469.079274
4788190.960805,39,4469.803257
-498417.003684,5,4469.899489
4102398.414779,48,4470.841836
4961291.160167,39,4471.564864
-495546.446857,5,4471.664562
5287779.380177,32,4472.280866
-486599.110012,5,4472.374204
-617722.944118,8,4472.52102
5249198.611857,32,4473.113662
5407548.919106,25,4473.591249
5340341.211536,37,4474.270562
-495255.355445,5,4474.373677
-496284.69314,5,4474.472048
-1010994.430229,13,4474.723431
4424996.24677,43,4475.569195
-649608.521941,7,4475.732405
2190129.236081,250,4480.506828
-615944.812683,7,4480.645093
5314211.796525,31,4481.255396
-482911.932141,6,4481.37047
-492585.722627,6,4481.488305
-476690.018533,5,4481.598141
-474840.951901,5,4481.699009
4645350.722608,41,4482.539383
5385979.674929,45,4483.401289
5324420.917606,30,4483.963453
4943381.817954,36,4484.682693
-537906.212142,6,4484.794453
-481870.549987,5,4484.889972
5383644.895849,29,4485.464876
-495895.234728,5,4485.56691
-502936.59224,5,4485.672665
-611140.097497,7,4485.810852
-482221.776473,5,4485.904999
4905743.309659,37,4486.647959
5426803.543369,25,4487.127988
-502536.552037,5,4487.216131
-188755.620473,13,4487.435597
4954118.557077,36,4488.085855
-651554.045391,8,4488.229976
5299079.04297,47,4489.103402
-478115.722216,5,4489.196278
5108016.547111,35,4489.829637
-476196.123551,5,4489.926219
-499865.807849,5,4490.019847
5295134.856244,32,4490.658558
5265394.125007,33,4491.356916
4688124.778358,40,4492.143542
-599440.317485,7,4492.279068
-477643.502933,5,4492.369653
-478829.03087,5,4492.460837
4519711.245464,43,4493.265296
5296095.367771,29,4493.818854
311089.339246,250,4498.658973
-494316.810502,5,4498.797611
4921631.203428,53,4499.751563
-500127.513841,5,4499.838751
-499289.876387,5,4499.926092
-558261.398833,7,4500.046784
-554856.256424,7,4500.171789
-490913.701828,5,4500.263898
5218039.381857,30,4500.807755
5191655.932919,33,4501.372665
-501617.486863,5,4501.459541
4972980.227839,36,4502.126543
5074266.778924,35,4502.75764
4653953.063397,43,4503.586152
5241431.244987,61,4504.707364
5035822.482886,36,4505.410076
-455139.403489,5,4505.503726
-484740.602932,5,4505.596118
4207990.122567,49,4506.556633
-623773.72112,7,4506.688091
-461002.275677,5,4506.783676
4169814.311363,49,4507.670709
-495980.702398,5,4507.757985
-657147.116744,8,4507.918836
4860997.661282,37,4508.581855
-496460.917786,5,4508.676906
-487214.544817,5,4508.773851
-553820.495886,7,4508.903579
-627124.057108,7,4509.045754
5093033.708044,34,4509.679358
-489145.673106,5,4509.777817
-608569.108498,7,4509.895352
4170882.450742,49,4510.768574
-473665.838868,5,4510.858258
-502323.647561,5,4510.960947
-171370.903865,6,4511.075327
-582550.148449,7,4511.213426
5001675.33054,35,4511.823899
4587652.179816,45,4512.636973
-487371.328972,5,4512.733192
5407574.686451,25,4513.18291
-500399.758854,5,4513.276661
4110006.840118,52,4514.222847
4966892.04577,35,4514.861814
4974096.644873,37,4515.590174
-499577.451135,5,4515.688119
-210431.109655,6,4515.80028
-617166.769191,7,4515.9321
-574682.478891,7,4516.057877
4615032.180315,43,4516.924636
-611498.186279,7,4517.044095
5235997.368702,33,4517.633693
5414877.344598,28,4518.176227
-502890.009919,5,4518.27427
-441839.657758,5,4518.367465
5408513.584534,27,4518.883094
5213650.642054,32,4519.49191
4427795.450197,44,4520.345539
4911574.590849,38,4521.084872
-478147.640178,5,4521.180048
5163717.82201,32,4521.798096
4802054.425395,39,4522.531043
382490.190861,250,4527.418237
4561952.114665,49,4528.323542
5168085.042137,36,4528.957632
5130394.838886,35,4529.572738
-517968.726288,6,4529.691096
4581456.303693,45,4530.506088
5375596.777616,27,4531.009758
-502598.396878,5,4531.10672
5391079.415582,28,4531.644252
-276440.738028,250,4536.321929
-502553.857222,5,4536.426214
-495775.06239,5,4536.545502
5143625.950954,36,4537.256884
5063170.461085,36,4537.972977
5383513.404482,30,4538.566653
4264258.021582,50,4539.524495
5299864.733268,43,4540.418609
-605781.130896,7,4540.56551
-479485.727691,5,4540.668585
-484993.509353,5,4540.76687
-658386.096023,8,4540.927399
-512119.944527,6,4541.034826
5334011.937903,34,4541.657731
5264151.832605,35,4542.278975
-568132.385235,7,4542.404223
-481868.531152,5,4542.500883
-562011.264532,6,4542.609765
5129869.123192,34,4543.235093
-475251.494646,5,4543.32652
-639211.851191,8,4543.483837
-607071.981094,8,4543.629809
-486481.641048,5,4543.724987
-635890.318078,8,4543.879472
-563608.301203,7,4544.012558
5199653.964005,31,4544.661714
-677728.534373,8,4544.812313
-485043.940162,5,4544.909672
-503239.947594,5,4544.997765
4338750.578851,46,4545.775374
-482540.20362,5,4545.859744
4213205.996467,49,4546.686376
5216999.351731,31,4547.27481
5282557.664943,47,4548.140014
-518810.71252,6,4548.238629
296433.611351,250,4552.869815
-616635.279687,8,4553.033934
-655024.070069,9,4553.202975
-486163.889446,5,4553.292171
-486146.231826,5,4553.382898
-599329.893588,7,4553.50937
-497913.944406,5,4553.596197
-186020.934748,8,4553.748324
-650089.545597,8,4553.921866
5425749.3851,25,4554.376119
-497764.689005,5,4554.466631
-632542.902061,8,4554.605049
-488889.019004,5,4554.698915
-489417.570979,5,4554.786843
-491019.716468,5,4554.878058
4000821.443329,52,4555.815381
-487346.914856,5,4555.907407
-889235.78295,12,4556.131148
-788752.092789,10,4556.310935
-490844.976122,5,4556.400959
-484905.70951,5,4556.492267
-574477.873582,7,4556.617244
-486156.030223,5,4556.707566
-517338.409471,6,4556.816236
5060667.811245,33,4557.456464
-487611.181669,5,4557.55628
4802877.013285,38,4558.282916
-502088.730702,5,4558.379955
5346051.586537,29,4558.94294
-483825.131667,5,4559.042304
5344833.975754,31,4559.650936
4786063.84328,39,4560.399585
-564187.914634,8,4560.555251
-502278.495011,5,4560.647452
-584886.670819,7,4560.781624
-494588.604825,5,4560.876375
-593979.269006,7,4561.005172
3536508.192761,56,4562.150578
-502598.718953,5,4562.253823
-469087.687005,5,4562.347137
-540573.570522,6,4562.458553
-493169.814087,5,4562.553788
-667112.217885,9,4562.723418
-552201.762152,7,4562.848533
5412056.120358,26,4563.31597
-502356.608352,5,4563.403255
-549830.174262,6,4563.510632
-559252.395112,6,4563.611255
-622726.133382,7,4563.73866
-701947.103315,8,4563.877754
-548866.906454,6,4563.984006
-495445.64291,5,4564.074404
5047621.093312,34,4564.6739
5358083.867002,27,4565.147689
-564753.128987,7,4565.269904
-471332.938507,5,4565.358855
5159108.397425,37,4566.019488
-500826.147761,5,4566.10733
-623784.97662,7,4566.229177
-465289.76014,5,4566.321501
-646239.741453,7,4566.450372
-613366.324722,7,4566.591221
-564828.794978,7,4566.723905
-490665.072197,5,4566.819118
-486492.292275,5,4566.914774
4422865.41532,44,4567.732777
-704546.211581,9,4567.900852
-676913.051739,8,4568.045324
-816191.291988,10,4568.240113
-486704.198893,5,4568.329902
5359357.128917,28,4568.85844
-700162.612341,9,4569.028183
5299383.140499,32,4569.614967
-467657.06603,5,4569.712162
-497167.506676,5,4569.808633
-559586.861148,6,4569.921017
-484429.451751,5,4570.014828
-523298.96844,6,4570.123585
-653535.806589,8,4570.278412
-502913.322699,5,4570.375687
5355163.628568,26,4570.853003
4599359.75427,41,4571.610137
-483653.225652,5,4571.706502
-522388.877407,6,4571.814438
-662701.735896,8,4571.959402
-480141.871471,5,4572.049419
-498729.084343,5,4572.144422
-690382.630461,8,4572.304876
-480251.969206,5,4572.397544
-494840.327425,5,4572.487131
-472277.989036,5,4572.584319
5368684.852,29,4573.137359
-495683.836027,5,4573.226313
-494729.669987,6,4573.3366
-451845.836399,5,4573.425476
221254.549008,250,4577.913185
4520572.390993,42,4578.745597
-486928.100713,5,4578.844835
-567556.395476,6,4578.958666
-502380.181692,5,4579.055425
-587871.439411,7,4579.20274
-662511.684749,8,4579.347598
-475773.833261,5,4579.445326
-469490.842913,5,4579.532195
-514087.656032,6,4579.63346
5274412.686506,31,4580.193496
-485124.921996,5,4580.302624
-493704.528493,5,4580.396787
5235426.638745,31,4580.978051
-668143.293225,8,4581.131073
-610669.309818,7,4581.252739
5260856.417067,35,4581.906919
-665988.589932,8,4582.055145
-574502.886192,7,4582.180615
5207502.395033,33,4582.816401
-602334.771631,8,4582.961148
-491278.782108,5,4583.05466
-494398.095139,5,4583.15377
-582802.915954,7,4583.294898
-502471.0249,5,4583.385061
5116462.944984,55,4584.436218
5013493.915608,43,4585.217019
-486257.623586,5,4585.306391
-717615.736909,8,4585.453789
5289293.397643,33,4586.064291
-648185.247925,9,4586.221367
5372283.115957,27,4586.72604
4796291.023481,38,4587.45371
-1146327.871853,15,4587.715618
-484906.950247,5,4587.802786
-496794.656173,5,4587.89196
4539695.532374,44,4588.711285
-491796.656893,5,4588.798991
4831438.930294,39,4589.490015
5397494.796202,27,4589.968956
-501668.090673,5,4590.056717
-605593.817526,7,4590.186841
-586244.181944,7,4590.315199
4869996.105936,39,4591.054486
4134238.258624,45,4591.883485
4416101.041255,46,4592.739585
-486765.934238,6,4592.855502
5365128.521159,28,4593.393237
-562726.020166,7,4593.520796
5353315.185746,34,4594.158463
5029261.709927,33,4594.797982
-605093.351286,7,4594.941108
4945204.094477,38,4595.68828
-499235.269259,5,4595.783253
-831856.935641,11,4595.966316
4905998.724884,39,4596.634122
-492880.146337,5,4596.727108
4596889.399031,44,4597.528454
-650749.711274,8,4597.675563
-495690.613405,5,4597.765828
5201619.882785,50,4598.657996
5075822.01227,36,4599.421276
-485924.450077,5,4599.513257
5295949.610167,44,4600.43324
5393637.987204,27,4600.906249
-502404.460228,5,4600.988603
-513176.178848,6,4601.099831
-488156.729275,5,4601.186293
5292403.038195,29,4601.689599
4927505.270692,38,4602.370968
5329812.217653,31,4602.92969
-442551.685493,5,4603.01687
5145207.336556,39,4603.689611
-544501.296632,6,4603.799221
4537881.660057,44,4604.562271
-594203.132161,7,4604.692828
-480411.141279,5,4604.782333
-173271.19455,6,4604.893588
5437458.102405,25,4605.34097
-487106.202456,5,4605.430589
-494094.558751,5,4605.520631
5007817.12197,37,4606.175502
5151493.396078,31,4606.722147
-148284.286664,8,4606.863728
-139681.090921,6,4606.973044
-781254.965192,9,4607.13553
178629.132899,250,4611.769821
-494663.254189,5,4611.859985
-642221.22256,8,4612.003792
-489328.600334,5,4612.094446
-592229.23634,7,4612.219094
-483133.01046,5,4612.308551
3947079.509699,52,4613.244571
5307185.865089,33,4613.834245
412348.465937,250,4618.438331
-497012.776778,5,4618.533378
4380336.189917,45,4619.385799
5033138.12431,35,4619.9988
3900699.910418,52,4620.907751
5295939.050815,30,4621.432945
-82015.265876,250,4626.088901
5138075.661779,57,4627.238751
-489093.921389,5,4627.319809
-478660.80955,5,4627.407901
-563210.861416,8,4627.551715
-478957.176242,5,4627.642695
-488445.184316,5,4627.730072
-614057.268472,7,4627.857347
-638349.699417,8,4627.993295
-497916.219055,5,4628.078731
5369860.565106,29,4628.636719
-487685.718638,5,4628.726493
-646070.19292,8,4628.872499
5408836.840633,28,4629.378942
-501745.643857,5,4629.472799
4919442.044196,38,4630.227381
-644323.953002,9,4630.402336
5083736.032507,35,4631.04666
4637284.716105,44,4631.812213
5087052.349003,36,4632.46193
-486373.290097,5,4632.547947
5312239.701194,29,4633.062601
5184565.234681,33,4633.668613
-489832.901923,5,4633.760634
-564778.141516,7,4633.894407
4753868.422896,85,4635.450018
-489699.014293,5,4635.540653
-555570.837066,7,4635.667804
-501744.893986,5,4635.765866
-496546.116819,5,4635.85768
-696984.481857,8,4636.007783
-473407.952549,5,4636.101987
5374564.260092,28,4636.58928
-657315.325254,8,4636.725317
-494395.963623,5,4636.811634
5109066.313766,44,4637.579884
5220063.290322,37,4638.240234
-645913.752518,8,4638.383657
5246969.185077,34,4639.010622
-498776.675604,5,4639.105539
5298992.249839,30,4639.655323
-529772.822036,7,4639.783005
-502438.36569,5,4639.868728
5139618.221849,36,4640.488662
-704388.217084,9,4640.641249
5085007.159864,39,4641.322124
4264174.637859,46,4642.136218
5094469.605418,35,4642.755124
5404496.111104,26,4643.238764
-502871.476708,5,4643.337364
5406890.453644,29,4643.880548
-586112.594535,7,4644.015247
-612554.23967,8,4644.170784
5045828.27868,36,4644.84371
-495368.631539,5,4644.939203
5395858.299928,28,4645.461383
4505852.16759,45,4646.298265
-485496.60574,5,4646.400551
4956722.284475,42,4647.286831
-438161.50637,5,4647.38248
-488215.859046,5,4647.509171
5018926.829088,37,4648.212093
-452583.112952,5,4648.301979
5170135.875065,33,4648.955563
-496476.776912,5,4649.058937
5068697.321204,36,4649.766507
-486761.549874,5,4649.865652
-715358.47233,9,4650.03274
5418651.736405,30,4650.664422
-576905.306595,7,4650.807008
5414481.211233,30,4651.402014
5162608.923379,34,4652.043219
4979324.680256,37,4652.75861
5362195.302477,35,4653.52238
-523285.561362,6,4653.662773
5389104.682208,27,4654.23282
-458688.234553,5,4654.341598
-470335.005154,5,4654.453848
3953028.108908,54,4655.598892
-502807.482063,5,4655.715306
-641706.011512,8,4655.885419
5422713.429673,30,4656.547722
5067891.086857,35,4657.344698
-502215.543698,5,4657.444778
-492722.100214,5,4657.561453
-542413.348416,6,4657.689727
-491829.742672,5,4657.795688
-500144.939975,5,4657.901935
-497461.544124,5,4658.000664
-479085.611155,5,4658.120152
4331206.272817,44,4659.048203
4207608.207024,46,4660.063195
-502619.431865,5,4660.183757
5331936.568317,32,4660.871387
5373327.735296,37,4661.613102
-496131.951931,5,4661.695594
4334838.094547,47,4662.540418
5282083.575323,32,4663.103296
-485930.580335,5,4663.188399
-500157.308636,5,4663.277995
-367302.964198,250,4667.747205
-617582.335636,7,4667.874345
-558906.887903,6,4667.977523
5300384.998814,33,4668.565644
3942736.220164,54,4669.579123
-490550.54758,5,4669.673234
-725269.844551,9,4669.840164
4440867.236501,48,4670.7457
4818974.429324,42,4671.551397
5448074.009897,32,4672.172478
-486962.358947,5,4672.269902
-607425.049,7,4672.396999
-642084.012576,8,4672.55182
5190743.337577,34,4673.205818
-692893.993899,8,4673.353769
-478861.747368,5,4673.445134
-496609.649451,5,4673.538152
-501582.17557,5,4673.628817
5369902.511575,28,4674.146207
-591430.751147,7,4674.273674
-488747.476604,5,4674.367196
-501705.566754,5,4674.456161
-499310.728152,5,4674.550985
-591232.239643,7,4674.687483
-497230.511924,5,4674.780532
5331899.177762,30,4675.348339
5415119.834263,26,4675.835357
-489918.501829,5,4675.930902
5144050.530242,33,4676.53711
-469112.645344,5,4676.630945
-492621.853631,5,4676.726596
5037682.256733,37,4677.437011
5090279.683442,38,4678.153695
5378716.509064,31,4678.76853
-490648.027625,5,4678.871856
5313556.527622,40,4679.617481
-455636.309646,5,4679.711643
-507117.270278,6,4679.828659
-503017.48596,5,4679.930895
5397579.53438,28,4680.500526
321328.612897,250,4685.298986
-471190.617228,5,4685.386089
5382436.882764,42,4686.150872
271250.355443,250,4690.989661
4291022.975252,46,4691.840641
-487603.751385,5,4691.946226
-604203.826898,7,4692.085965
-502703.475709,5,4692.179483
5081132.999847,35,4692.875261
-486452.759236,5,4692.964724
-560947.145671,7,4693.095572
-590757.04618,7,4693.23006
5319780.513527,61,4694.424124
-590675.626286,7,4694.57092
-478257.490749,5,4694.672856
-487577.074339,5,4694.771032
-487061.603619,5,4694.868958
-494615.621404,5,4694.963885
5162167.689685,33,4695.638841
-489586.240536,5,4695.740748
-495322.886119,5,4695.843993
-614857.54872,8,4695.993759
-583809.004699,7,4696.120637
5322174.490492,34,4696.814201
4919705.403984,36,4697.553369
-484989.782726,5,4697.65135
236196.941483,250,4702.689375
-701132.38918,9,4702.87292
5372950.291613,27,4703.423417
-179024.441178,14,4703.686539
-497303.137483,5,4703.787204
-633431.351321,8,4703.94082
5017624.651176,35,4704.60973
-466631.910337,5,4704.714154
-484463.030935,5,4704.813617
-598023.804086,7,4704.953119
5366033.37547,34,4705.606306
-994607.984761,13,4705.869423
-652685.535061,8,4706.031406
5145237.506758,33,4706.67626
5160888.411185,35,4707.352521
-486114.69367,5,4707.448514
243268.063352,250,4712.35192
-497534.070251,5,4712.456435
-829306.975157,11,4712.673873
4779635.524257,47,4713.627553
-693221.19318,9,4713.812016
-502867.937497,5,4713.918703
-108931.886223,250,4718.733704
-488522.579915,5,4718.835063
-144178.386085,6,4718.95571
-515550.889006,6,4719.055546
-619856.078216,8,4719.188157
5398664.089206,28,4719.69459
5338410.226376,29,4720.227324
5258625.913856,34,4720.892318
-481412.252815,5,4720.992991
4066943.473656,50,4721.982001
-458170.868816,5,4722.08312
5404755.486914,28,4722.651796
5010242.930973,38,4723.351015
-488694.779598,5,4723.452662
-481053.428194,5,4723.556736
4431566.013664,48,4724.497531
5432925.270314,26,4725.020578
8857.938951,250,4729.81694
-651075.093314,8,4729.983186
-496585.780909,5,4730.085365
5035742.90463,37,4730.836651
-605322.290985,7,4730.977561
5060837.490504,35,4731.675833
-760441.75045,10,4731.868477
-486074.559992,5,4731.967474
-587775.110345,7,4732.099859
5399979.663251,63,4733.362191
5367206.895628,32,4733.98572
4988318.425622,38,4734.728729
-484885.886527,5,4734.822305
4071895.213783,53,4735.923506
4451336.988616,59,4737.16644
189226.777234,250,4741.917592
-588831.730053,7,4742.044116
-444925.394647,5,4742.136589
-487954.63508,5,4742.226096
4343572.886136,47,4743.102121
-478078.596047,5,4743.212467
-496944.558731,5,4743.305964
-639295.114097,8,4743.442634
-488246.193922,5,4743.535161
-482162.799635,5,4743.622244
-498360.850007,5,4743.71524
-487877.131105,5,4743.808554
5400234.927159,65,4745.00704
-468521.047761,5,4745.098072
-502618.241168,5,4745.197037
4586302.563975,45,4746.05234
-495325.991908,5,4746.14012
-538902.743318,7,4746.276073
-613638.379788,8,4746.417038
-569753.506631,7,4746.55095
5391645.627728,32,4747.168008
-502486.169282,5,4747.264291
-627840.990797,8,4747.422315
-147903.454969,6,4747.526586
4815962.693615,40,4748.251094
-489672.974213,5,4748.335779
-621287.539115,7,4748.461107
5436643.652614,25,4748.898829
5166164.384142,38,4749.609192
-493897.589757,5,4749.7027
4171116.164147,50,4750.666389
4637890.398041,43,4751.513228
-207541.511271,8,4751.653689
-456935.68604,5,4751.765537
-502772.767074,5,4751.854693
-647875.165458,8,4751.986577
-456863.719409,5,4752.068392
4034001.319433,51,4752.969804
-728378.695402,8,4753.116066
5591865.67398,93,4754.822196
-496001.092946,5,4754.914007
-502733.342527,5,4755.01301
-600116.10473,7,4755.142241
-493944.239063,5,4755.238478
4990599.822605,36,4755.911533
-777596.703385,9,4756.07883
5174306.965218,31,4756.658934
3668849.772065,54,4757.715775
5036486.507751,37,4758.43646
5048031.539684,38,4759.167358
-532584.019626,6,4759.278906
-558940.489397,6,4759.392741
4036339.478369,49,4760.298408
-490719.837525,5,4760.385508
-622908.071173,8,4760.521536
-489709.820825,5,4760.612929
-486175.89843,5,4760.701124
5272429.706614,37,4761.33602
4712054.792807,41,4762.040006
5414154.107893,26,4762.497336
-711208.547292,9,4762.651077
5074533.638467,36,4763.299792
-500945.573433,5,4763.383867
5081623.612622,33,4763.939243
5085032.603287,33,4764.5144
4892910.030591,38,4765.18468
-499735.007636,5,4765.278699
5044478.972584,37,4765.970136
5371267.610667,28,4766.497822
-639299.155305,8,4766.64369
-496017.678866,5,4766.735711
-1332813.179112,18,4767.072611
5003926.080893,35,4767.787719
-562224.123429,7,4767.953102
-488547.967683,5,4768.046858
-490909.576531,5,4768.142354
5308993.044996,36,4768.83939
3874186.510772,54,4769.873462
5240051.056398,40,4770.612805
5241470.479119,33,4771.252972
-607611.215898,7,4771.385988
-495602.17507,5,4771.476846
-487521.952085,5,4771.578445
-500688.846982,5,4771.677101
-483695.066561,5,4771.773145
4552664.89497,60,4772.896292
-555119.153265,6,4773.024149
-719612.87231,9,4773.226518
-472394.018564,5,4773.32905
5041731.666817,36,4774.056049
-491280.059252,5,4774.164036
-485745.549633,5,4774.271662
-566363.815078,7,4774.440744
5026484.802874,36,4775.103528
-503488.450598,5,4775.192437
-502605.907009,5,4775.280797
-582073.828938,7,4775.403164
-553994.024177,6,4775.50334
5322599.744519,40,4776.249903
-728596.915844,10,4776.421963
-623136.704288,7,4776.541801
-488894.712563,6,4776.650264
-709871.218599,9,4776.812582
-496225.546508,5,4776.904341
-509887.2606,6,4777.030577
-477903.380605,5,4777.133425
4875586.360692,38,4777.84347
-494089.359107,5,4777.949987
4525464.550017,43,4779.21365
4944968.572139,36,4780.113172
-501897.261904,5,4780.208376
-482005.539057,5,4780.300425
-449522.552144,5,4780.404396
-552299.683226,7,4780.548482
-501749.768559,5,4780.650091
-641258.375069,8,4780.820875
5159361.926332,31,4781.804228
-494594.407975,5,4781.968752
-502578.195961,5,4782.082694
5226952.43925,32,4782.773469
-639598.205447,7,4782.911754
-600418.888952,7,4783.054259
-569117.677327,7,4783.184092
-637496.079271,8,4783.327791
-492615.814681,5,4783.414186
5206555.842451,33,4784.031966
5357156.975748,28,4784.556664
-703585.408615,8,4784.701191
-633414.455826,8,4784.854557
-589597.752915,7,4784.989586
5230391.093047,46,4785.765762
-589961.520958,7,4785.887285
-632600.426142,7,4786.011936
5402955.379266,26,4786.476172
5248786.763103,33,4787.105271
5439752.718666,27,4787.689706
-491221.239579,5,4787.898762
-502541.756831,5,4788.086771
-491114.758536,5,4788.212976
4998088.180106,36,4789.06994
-680242.153631,8,4789.216605
-494971.050243,5,4789.310043
-553750.996424,6,4789.419329
-678645.561234,8,4789.571285
-773431.496007,10,4789.74511
4970916.71822,37,4790.422986
-573760.424945,7,4790.551994
-487386.91945,5,4790.641834
-482316.156714,5,4790.726933
5342562.717754,30,4791.261628
-482871.159153,5,4791.359041
5861076.773116,65,4792.536934
-478773.822149,5,4792.628596
4784616.30025,37,4793.319556
-954969.444169,12,4793.535424
-235388.333264,13,4793.774146
5074184.425803,38,4794.476023
4807628.270312,40,4795.236853
-173816.990513,7,4795.362765
5591553.291303,50,4796.329374
4803945.143357,38,4797.010211
-485045.62534,5,4797.108661
-488693.177611,5,4797.21148
-491965.408747,5,4797.308468
4297185.206241,49,4798.16468
-545671.333079,6,4798.272263
-669232.889199,8,4798.41421
-574621.536374,7,4798.542746
5373131.765146,36,4799.179232
-487361.052173,5,4799.267815
-688706.217077,9,4799.427617
-692622.41454,8,4799.572569
-494164.545083,5,4799.664183
-573516.943451,7,4799.787399
-488616.249117,5,4799.875593
-493643.994381,5,4799.966495
4842178.462092,84,4801.572954
-476437.920351,5,4801.665334
-456286.249371,5,4801.766292
-586225.065787,7,4801.900324
-560497.290818,6,4802.012058
5029753.237462,34,4802.637018
5231866.880093,55,4803.702973
5390169.494844,30,4804.298922
-591088.053001,7,4804.409231
5019672.678821,38,4805.037895
-484432.874045,5,4805.12907
-626457.032032,8,4805.276356
-485432.98319,5,4805.362353
-625401.519242,7,4805.484035
-634959.459752,7,4805.604006
5388547.314534,29,4806.12736
-481882.457102,5,4806.221429
-487930.547622,5,4806.310809
4951249.934278,41,4807.023226
-677457.683179,8,4807.158356
5066298.233926,54,4808.085995
-484902.798908,6,4808.193078
-702906.200358,8,4808.338751
-497914.531801,5,4808.427161
-720141.483727,9,4808.588764
-495247.445259,5,4808.680377
-535664.15974,6,4808.789843
-488042.246222,5,4808.88256
-640388.469521,8,4809.02391
-488177.505194,5,4809.120466
5370853.634585,30,4809.673419
-612929.3562,7,4809.811707
-495464.727892,5,4809.906069
4941258.875846,38,4810.596254
-572886.379734,6,4810.709624
-674612.601002,8,4810.858983
-610040.93741,7,4810.98661
-483571.197364,5,4811.080872
4843734.38033,37,4811.795007
-500926.596267,5,4811.88686
98073.608781,250,4816.603718
-643083.933546,8,4816.754682
-494712.349108,5,4816.846315
-490397.41141,5,4816.937065
5465791.275736,36,4817.584499
5264606.033362,31,4818.516108
-463439.764834,5,4818.663115
-584007.34354,7,4818.872006
5313575.561525,32,4819.55369
-494839.908396,5,4819.646842
5134069.382358,39,4820.361619
-553421.439923,6,4820.471485
-698513.957219,8,4820.61524
4648908.669741,41,4821.325129
-776144.123593,9,4821.477285
4349650.128056,45,4822.256476
5344951.310735,39,4822.931369
5309149.841241,34,4823.527925
-570882.105511,7,4823.652529
-502243.292124,5,4823.746369
-710029.191556,9,4823.900582
-502430.216252,5,4823.996823
-462412.448173,5,4824.097792
-434505.921113,250,4828.552041
5132998.687585,34,4829.201094
4390948.468478,45,4830.027093
5398737.504242,27,4830.527701
-474675.768951,5,4830.621119
-136575.147229,7,4830.751762
-610271.266726,7,4830.876095
-557304.353228,7,4831.001503
-569235.632969,7,4831.130511
-692524.828081,8,4831.284175
-586340.615249,7,4831.410728
-494377.856124,5,4831.505461
-558295.447779,7,4831.634849
-538592.746716,6,4831.748943
-617739.593982,7,4831.879544
-692841.947095,8,4832.038947
-499614.35591,5,4832.132345
5272276.460018,32,4832.722327
4333165.834324,46,4833.608451
-477389.371252,5,4833.724043
3985712.495313,51,4834.642678
4173417.371117,49,4835.511796
5156420.720492,32,4836.083716
3950385.018687,51,4837.02297
-527422.874894,6,4837.146924
-490552.960921,5,4837.253461
-494152.977141,6,4837.364991
4951830.856841,37,4838.04954
4987897.627321,35,4838.679547
-468661.112117,5,4838.77203
304588.860638,250,4843.41505
-487874.011017,5,4843.518359
-493667.948627,5,4843.621155
4885346.866765,37,4844.340387
-156275.057942,7,4844.470723
-485574.614536,5,4844.559144
5331391.68182,35,4845.184159
-495245.731441,5,4845.270676
5266549.666914,30,4845.82188
-580314.467022,7,4845.947863
-494537.616541,5,4846.0452
-482807.492622,5,4846.136797
-717229.512982,8,4846.277311
-619028.62488,7,4846.400558
5043065.219703,35,4847.050058
4409259.622956,53,4848.037673
-481828.399082,5,4848.131246
-597298.304678,7,4848.261204
-492039.728301,5,4848.353025
-657121.477541,8,4848.503343
-465304.472121,5,4848.594512
5318888.207284,28,4849.177695
-559417.728841,7,4849.295403
-151160.955842,6,4849.410029
-798343.120546,10,4849.597417
-645330.159694,8,4849.746802
5299974.547114,38,4850.406435
-501873.956149,5,4850.493217
-698085.303349,8,4850.626215
-485041.609737,5,4850.712571
5812090.567065,56,4851.711141
-472007.365129,5,4851.800639
-571478.165319,7,4851.921839
5328891.508529,34,4852.563424
114704.973313,250,4857.234455
-801141.808471,12,4857.468977
-494808.912799,5,4857.568495
-568682.807434,7,4857.710344
5264067.0567,36,4858.401669
-492633.288938,5,4858.49453
-592527.568872,7,4858.617994
-624598.67549,7,4858.743506
5323363.95731,37,4859.449004
4929343.644965,36,4860.089573
4956537.034897,43,4860.862702
-482136.960491,5,4860.95246
5285755.999721,32,4861.557434
-665716.342763,8,4861.708123
-275156.159039,250,4866.404173
-716976.928688,8,4866.561645
-499666.8884,5,4866.658828
5438809.139062,26,4867.175324
4276808.537694,47,4868.076997
-668165.09919,8,4868.241158
-491545.765675,5,4868.331504
4207889.792774,48,4869.23895
5344949.084574,32,4869.826905
-607110.238857,7,4869.963992
5036172.522208,34,4870.610125
5350211.109903,28,4871.151539
-556486.018904,6,4871.276006
-705947.348419,9,4871.475118
5097549.126085,32,4872.075096
-483781.391276,5,4872.182042
-484069.369656,5,4872.271415
-639545.727828,8,4872.406758
-541681.572964,6,4872.513366
-498975.691479,5,4872.60534
-586534.487305,7,4872.726233
-499563.392578,5,4872.815709
-590932.873891,7,4872.934143
5350050.307901,32,4873.498648
-647788.996155,7,4873.62867
-500853.411481,6,4873.739895
-491510.180456,5,4873.831252
5327471.201782,40,4874.569431
-489799.169412,5,4874.662524
-639154.622849,8,4874.807534
-490984.961844,5,4874.898068
-488632.967529,5,4874.991616
-708522.759112,9,4875.16388
-483137.571918,5,4875.262574
-501269.781087,5,4875.356618
5337053.887035,31,4875.968235
320384.931523,250,4880.702368
-487238.677128,5,4880.796389
-487466.015355,5,4880.893763
5388190.552405,26,4881.383118
5175081.52218,34,4882.020388
4289973.975541,46,4882.879096
5575875.789608,53,4883.885948
-499644.125569,5,4883.981163
-592987.262093,7,4884.118484
-486342.187943,6,4884.236459
-691600.25331,9,4884.406366
5000405.312275,34,4885.048063
-558292.042567,7,4885.174584
-700087.487024,9,4885.349766
5524328.461757,46,4886.241122
-561345.641047,6,4886.35481
4980678.661482,37,4887.072252
-556346.995529,6,4887.1813
-733450.760747,9,4887.351126
-502072.94501,5,4887.448753
4934942.891281,34,4888.10915
4806160.630389,40,4888.875194
-488208.864457,6,4888.994767
-475573.370752,5,4889.096993
5484937.574875,53,4890.112337
4897709.54079,39,4890.809535
4785147.796123,39,4891.493475
5264065.394795,32,4892.064071
5288954.748638,37,4892.718314
17968.956161,250,4897.465845
-627869.447255,7,4897.590505
-489467.871232,5,4897.678451
-487783.429935,5,4897.765958
-531184.988401,6,4897.87026
4636860.543055,41,4898.58829
5002015.788696,40,4899.29979
-483636.892126,5,4899.387079
-488338.530002,5,4899.480362
-487374.492604,5,4899.573883
-673186.211393,8,4899.720949
5342042.762035,28,4900.234683
5766874.915028,57,4901.295146
-471782.201507,5,4901.388214
-479682.846863,5,4901.481795
-494141.212505,5,4901.573314
-534277.991576,7,4901.712066
-501976.140258,5,4901.805927
-589740.861574,7,4901.936403
-487718.573236,5,4902.029669
-612560.148577,7,4902.160639
4974244.811176,38,4902.891466
476158.939313,250,4907.46416
-735001.054624,9,4907.635262
-501932.80224,5,4907.729837
-547284.338461,35,4908.387599
-502807.246825,5,4908.481832
5371964.396364,28,4909.018106
-602008.381605,7,4909.160593
-510377.890367,6,4909.278339
-492242.669873,5,4909.377027
-487479.405183,5,4909.476656
4961667.304025,37,4910.17793
-501792.812409,5,4910.27198
5359158.681462,28,4910.802077
-567546.577199,7,4910.931534
5427185.311844,26,4911.415124
-491460.024945,5,4911.51417
-500954.180432,5,4911.609766
4166415.696574,49,4912.5328
4868321.068909,36,4913.203595
-496513.206713,5,4913.292369
-564653.476592,7,4913.427681
-831864.490757,10,4913.607922
-447559.185752,5,4913.706154
-500084.742216,5,4913.802712
-478788.950794,5,4913.901161
4543002.480909,46,4934.014602
-526941.9302,6,4934.132974
-496495.87793,5,4934.225788
5097129.108171,37,4934.948682
-621549.337981,7,4935.087625
5012115.010126,37,4935.836553
-502900.952671,5,4935.940755
5331841.605819,30,4936.557367
5263912.06056,31,4937.168954
98669.696975,250,4942.169123
-723764.238435,10,4942.36634
-493824.268942,5,4942.47615
-502552.724582,5,4942.583836
4510193.658988,43,4943.413243
-1144337.326784,15,4943.705024
-557410.445721,6,4943.822988
-514143.38783,6,4943.944665
-599049.192966,7,4944.085814
4907920.702483,37,4944.818835
-444985.983056,5,4944.915931
5355754.37985,28,4945.474361
-567679.720927,7,4945.620223
4851148.045114,36,4946.344095
5369363.780221,35,4947.060629
5352801.475118,29,4947.652917
5243308.800738,31,4948.271596
-238348.817691,250,4953.253108
5370788.680271,27,4953.782261
5423240.595538,61,4954.950379
-488626.875796,5,4955.047789
4987853.445058,36,4955.743318
-488195.892177,5,4955.834862
-584903.200047,7,4955.998485
-577705.060155,7,4956.160696
-476996.89355,5,4956.256817
-486675.846881,5,4956.34786
-265465.674206,250,4961.09173
-718275.166731,9,4961.252598
4654793.280203,42,4962.015818
-555767.434851,6,4962.125933
-500147.622093,5,4962.216289
-737877.126225,9,4962.388243
5302059.203942,30,4962.932689
-662811.890892,8,4963.093326
4571123.951187,44,4963.933003
-489907.323442,5,4964.020361
5018690.142477,34,4964.649413
-639847.752461,7,4964.78732
-567434.521299,7,4964.915683
-498670.192894,5,4965.002814
-468094.822502,5,4965.097013
5298968.299303,31,4965.659615
-491248.543155,5,4965.750189
-622620.635693,7,4965.869342
-623457.196924,7,4966.002409
-495500.378536,5,4966.097872
4085303.53673,51,4967.050276
-502460.768094,5,4967.141409
4332379.305206,59,4968.2234
-488877.160482,5,4968.316924
-471481.027261,5,4968.411825
5231869.327523,36,4969.183841
-496266.220955,5,4969.274759
-639903.858119,8,4969.431332
-699226.695445,8,4969.584236
-795708.490561,10,4969.763242
4611652.576693,42,4970.517091
-580492.508145,7,4970.640743
-494352.796035,5,4970.728292
5185639.323142,33,4971.349812
-510573.234927,6,4971.470794
5282970.107387,30,4972.032365
5171747.161703,35,4972.726073
5342593.707161,36,4973.423125
-495153.412189,5,4973.524653
-501600.712461,5,4973.626718
-591179.752583,7,4973.777537
4921628.70921,38,4974.505155
5162394.460487,33,4975.15932
-507867.797472,6,4975.277418
5179943.056448,34,4975.938884
-496913.399473,5,4976.041016
-565623.170144,7,4976.179439
5287416.255729,32,4976.777163
-670312.192698,8,4976.928405
-482113.78633,5,4977.028271
5238608.587156,32,4977.640715
4653352.406524,42,4978.442968
-483360.125381,5,4978.54841
-511551.153715,6,4978.660693
-483256.70206,5,4978.759809
5367220.671382,31,4979.35099
-573604.686242,7,4979.487365
-594896.636353,7,4979.624484
-494447.185092,5,4979.71631
5261478.869339,34,4980.35432
5419423.700363,27,4980.862223
5360961.378841,30,4981.438204
-500010.048112,5,4981.530689
-552492.056707,6,4981.64356
4476322.512573,45,4982.510606
-593676.030471,7,4982.636569
-510274.32233,6,4982.75179
5415194.391731,24,4983.209255
-616225.734224,8,4983.360297
4262893.98053,48,4984.294064
4979995.113274,38,4985.017914
-633389.64758,8,4985.181707
-575431.315198,7,4985.322968
5282818.85083,31,4985.897185
-459868.099805,5,4986.002333
-503183.510506,5,4986.098889
-501390.243674,5,4986.196683
5370967.971606,41,4987.020525
-645769.062189,8,4987.179121
-487723.396081,5,4987.281905
-677651.281956,8,4987.449708
-487432.718378,5,4987.555005
3997058.544401,53,4988.514158
-612285.427993,7,4988.642669
5274631.633486,34,4989.286337
4553647.788102,43,4990.115879
-595345.052221,7,4990.253543
-561719.867744,7,4990.399386
-690408.792811,9,4990.570781
5378789.300186,26,4991.131569
-671454.013698,8,4991.267021
5339653.474164,29,4991.773502
175110.775338,250,4996.396955
-496589.218889,5,4996.483991
-485349.12102,5,4996.572668
-678974.637203,8,4996.71353
-494780.206819,5,4996.799731
5294904.14438,31,4997.338919
4982929.017303,36,4997.965818
5408071.984202,25,4998.418111
-479560.527123,5,4998.513707
-938467.295939,13,4998.751576
-490329.648244,5,4998.846389
4948937.295915,37,4999.614165
4844270.130837,37,5000.339049
-560851.537245,6,5000.447669
-470239.875304,5,5000.545851
-491053.226329,5,5000.642307
5361786.629178,32,5001.247457
-466979.310123,5,5001.342912
-494696.112992,5,5001.439841
-498931.587596,5,5001.53968
-486908.062786,5,5001.632793
5122393.862847,34,5002.285621
5230287.079361,32,5002.875824
5376206.151415,38,5003.600312
5348510.305252,28,5004.149091
-614285.472319,7,5004.289107
-474992.800478,5,5004.390473
-490757.613653,5,5004.490288
5092078.090059,37,5005.203371
-507779.655873,6,5005.31389
-582214.944384,7,5005.440654
4724984.102005,38,5006.151144
5417090.099426,26,5006.634487
5412057.390103,26,5007.125074
4488302.023271,45,5007.976684
-645987.647585,8,5008.133592
-601134.488013,7,5008.262994
5252241.008633,31,5008.82975
5514033.614074,46,5009.730606
-496229.625264,5,5009.819848
-647565.0879,8,5009.970602
5322820.945386,34,5010.628117
-515233.492844,6,5010.743466
-488057.35899,5,5010.834988
-465669.260258,5,5010.92796
-482858.323394,5,5011.022802
5139342.587236,32,5011.623832
-481049.790817,5,5011.744407
-570577.261263,7,5011.888346
5108417.225448,38,5012.621661
-772381.21465,9,5012.792817
-460911.707165,5,5012.88882
1129467.263894,250,5017.646799
-502637.719861,5,5017.743158
-614089.329981,7,5017.883112
-488017.128055,5,5017.973964
-616689.805487,7,5018.106323
-497376.357421,5,5018.196971
-574519.491785,7,5018.340724
-636880.551578,8,5018.494091
-665337.706939,8,5018.651408
5069011.077593,35,5019.306965
-468145.798576,5,5019.394205
-674521.844632,8,5019.540054
139809.790298,250,5024.440391
-901966.659973,11,5024.637038
-493458.700082,5,5024.724071
-692480.562601,8,5024.866974
5417765.098793,26,5025.332304
-485675.426198,5,5025.422137
4884869.547988,37,5026.078855
4569881.498055,44,5026.923989
-487958.670318,5,5027.020935
-604238.486407,7,5027.16642
-569334.138969,7,5027.300595
-502875.500101,5,5027.391255
5376328.143297,30,5027.953983
-490642.846989,5,5028.047276
-662153.878971,8,5028.208246
4967539.494474,40,5028.97976
-493487.403518,5,5029.068981
6068605.707591,79,5030.550604
5570335.545688,37,5031.206455
4211151.874385,50,5032.196021
-649809.879462,8,5032.346822
-561276.094694,6,5032.45663
-717323.619928,9,5032.62153
5103632.928515,34,5033.303737
-480985.041674,5,5033.3899
5245687.016089,34,5034.055302
-482397.4932,5,5034.147521
5335414.274683,30,5034.719651
5419614.689322,23,5035.136483
-642779.463979,7,5035.262144
-478171.045534,5,5035.351446
-470561.875214,5,5035.436612
-496850.848555,5,5035.528157
-475429.705848,5,5035.623415
-490823.43226,5,5035.743587
5129912.50659,38,5036.561934
-486332.436113,5,5036.660352
-484375.584521,5,5036.766777
-475964.600016,5,5036.85296
-570471.972151,7,5036.974941
-487224.137942,5,5037.06475
-732147.413821,9,5037.235965
-465527.943801,5,5037.327972
-667200.711566,8,5037.472672
5125301.926038,35,5038.10986
-513042.690302,6,5038.221724
-741812.114648,9,5038.393601
5390134.895183,29,5038.952674
-558310.953982,7,5039.085545
5312113.995476,29,5039.621446
-492997.411643,5,5039.724362
-500402.831137,5,5039.823813
-603118.710468,7,5039.952785
-614293.750786,7,5040.089771
5417450.190477,24,5040.546632
-550054.581777,8,5040.697853
5290040.813472,32,5041.291649
5052379.076882,37,5042.038348
5379592.638215,28,5042.574124
-470281.181534,5,5042.658085
-488563.449981,5,5042.75375
5621468.154779,56,5043.823275
5367484.880704,25,5044.27229
5231518.931202,33,5044.855696
-489175.746637,5,5044.946146
-483402.577667,5,5045.037274
-477225.010319,5,5045.14064
-495120.114111,5,5045.237065
-568335.903638,7,5045.35981
-495603.224876,5,5045.44701
-482821.605098,5,5045.540097
-497686.35659,5,5045.628799
-489039.064229,5,5045.720287
-491217.345057,5,5045.815332
-840248.948404,11,5046.01911
-469824.795818,5,5046.112472
-610450.818578,7,5046.253171
-481231.920793,5,5046.343789
-493210.502173,5,5046.433932
-502367.721377,5,5046.527843
-490506.443922,5,5046.623759
-497519.300011,5,5046.714997
4019884.279491,51,5047.75347
-755348.401398,9,5048.037718
-491333.470413,5,5048.30031
5116473.768447,35,5049.099232
5417977.116341,27,5049.568162
-636020.411493,8,5049.706919
4933831.75179,58,5050.726366
-142816.282342,250,5055.352109
-479545.077161,5,5055.449351
-630366.724742,8,5055.746436
-495822.234389,5,5055.984359
-479022.918359,5,5056.147317
-498559.636278,5,5056.267585
-480881.742719,5,5056.406168
-648808.109827,8,5056.623622
-503023.875236,5,5056.759934
5207406.295803,33,5057.413955
5364557.151528,27,5057.93302
4972414.089542,34,5058.588798
-514398.893688,6,5058.708155
5356566.755337,29,5059.26898
5371854.675262,27,5059.760121
4400366.416546,44,5060.551572
5260964.737927,31,5061.102774
-499931.286863,5,5061.188907
-498845.297922,5,5061.272333
-495271.134172,5,5061.359906
-490535.080472,5,5061.456234
-719256.677027,9,5061.61508
5320057.068609,36,5062.281408
4222163.726997,49,5063.159431
-570523.725149,7,5063.284007
-612963.884462,7,5063.407958
4875600.508589,37,5064.075814
-232440.510543,8,5064.230887
-664588.722324,8,5064.37354
50042.204552,250,5069.10786
-571899.921374,7,5069.234244
-651682.526955,8,5069.375942
-494083.826134,5,5069.460261
-520061.314156,6,5069.562531
-491451.337174,5,5069.645662
-526831.732577,6,5069.748753
4324065.420662,46,5070.621948
5101573.912347,41,5071.408033
5355634.668079,37,5072.098944
3299.470436,250,5076.685841
-496384.592046,5,5076.776751
-489393.052675,5,5076.873735
-640396.940867,8,5077.024709
-566809.650479,6,5077.156369
-552878.19291,6,5077.275576
-488726.669994,5,5077.362898
5357045.979848,30,5077.887527
-483107.094641,5,5077.975617
5281562.158167,36,5078.587688
-565841.727126,7,5078.705978
-464058.307735,5,5078.788966
4880197.52676,37,5079.454001
-462014.93231,5,5079.544829
-614077.041789,7,5079.669376
-638548.34133,7,5079.792378
-500248.835047,5,5079.877214
5079549.583776,34,5080.503482
4937420.137561,36,5081.162042
-488939.676116,5,5081.256482
5370883.06386,30,5081.81066
5137184.875626,33,5082.44664
-553712.414034,7,5082.584869
4101765.416174,51,5083.468411
5436798.881694,25,5083.89622
4922643.609826,35,5084.510326
-521282.428471,6,5084.617128
-486718.245114,5,5084.709411
-567089.0787,7,5084.831884
-589252.732706,7,5084.963866
4278871.107808,45,5085.780827
-628486.437217,7,5085.900459
-687791.730901,8,5086.0735
-567670.532334,7,5086.233738
4279647.623672,45,5087.05565
-481933.657385,5,5087.178267
4927201.887088,39,5087.957896
-470976.145744,5,5088.04558
-499831.657305,5,5088.13605
-498646.632397,5,5088.222869
-639737.862068,8,5088.363331
-491868.544067,5,5088.459866
-572546.154559,7,5088.607527
5392572.586511,28,5089.168055
-487252.052948,5,5089.267355
5381941.619839,31,5089.796482
-602464.35486,250,5094.331794
-483117.92234,5,5094.413777
-526571.784265,6,5094.525926
4940103.644429,37,5095.181031
-501761.365061,5,5095.269462
-605694.52584,7,5095.399145
5011932.030295,38,5096.090618
-727680.607361,9,5096.259554
-487994.68125,5,5096.350973
-164332.788645,10,5096.571121
-489643.570452,5,5096.703757
-481696.786318,5,5096.791201
5372496.862164,32,5097.39
5340818.644906,42,5098.134715
-566339.525775,7,5098.257766
5442250.067144,26,5098.765491
-493482.94134,5,5098.872261
5046605.252918,34,5099.581715
-489065.132133,5,5099.672593
-867516.452704,11,5099.880177
5581377.333079,50,5100.870018
4591986.78652,41,5101.76847
-459315.665304,5,5101.874933
5437012.202149,26,5102.382595
-500162.327278,5,5102.477243
-499580.817021,5,5102.570842
-564224.350388,6,5102.680148
-494213.698296,5,5102.775694
5166527.955807,33,5103.401993
5436755.292519,25,5103.886684
5146135.839978,32,5104.544883
-152931.752632,12,5104.800364
4926569.01731,38,5105.606887
-488338.776661,5,5105.73472
5460659.426843,30,5106.432291
-480602.160424,5,5106.562166
5397259.312428,26,5107.18275
5349784.652404,32,5107.833004
-584985.245367,7,5107.964971
5425090.438048,25,5108.398898
5093812.262242,37,5109.154469
-499503.707448,5,5109.25848
5385991.978883,26,5109.889905
-503246.430891,5,5109.985774
5350353.439694,35,5110.652662
5255827.290994,36,5111.409927
-502449.501717,5,5111.512956
-154651.560823,6,5111.627601
-697701.645101,8,5111.78558
-489369.029159,5,5111.88298
-487222.787115,5,5111.979878
-502446.664475,5,5112.076992
-512590.221159,6,5112.197747
-365139.868908,250,5117.554884
-501727.354746,5,5117.651852
-493879.128107,5,5117.756878
-498018.655914,5,5117.913297
-553190.664055,7,5118.04852
5212726.544654,32,5118.724397
-488222.529338,5,5118.827222
-487840.517084,5,5118.936236
-460015.843017,5,5119.039382
-630330.50862,8,5119.209029
-722561.435123,9,5119.396886
-477431.411129,5,5119.505961
5371561.393772,30,5120.130244
4748419.460099,58,5121.329592
-724245.856499,9,5121.511833
-487627.086702,5,5121.617388
-501240.2175,5,5121.735983
230373.896468,250,5126.656152
-494781.157827,5,5126.74903
-729029.364537,9,5126.911134
-488003.885127,5,5127.000495
5051741.013912,35,5127.680337
-601826.246242,7,5127.818489
-640067.775986,7,5127.949983
-488828.652083,6,5128.065217
5454152.124654,28,5128.618998
126323.038807,250,5133.711951
-487557.097807,5,5133.809032
-496871.608263,5,5133.910048
-490913.872627,5,5134.014829
-909007.007822,12,5134.251432
-746583.978673,9,5134.424123
-480911.602586,5,5134.522136
5072681.095344,43,5135.350109
-666108.681809,8,5135.49516
-502922.318432,5,5135.593383
5398766.385279,26,5136.118837
-797875.366087,10,5136.340032
-486357.520027,5,5136.461092
-600657.477064,7,5136.614767
-561671.027625,7,5136.759137
-472802.096956,5,5136.890327
4770473.890239,41,5137.741569
5018365.539961,39,5138.489221
5320210.316569,34,5139.215344
-502394.331889,5,5139.328706
4922213.927549,46,5140.284903
-490483.676028,5,5140.37805
-628253.830314,8,5140.529962
4529216.15606,42,5141.43936
-488964.654512,5,5141.539475
5317707.110288,33,5142.264209
-622227.931308,7,5142.391833
5279913.099887,31,5142.970005
-601975.164703,7,5143.098062
4314358.489205,46,5144.023883
-495202.092044,5,5144.140237
-488422.628798,5,5144.243195
-588887.482693,7,5144.384325
-498641.327155,5,5144.472052
-674816.854476,8,5144.624748
-802908.79903,10,5144.805084
-204826.079996,8,5144.945472
5445968.595277,26,5145.424357
4927556.30848,37,5146.074843
5094610.167048,35,5146.717226
-625905.307741,7,5146.839181
-472241.363838,5,5146.928533
-501515.235473,5,5147.021604
-475807.484938,5,5147.107895
4265224.544811,55,5148.093742
-461973.656708,5,5148.187314
-591957.362707,7,5148.318773
-582597.524631,7,5148.437001
4386140.305079,47,5149.285316
-493225.399538,5,5149.375263
5012400.924277,36,5150.041643
5225918.922048,32,5150.642127
-602706.957673,7,5150.777335
-498286.317443,5,5150.865228
-492694.289944,5,5150.957072
-499218.413301,5,5151.053417
-697648.192012,10,5151.247096
-488413.62402,5,5151.335716
-485584.181695,5,5151.427412
-150229.983724,15,5151.708289
5308806.206889,33,5152.337605
-489985.087385,5,5152.441952
-495534.406436,5,5152.538564
-489294.480101,5,5152.632732
-483599.022558,5,5152.735017
-710317.416635,9,5152.889405
5279471.919754,30,5153.419685
-478340.691972,5,5153.504392
5398386.209808,27,5153.972622
-1056594.491188,14,5154.212322
5331767.41423,34,5154.91729
-483207.807037,5,5155.023192
-665221.376002,8,5155.176394
-667844.656021,8,5155.328466
-489676.289236,5,5155.428965
4324260.862474,47,5156.321043
5093908.125057,36,5156.975917
-704494.63603,8,5157.12691
-471253.373748,5,5157.225996
-486589.040211,5,5157.321409
-488803.711255,5,5157.412129
-775564.407684,10,5157.602329
-502077.219745,5,5157.702897
-555306.442393,7,5157.839937
-687275.140618,8,5157.985749
5074113.782458,44,5158.824684
-502227.094178,5,5158.917826
4789321.145678,49,5159.829205
5023105.502742,36,5160.472623
-499481.478274,5,5160.563993
-623242.155893,8,5160.713871
4834220.047133,36,5161.419153
5382941.602203,26,5161.982074
-489157.464875,5,5162.07342
-198041.832799,8,5162.241702
5415901.027091,27,5162.807122
-487214.199683,5,5162.924551
-502799.570043,5,5163.036519
5362982.545734,34,5163.795361
-611958.445417,7,5163.961477
-498214.225254,5,5164.064473
-699003.991688,8,5164.234085
5058793.514463,35,5164.906648
-498091.654772,5,5165.012584
5211904.160308,35,5165.800284
-496491.403015,5,5165.912227
-496452.414193,5,5166.027868
-499598.500103,5,5166.161037
-478704.573137,5,5166.276261
-648673.037956,8,5166.427777
-495603.598047,5,5166.530785
-354473.968609,250,5171.669702
-482902.397428,5,5171.778678
-162186.196622,11,5171.990706
5349302.928663,31,5172.570712
4901963.020256,38,5173.250694
-474973.933787,5,5173.342175
-501126.16343,5,5173.432984
-482821.38425,5,5173.517651
-568865.021823,7,5173.657126
-715995.281317,8,5173.818632
-698603.865981,8,5173.966237
-1189794.336987,16,5174.269182
-687787.758165,9,5174.442583
4488573.343216,42,5175.256934
-485688.108565,6,5175.371724
4970422.249147,34,5176.053722
-500401.308785,5,5176.147959
5380875.758727,25,5176.656884
-830182.754703,10,5176.857002
4715811.285974,40,5177.650589
-484918.214655,5,5177.753531
5352006.157604,34,5178.43248
-508354.397705,6,5178.553126
5017527.47128,35,5179.244989
5415494.955335,26,5179.74735
-486823.25667,5,5179.850444
-783310.28599,9,5180.01347
-489170.149729,5,5180.105138
-502857.144373,5,5180.201941
-799257.775178,10,5180.403542
-496434.204409,5,5180.498386
5350809.707171,35,5181.183183
-622334.072538,8,5181.347594
-494900.866281,5,5181.449941
4995788.932601,36,5182.141098
-479835.759242,5,5182.242569
-571606.348106,7,5182.376977
-456555.828663,5,5182.474207
-510751.699437,6,5182.585903
5389626.75015,26,5183.079001
-500530.83965,5,5183.171569
-490388.479823,5,5183.26826
-751600.450097,9,5183.431862
-628082.191188,7,5183.572212
-670165.622835,8,5183.734797
-658272.149847,8,5183.880601
-489247.357068,5,5183.971046
5330833.735456,32,5184.582896
-751567.331949,9,5184.74724
121519.503541,250,5189.492035
-1052167.28764,14,5189.752336
-1002337.877472,13,5189.994801
5084800.848459,34,5190.654669
-494412.03177,5,5190.758017
-790454.045983,10,5190.946211
-472052.152202,5,5191.036877
-473022.937702,5,5191.128131
-595505.84014,7,5191.261319
4460397.684357,43,5192.024526
5246450.76983,35,5192.673347
-465650.680377,5,5192.757477
4244391.496538,48,5193.642743
-493301.391608,5,5193.733562
-606508.510477,7,5193.861167
5423131.44058,23,5194.291211
5328218.537463,27,5194.782164
-674455.270948,8,5194.927407
-493137.652895,5,5195.011836
5330142.825273,38,5195.709516
5037290.02383,34,5196.35774
5214631.616869,35,5197.000587
4575230.159015,43,5197.811449
5001975.501928,34,5198.405391
-476701.313714,5,5198.490251
246924.59463,250,5203.810816
5241928.434429,30,5204.41746
5022959.340239,42,5205.605106
-473108.273432,5,5205.841661
5008288.692199,36,5207.3869
-598979.083833,7,5207.623052
-563234.161751,7,5207.920301
-645013.111421,8,5208.113739
-671147.447617,8,5208.360349
-483126.364372,5,5208.592565
-595202.822298,7,5208.768431
5577357.585339,48,5210.397892
-498035.853004,5,5210.525642
-484024.324492,5,5210.616388
-491662.820667,5,5210.70704
-502157.57513,6,5210.84391
-502479.834643,5,5210.96107
4741451.91697,42,5212.790043
-487743.808138,5,5213.005614
-457871.168201,5,5213.230223
-471728.512675,5,5213.58501
5002200.57429,44,5215.872751
5619354.179036,47,5218.894884
-488855.60057,5,5219.191839
-502529.655751,5,5219.508998
4524715.925688,43,5222.300472
-499644.708323,5,5222.525262
-502537.985962,5,5222.827954
-605148.419713,7,5223.151515
5533217.662107,58,5225.184665
-498538.896479,5,5225.31496
-495645.442929,5,5225.433059
-713345.967217,9,5225.596938
-473626.385879,5,5225.681563
4424742.147767,62,5226.788769
-500776.583758,5,5226.880875
-616595.371776,7,5226.995984
5223651.757718,32,5227.541867
-499549.160189,5,5227.632421
5497491.728848,37,5228.305816
-485423.647725,5,5228.402764
4774591.251053,40,5229.09306
5407980.73409,27,5229.559461
-667957.575089,8,5229.693081
-575539.3901,7,5229.813986
4556477.127914,72,5231.122756
-675407.503147,8,5231.26821
-484493.720011,5,5231.365354
5165171.5697,33,5231.965493
-502781.678894,5,5232.062088
4280052.531884,48,5232.959738
-672152.962091,8,5233.123434
12707.016682,250,5238.00147
4692161.113798,43,5238.782862
4151845.440231,48,5239.643641
-501115.298242,5,5239.728028
-487337.715217,5,5239.813432
-737440.604076,9,5239.96418
-554573.708787,7,5240.091776
-547666.274337,6,5240.200473
-642182.911773,8,5240.352135
4987716.701419,35,5241.013011
-493752.664099,5,5241.104351
5353941.968675,30,5241.661617
-502681.577383,5,5241.776857
5131247.738542,33,5242.363839
-614398.805981,7,5242.485136
-613399.975665,7,5242.601109
5307728.773642,29,5243.091208
4745598.521002,39,5243.781948
-553157.265231,6,5243.878946
-485364.66252,5,5243.969818
5055120.317616,38,5244.706305
-477241.219651,5,5244.787884
-480808.962464,5,5244.878862
5345128.247777,31,5245.436422
-706901.448142,8,5245.593969
-492100.905876,5,5245.703496
-611853.036578,8,5245.860497
5214492.627009,41,5246.597337
-489663.245213,5,5246.703181
5006734.46008,36,5247.412928
-480885.113274,5,5247.515397
-475385.889383,5,5247.606223
5333377.990057,30,5248.172904
4298137.411833,50,5249.16349
5279290.6803,32,5249.744995
-478483.422077,5,5249.829704
-606393.023532,7,5249.957579
-509745.718627,6,5250.060772
-889606.749772,12,5250.314905
-501498.962291,5,5250.448225
5181555.169375,33,5251.282359
-554926.347576,6,5251.477376
-495279.486281,5,5251.653226
-488876.879755,5,5251.777413
-482507.484028,5,5251.908162
5312993.538096,33,5252.610348
5410485.749231,26,5253.098853
-485237.78426,5,5253.192569
-469125.200574,5,5253.279715
-492290.016235,5,5253.382159
-492824.606404,5,5253.483465
-660507.796976,8,5253.649409
-490196.482452,5,5253.752196
-256873.037496,6,5253.866803
-490594.568231,5,5253.965385
-599457.991903,7,5254.098744
-712235.814187,9,5254.281564
5396090.447862,25,5254.746939
4999052.486079,36,5255.706617
-500717.687414,5,5255.814107
-618773.240797,7,5255.967793
-642971.652485,8,5256.133404
5076177.388118,35,5256.824801
5170483.706139,35,5257.520123
-494553.196329,5,5257.616749
-496674.018578,5,5257.710233
4629724.438298,41,5258.504512
-482637.979829,5,5258.589946
-562743.927056,7,5258.711623
5324980.956915,31,5259.291662
-591183.099617,7,5259.436903
-488266.417721,5,5259.536051
-488720.712814,5,5259.629137
-502803.974439,5,5259.73449
5131178.622987,39,5260.497065
334769.63627,250,5265.079883
-495043.164028,5,5265.176751
-498748.99006,5,5265.282663
-493305.691874,5,5265.382275
-502367.285337,5,5265.476127
5095687.608663,35,5266.196357
-611554.717518,7,5266.336802
5396318.50683,25,5266.82775
4977204.608406,38,5267.53862
-518035.1838,6,5267.654358
-496329.539666,5,5267.744392
-492164.750943,5,5267.83572
5252830.474843,31,5268.411808
-477335.444575,5,5268.505236
-487459.147679,5,5268.608593
-523220.906489,6,5268.725385
-627308.910806,7,5268.863659
-492826.489446,5,5268.962631
-612900.15828,7,5269.096146
-501083.370134,5,5269.223927
5181677.624832,33,5270.048444
-487473.151268,5,5270.152286
5331851.372795,30,5270.762693
5359885.929595,29,5271.304116
4140026.160503,49,5272.276906
-463457.711617,5,5272.392732
5142295.772583,34,5273.100436
-502121.833197,5,5273.210732
-496004.403119,5,5273.331198
4987403.253294,34,5274.173739
-483405.254633,5,5274.307559
5212318.269285,36,5275.120108
-479060.19497,5,5275.237621
5291782.432706,32,5275.970131
-476813.593514,5,5276.07396
-489286.426746,5,5276.160775
-724017.293854,9,5276.325317
-484595.432348,5,5276.438476
5411765.816927,25,5276.897437
-489943.692298,5,5276.988
-701652.925645,9,5277.155636
5331863.399194,28,5277.721341
5404358.525537,26,5278.253168
4792590.758018,38,5279.015033
-647701.840178,7,5279.171164
-502232.035468,5,5279.28202
-498595.944358,5,5279.391722
-488325.992282,5,5279.494155
-481720.231363,5,5279.590065
5249332.611504,33,5280.263237
-917456.906825,12,5280.551193
5213199.573166,33,5281.220257
-641502.261064,8,5281.390725
226985.655505,250,5286.456666
4539787.394254,43,5287.199784
5029982.290107,36,5287.827843
-468465.617558,5,5287.915349
-482099.243693,5,5288.001869
5192615.918794,36,5288.667155
-486453.679627,5,5288.765493
5385138.309967,28,5289.293773
-235243.097566,7,5289.417684
5228486.451814,31,5289.964144
-498641.66868,5,5290.051967
-492121.635448,5,5290.147274
-172958.390014,7,5290.278846
638829.058853,250,5294.932317
-451071.139758,5,5295.016233
3963294.148568,53,5295.947632
-495699.93159,5,5296.035276
5113353.011061,34,5296.647299
-501547.000849,5,5296.736533
-495421.595825,5,5296.823957
4997436.427379,34,5297.445881
-610171.206026,7,5297.573596
5361986.960857,36,5298.234846
5539282.795843,51,5299.17153
-743908.079105,9,5299.341126
-493829.657279,5,5299.435396
5176326.779162,31,5300.006765
4217976.493348,46,5300.872395
102703.954545,250,5305.446752
-899500.948886,11,5305.655897
-471022.451526,5,5305.747783
-489283.108965,5,5305.843722
5027924.420871,34,5306.479353
-724869.869133,8,5306.630905
-193662.192752,9,5306.798364
5347139.695508,31,5307.370191
5151077.281013,33,5308.01057
-498072.413431,5,5308.114699
5357801.11162,28,5308.62079
-477647.742451,5,5308.704484
-477258.33635,5,5308.789054
-854246.800741,10,5308.961106
5095524.577045,37,5309.604136
4083996.897472,48,5310.431966
-456147.680863,5,5310.513453
-486916.810627,5,5310.610825
4584599.722627,43,5311.376749
5193144.673606,39,5312.095168
-910349.326301,11,5312.297549
-567758.57282,7,5312.429633
-142841.392571,6,5312.543555
5055537.440905,37,5313.240299
5347756.392296,31,5313.809975
-458056.050484,5,5313.907224
5247480.525961,32,5314.485141
-633855.941125,7,5314.61167
-498187.637887,5,5314.696156
-488999.080671,5,5314.786218
5366813.089156,29,5315.312978
4379495.904916,80,5316.779754
5414478.184311,27,5317.300796
-593654.152715,7,5317.440445
-482818.818047,5,5317.537201
-749553.031876,9,5317.695103
-712964.848096,9,5317.849338
5378188.059439,31,5318.379313
-779439.567237,9,5318.536075
-492965.843625,5,5318.615938
-665612.071071,8,5318.753412
-469102.862525,5,5318.839536
-496839.925724,5,5318.925549
-480681.225319,5,5319.009827
-648706.985062,8,5319.149219
-491623.317606,5,5319.246156
-668930.119969,8,5319.379362
3866123.119906,55,5320.361124
5409194.447416,25,5320.824962
-491931.843567,5,5320.91653
-491379.465444,5,5321.009685
-600285.665036,7,5321.136504
-486423.836815,6,5321.249158
5169563.686211,35,5321.924803
-495623.736733,5,5322.009753
5002038.105172,37,5322.736849
-487188.119345,5,5322.82122
3998976.482377,50,5323.687784
-501335.441353,5,5323.772625
-486323.227039,5,5323.86352
-497440.401189,5,5323.954793
5374260.784154,27,5324.42752
-693753.677483,8,5324.578761
-481000.07008,5,5324.669771
-491678.038356,5,5324.760385
-667937.395382,9,5324.917903
-670105.269833,8,5325.057415
-785056.230173,9,5325.214868
-494804.804269,5,5325.299838
-486608.818226,5,5325.384519
5348054.347643,30,5325.930299
-787401.962548,9,5326.081804
-501483.702631,5,5326.16646
4884377.973045,39,5326.838794
5103404.308718,33,5327.420638
-491758.620303,5,5327.510648
5253936.544705,37,5328.197191
-620434.389681,7,5328.323852
-467305.825836,5,5328.414813
-481030.220613,5,5328.505849
-498260.830568,5,5328.602321
5397129.757009,25,5329.045213
5408573.366072,27,5329.541546
-486412.951339,5,5329.638563
5226659.316781,32,5330.220647
-487270.290458,5,5330.311204
-567297.085513,7,5330.439033
-490237.450292,5,5330.5238
4904973.832919,37,5331.16595
5403505.702091,26,5331.620988
-697186.635808,9,5331.771652
-482572.468545,5,5331.862622
-488838.221009,5,5331.947469
-677034.390389,8,5332.08748
-490964.348706,5,5332.177608
5169669.689114,36,5332.820502
-616044.522384,8,5332.96578
5210409.835502,33,5333.577626
3784257.022509,54,5334.583465
-495273.59432,5,5334.680558
-495704.769022,5,5334.771243
-494890.209839,5,5334.868623
-494992.857662,5,5334.959522
-763996.78782,9,5335.131125
-474644.746279,5,5335.22012
-502273.271609,5,5335.317103
4872139.424435,39,5336.032132
-521370.954532,6,5336.135216
-660956.39921,8,5336.273112
-1087857.137275,14,5336.522594
-450060.362329,5,5336.616232
4140125.188463,49,5337.47391
5108336.929545,36,5338.12896
-496116.032357,5,5338.225874
-502494.3725,5,5338.322671
-703241.354435,9,5338.49256
-597424.009467,7,5338.645271
-502601.389819,5,5338.740827
5355425.288861,30,5339.286647
-712210.45221,9,5339.461646
-572942.88435,7,5339.589489
-499537.381988,5,5339.686076
5222320.746235,33,5340.286355
5769457.952598,61,5341.44352
-694863.778041,8,5341.592434
-603764.52461,7,5341.721289
-500399.456123,5,5341.813381
5354397.528166,36,5342.461513
-486293.684521,5,5342.556254
5130104.466089,35,5343.207676
-500483.388207,5,5343.30416
5314867.535734,28,5343.821024
-482934.660906,5,5343.909973
-479592.904009,5,5344.000848
-489879.141727,5,5344.092161
4966067.603654,39,5344.839472
-230303.831232,7,5344.958037
5400985.009489,27,5345.424708
37355.850288,250,5349.769588
4953360.168973,37,5350.424038
5076679.090662,38,5351.062235
-649270.162794,8,5351.199714
5124256.243146,61,5352.248355
4972855.040136,36,5352.878181
6041530.240061,76,5354.199323
-606917.262645,7,5354.332702
5095348.997398,36,5354.999449
-476891.247132,5,5355.090149
-612191.587023,7,5355.211944
455568.540239,250,5359.780473
5572523.275502,40,5360.507703
-484181.743138,5,5360.608534
5219417.456697,33,5361.204628
5099899.575786,34,5361.804527
4918009.639209,44,5362.568197
4887637.58099,36,5363.186712
5332242.553318,30,5363.731698
-477465.428686,5,5363.822544
3605152.104418,59,5364.90547
-487644.299154,5,5364.993064
-460525.42468,5,5365.089061
5128189.874741,34,5365.670886
5155774.270268,33,5366.235055
5263755.066314,30,5366.755615
-483190.259121,5,5366.840723
-483421.926562,5,5366.925579
-487863.764088,5,5367.010019
-496873.230841,5,5367.104373
-497127.283049,5,5367.192647
-487400.980035,5,5367.282603
-773579.914703,9,5367.440871
-493076.978,5,5367.53815
197965.750195,250,5372.076531
-494992.907699,5,5372.166976
-567329.030462,7,5372.29724
-948226.947247,12,5372.525235
4559187.40575,44,5373.312288
4521639.630965,43,5374.106152
-690492.180058,8,5374.245571
-633018.120377,7,5374.373033
5667430.921771,49,5375.269989
-590458.470857,7,5375.403129
-493162.031326,5,5375.494394
-166300.497664,14,5375.742822
-765430.592657,9,5375.895911
-495687.685678,5,5375.984707
-482549.528366,5,5376.070383
4409707.069683,45,5376.839404
-497543.845164,5,5376.929967
5145870.778974,34,5377.549952
-477329.241066,5,5377.639128
-502241.923371,5,5377.725194
-502640.194083,5,5377.809045
-502770.064823,5,5377.902302
-471510.74004,5,5377.984404
-519398.154858,6,5378.166306
-498291.901118,5,5378.257311
-483838.288415,5,5378.347942
4899250.106028,38,5379.057128
5327565.620771,32,5379.639083
-564883.819335,6,5379.748788
-478730.95638,5,5379.839351
-977445.610988,13,5380.086354
5363500.173047,31,5380.657311
-771713.016942,9,5380.820745
5002034.424251,37,5381.457039
5358710.633887,28,5381.941852
-494682.886754,5,5382.027003
-494591.212181,5,5382.111568
5362431.230693,28,5382.651112
-529236.817791,6,5382.759603
-495449.872699,5,5382.844393
5386182.041081,27,5383.329194
-474826.830539,5,5383.420292
5390487.959468,30,5383.954147
-488256.0149,5,5384.038819
106574.895269,250,5388.661964
-488865.905422,5,5388.746688
-498133.59026,5,5388.841486
-495036.118958,5,5388.922436
4867620.70395,35,5389.522384
-491167.96215,5,5389.613703
4743478.821758,39,5390.292221
5380655.930122,31,5390.8375
5237984.461591,35,5391.468075
5081333.068898,33,5392.055804
-201404.364645,7,5392.189533
-593492.28847,7,5392.3226
-498418.126782,5,5392.41555
-487832.279308,5,5392.503907
5323007.521442,32,5393.085939
5363060.937733,30,5393.649559
-496259.719806,5,5393.746372
-491205.15479,5,5393.840101
-554910.559698,6,5393.946541
-657539.968146,8,5394.085561
5691446.903396,49,5394.99498
5420693.472046,58,5396.003607
-494233.80082,5,5396.085841
-501689.174115,5,5396.174364
-488776.534076,5,5396.255123
5303250.600981,32,5396.812873
-631075.119986,8,5396.952237
-760844.122799,9,5397.109711
-640433.408194,8,5397.242859
4699438.404356,41,5397.994487
-483618.896022,5,5398.097162
-723949.572965,9,5398.273527
-605725.263137,7,5398.4005
5438050.493987,26,5398.934069
-682229.373994,8,5399.099656
-183887.554057,6,5399.221976
5216661.694123,35,5399.87955
-491482.09854,5,5399.982402
-805174.481628,10,5400.164431
-613152.722391,7,5400.297011
4793694.832381,38,5401.012867
5144520.593278,34,5401.660842
-687818.040379,8,5401.806018
-494208.196226,5,5401.909052
-467206.365817,5,5402.005967
-487677.585535,5,5402.115022
-650617.66635,8,5402.267436
4305850.03382,47,5403.139572
5399094.026291,28,5403.672494
-332816.881155,250,5408.496617
5113526.906327,36,5409.146426
4345635.161551,45,5409.99896
-638530.661586,8,5410.144733
-490589.809199,5,5410.233476
-558513.788919,7,5410.362899
-453127.108021,5,5410.449927
-624274.83193,7,5410.574874
3486411.778374,58,5411.580614
5282013.249947,38,5412.23507
-793467.887934,10,5412.399108
-493346.2559,5,5412.501578
-781687.890515,9,5412.665345
5376671.270028,35,5413.28326
-517297.746592,6,5413.386396
-486890.63033,5,5413.483894
5321551.700919,30,5414.019666
4417258.63581,45,5414.804681
5334646.940658,30,5415.372186
-497696.356545,5,5415.461605
-488298.354778,5,5415.558878
5379237.80733,30,5416.150245
4309021.421743,48,5417.077182
-509066.943342,6,5417.192077
5241729.36468,33,5417.842335
3787147.899603,54,5418.870762
-484820.426313,5,5418.967453
-672421.125884,8,5419.137523
-669730.57702,8,5419.303456
-497210.781847,5,5419.391972
-821000.183442,10,5419.60001
4583885.360337,46,5420.48887
-502586.542991,5,5420.588916
-611444.012602,7,5420.725469
5404957.36244,28,5421.270392
4288633.650572,46,5422.185554
-605157.813273,8,5422.355467
4297517.005773,48,5423.312592
5258856.920075,29,5423.876279
-1044761.125863,14,5424.143559
5260282.484958,31,5424.719171
-689178.369074,8,5424.88236
-531920.29791,7,5425.028105
-642178.489914,8,5425.184932
-482368.077581,5,5425.290024
-489847.378208,5,5425.387308
-501359.430819,5,5425.494406
4524710.843065,44,5426.379122
-472880.201131,5,5426.476209
4718689.908978,40,5427.211124
-694303.573775,9,5427.369642
-615821.495601,7,5427.488165
4923293.409509,38,5428.17293
-493473.424991,5,5428.269839
4703156.652332,41,5429.045385
-652347.958281,8,5429.190574
-643933.286952,8,5429.33649
-501096.93126,5,5429.428466
4997697.119389,36,5430.105512
-476983.864168,5,5430.202928
-672454.493723,8,5430.360312
5098015.347514,36,5431.021173
4158998.794744,49,5431.948685
-598427.937015,7,5432.087218
-500509.831852,5,5432.171974
-490811.529972,5,5432.275943
-788753.204929,9,5432.457117
5038045.001128,34,5433.118265
4808118.549081,43,5433.951783
-496003.514783,5,5434.044989
-496883.244116,5,5434.13598
-490126.928775,5,5434.226627
-560046.909838,6,5434.354095
-819035.021412,10,5434.542078
-486990.618847,5,5434.626315
4345667.705535,46,5435.511446
-648543.136536,8,5435.674992
5344379.272363,32,5436.311362
-480185.190984,5,5436.420058
4846882.450673,37,5437.178047
5440226.702103,25,5437.682424
-480249.32624,5,5437.772688
-486204.286547,5,5437.86244
-482485.957395,5,5437.959347
5397306.509953,27,5438.443968
5075704.483594,33,5439.026005
5386898.286221,26,5439.490537
-481548.293886,5,5439.58378
-501961.800761,5,5439.674581
-502068.912311,5,5439.765565
-500581.942968,5,5439.860196
5370234.906776,27,5440.338678
-604971.317768,7,5440.47294
4290364.740381,46,5441.322723
5408523.787353,30,5441.875856
5014858.443235,36,5442.565136
5292984.850813,32,5443.122819
-494599.580414,5,5443.213247
-557543.169702,6,5443.32224
-494671.966081,5,5443.413586
-739460.846345,9,5443.577128
-1037513.023671,14,5443.832057
-626741.266291,7,5443.977816
-478794.393525,5,5444.073663
5401334.60089,30,5444.649496
-764301.829832,9,5444.825477
5684426.969002,59,5445.891659
5342816.596861,30,5446.431345
-952580.712277,12,5446.655181
-482684.428109,5,5446.740129
-752134.201006,10,5446.915792
5539526.7402,100,5448.755836
-480084.258036,5,5448.837397
-639836.213937,8,5448.988237
-1075428.016468,15,5449.273827
-487533.821127,5,5449.363989
-746925.558484,9,5449.543416
-482207.227248,5,5449.630544
-498897.434005,5,5449.736197
-696448.44141,8,5449.903757
-652503.634108,8,5450.065743
4155961.074395,48,5451.035357
4497799.279721,46,5451.963707
4921838.121712,37,5452.709012
-497637.050177,5,5452.806432
-491815.408309,5,5452.904323
5078234.849663,37,5453.651474
4054802.586841,49,5454.575714
-512369.491084,6,5454.685086
-494976.101661,5,5454.769477
-841437.881949,11,5454.975484
-499971.144086,5,5455.060651
-487908.035401,5,5455.157341
-503066.304929,5,5455.254199
4957927.700018,49,5456.138937
5096160.092785,36,5456.833389
-162033.600555,6,5456.939216
-494884.622504,5,5457.027406
-463298.488492,5,5457.114753
5288401.782835,29,5457.635748
4568645.87896,46,5458.44161
4746783.410028,42,5459.211612
5027604.279465,36,5459.866137
4794368.658421,42,5460.633059
-486744.690207,5,5460.729138
-681104.363027,8,5460.865872
-472557.272912,5,5460.968765
-659815.553207,8,5461.108753
5295678.854017,35,5461.757098
-460709.66521,5,5461.850535
5405821.662507,27,5462.355821
-574733.80366,7,5462.478088
-615708.864476,7,5462.611413
-501133.261052,5,5462.701892
-555470.970357,7,5462.828921
-498262.287644,5,5462.925745
4233758.731507,50,5463.811129
5276165.386362,33,5464.374732
5348353.324041,56,5465.362706
-500795.466458,5,5465.459583
-492016.107518,5,5465.556586
-784263.097781,10,5465.744088
5767550.458051,86,5467.331866
-727854.953322,9,5467.495661
-623286.831846,8,5467.647019
5383491.395243,41,5468.392011
-495908.872143,5,5468.482939
-690916.751935,8,5468.630216
5613162.937423,43,5469.418565
-501300.783121,5,5469.507215
-483494.383105,5,5469.606604
-575563.301892,7,5469.734288
3833634.703193,56,5470.798589
-480200.230445,5,5470.900805
5248351.461052,44,5471.713125
-673050.390199,8,5471.853766
-450376.09536,5,5471.937338
-471932.721933,5,5472.022599
4939401.868758,34,5472.609696
-574014.845123,7,5472.731236
-913678.354384,12,5472.937174
5098815.026795,34,5473.526745
5289795.561233,31,5474.094844
-645398.250939,8,5474.227967
-471521.946681,5,5474.31859
-559821.549573,7,5474.440198
-478137.833119,5,5474.531507
4874499.441363,41,5475.257972
5349136.21106,32,5475.827666
-766902.387889,9,5475.982577
-730171.059993,9,5476.130936
-142043.329046,6,5476.236326
-483671.023403,5,5476.318372
-569321.529734,7,5476.43995
-494772.479991,5,5476.530503
4727996.91809,42,5477.26578
5283615.133722,30,5477.79771
-501603.599733,5,5477.892648
-491892.239531,5,5477.97268
-486904.321454,5,5478.063792
-605130.724749,7,5478.185221
4772781.202464,39,5478.899805
-602158.08785,7,5479.032926
4559226.055046,44,5479.86628
5352504.583972,36,5480.536162
-452679.349494,5,5480.626863
-760872.014006,9,5480.796906
-500577.904343,5,5480.893921
3686370.456934,55,5481.92419
-482315.562741,5,5482.022527
4778398.345098,41,5482.784784
-699610.610959,8,5482.935994
-484554.868473,5,5483.021038
5039150.876145,38,5483.726567
-491240.453587,5,5483.814465
-836790.260116,11,5484.01461
-757053.669719,9,5484.172006
5234460.405455,32,5484.736012
5268159.626163,40,5485.414264
4978669.422812,36,5486.0388
-496826.510577,5,5486.129719
-499039.817728,5,5486.214437
-203318.552183,8,5486.354092
-563968.058938,7,5486.474966
5704080.924929,93,5488.117336
-608847.553589,8,5488.263074
-583992.334766,7,5488.386481
-470315.898176,5,5488.477215
-502695.213559,5,5488.559385
5119719.688888,38,5489.274587
-483853.027188,5,5489.365791
-554060.747001,7,5489.499013
-923165.615417,11,5489.700339
-636876.11891,7,5489.825807
-500151.960508,5,5489.917424
5180181.182868,36,5490.565715
-498794.935133,5,5490.656702
-488903.510752,5,5490.741542
5067065.535369,35,5491.352879
5396528.213931,29,5491.862206
-500748.096432,5,5491.946718
-500804.410201,5,5492.039688
-220189.120762,8,5492.179204
5757834.759675,51,5493.098564
5419982.530701,29,5493.637957
5398067.856126,35,5494.293804
-652981.175453,8,5494.437691
5248275.162053,33,5495.068333
4255165.253382,47,5495.940623
-474135.305991,5,5496.033036
5080919.983655,35,5496.673804
-758289.819208,9,5496.843466
-674432.658591,8,5497.007484
-665283.541311,8,5497.17116
-468969.898015,5,5497.270757
-487591.441874,5,5497.364615
5403901.338858,29,5497.87346
4012687.959538,50,5498.751987
-684109.009895,8,5498.885556
-704242.638772,9,5499.040926
-502485.427906,5,5499.12171
-495141.963039,5,5499.218973
-670690.050899,9,5499.376907
5118529.643489,35,5499.990654
-560649.445033,7,5500.109872
5505774.253713,52,5501.018735
-625445.19628,7,5501.146137
-950387.631126,12,5501.364269
-851458.815629,10,5501.552012
4361525.994253,47,5502.407781
-489812.891058,5,5502.511683
5611789.753836,59,5503.533742
-779178.203168,10,5503.709026
5332088.357725,32,5504.254591
-613939.307426,8,5504.385641
-599343.824091,7,5504.503309
-626734.986369,7,5504.624541
-589999.579995,7,5504.751785
-555987.386239,7,5504.881459
-826467.992407,10,5505.054916
-554343.379608,6,5505.164043
-668790.239006,8,5505.315011
-489870.915673,5,5505.406099
4925182.159613,37,5506.084835
5307497.522203,31,5506.666781
-498165.697837,5,5506.761317
-484233.158924,5,5506.85463
-486960.21731,5,5506.951392
-912563.609307,11,5507.151942
5365190.191995,38,5507.872748
5304347.363442,30,5508.429762
5134706.463165,43,5509.217781
-570997.913878,7,5509.35747
-518797.317989,6,5509.466001
-486321.063291,5,5509.557192
5010797.979401,37,5510.260235
-458153.196087,5,5510.352061
-498596.517207,5,5510.4482
5375436.841691,31,5511.011479
-491581.59879,5,5511.104913
5388815.396929,36,5511.738406
-658551.834604,8,5511.879093
1885519.796408,250,5516.429357
5350180.139205,31,5516.998558
-484938.95384,5,5517.089351
-510873.376452,6,5517.205356
5025018.680481,34,5517.810531
-742179.813907,9,5517.968095
5092759.474431,36,5518.598918
-617168.855432,8,5518.737621
-500071.382655,5,5518.822549
4976695.323069,37,5519.477265
-834081.881077,10,5519.658689
-619420.674833,8,5519.806127
-502421.108825,5,5519.897387
-502713.821744,5,5519.980313
-497088.005945,5,5520.074024
5346353.688844,30,5520.629198
-481288.70052,5,5520.719542
-489479.313272,5,5520.80803
-493335.080157,5,5520.89503
-459182.806177,5,5520.979825
-498324.872686,5,5521.07109
-497248.101028,5,5521.157357
6253021.209623,100,5522.906973
4375646.106153,46,5523.732892
5068544.560971,36,5524.37963
-473013.135399,5,5524.470931
-497013.236266,5,5524.561231
-494455.918631,5,5524.648798
-759544.350774,9,5524.816179
-475319.320133,5,5524.906602
5243576.792505,32,5525.500608
5086321.889684,35,5526.124921
-520457.805485,6,5526.234117
-605661.621647,7,5526.355085
3983447.632647,55,5527.35499
5174369.742821,35,5527.973209
5293647.83357,32,5528.542599
4333633.290208,45,5529.410833
-565462.60925,7,5529.538381
-497106.446132,5,5529.627987
-768126.492211,9,5529.80205
-502357.994104,5,5529.892908
5275939.301852,37,5530.530283
-496475.488827,5,5530.615217
-467177.837446,5,5530.711986
5312533.650951,60,5531.815506
5121551.555456,33,5532.42706
-885726.918763,11,5532.633151
-706974.519114,8,5532.779193
-607785.806299,8,5532.930245
-691614.509869,8,5533.075356
5470426.823939,35,5533.729955
-495687.915414,5,5533.832804
-1105473.585569,15,5534.11794
5092216.383107,35,5534.772173
-556264.652525,6,5534.893701
5239574.777669,34,5535.535714
-870414.833202,11,5535.753959
5267664.283105,32,5536.396807
5366973.784929,29,5536.981821
5272513.24797,32,5537.590069
4515127.705259,45,5538.390016
5177144.935338,37,5539.026179
-486308.733931,5,5539.122014
-655602.557011,7,5539.244476
-483975.015864,5,5539.341366
5241063.538903,40,5540.05691
-485007.809722,5,5540.141304
-477374.133227,5,5540.232692
-1274485.410629,17,5540.547268
-482919.469858,5,5540.63824
-496618.966505,5,5540.73523
5356165.55266,28,5541.232017
-492893.737848,5,5541.329142
5238899.707046,33,5541.918379
5188476.537033,37,5542.577363
3801032.000073,55,5543.589202
5173824.27829,33,5544.165331
-500170.391697,5,5544.255841
-494923.703988,5,5544.344285
5018308.17974,41,5545.061585
5188237.251749,40,5545.759417
4983858.831973,37,5546.407146
-469812.971833,5,5546.498059
-653995.972938,8,5546.643582
4147902.156987,50,5547.510175
5391241.652061,29,5548.007856
5149798.375921,34,5548.594911
-442745.36972,5,5548.679726
5266534.882777,38,5549.376993
-489110.450572,5,5549.461712
-499819.570192,5,5549.546294
-501019.353644,5,5549.631803
-493381.623742,5,5549.721934
4435298.104942,44,5550.497645
-1153666.28879,15,5550.770674
-762734.227645,10,5550.94609
5447777.671703,29,5551.480423
-548214.085883,7,5551.601117
-486287.085068,5,5551.697336
-892518.519553,11,5551.8992
5133305.255079,34,5552.534049
-494018.491076,5,5552.624627
5059297.047786,36,5553.272976
-841152.019913,10,5553.461215
-471402.145707,5,5553.564327
4363148.225992,48,5554.46272
-780594.181977,9,5554.630588
4930269.37768,40,5555.351713
4719356.234424,61,5556.448994
5036332.150931,35,5557.07578
5377558.298769,33,5557.684627
-707662.878274,8,5557.836528
-494741.862913,5,5557.933405
-481079.018494,5,5558.023974
4953315.830682,37,5558.648037
5203189.822175,33,5559.218089
5082815.151928,42,5559.951677
5522448.414762,41,5560.684256
-479725.910257,5,5560.775749
5371084.530727,28,5561.284342
4970260.847816,37,5561.964223
-571307.780201,7,5562.084501
5461525.057942,29,5562.617357
-629971.582833,7,5562.740245
-521465.962307,6,5562.841516
5211467.00793,33,5563.41759
5288842.921113,32,5563.981058
3929092.930121,53,5564.938246
-492817.477926,5,5565.031945
-467892.70382,5,5565.114052
-479844.724627,5,5565.211504
-461814.670183,5,5565.301978
-836919.228369,11,5565.502756
-491610.510068,5,5565.593339
-457860.82493,5,5565.683642
5178390.133834,41,5566.398705
-495675.008722,5,5566.489562
-698085.964113,8,5566.629362
-826138.290829,10,5566.804488
4318077.613586,57,5567.798851
5417046.313598,28,5568.283581
-444807.080536,5,5568.374166
-489347.893199,5,5568.465103
4892541.352807,40,5569.198854
4757949.926891,41,5569.925934
-481553.934837,5,5570.010521
-478919.789218,5,5570.095281
4443296.584756,45,5570.925663
-717074.968989,8,5571.077852
-497840.062487,5,5571.162125
-482328.061023,5,5571.256526
5273262.73982,35,5571.845464
5111589.94237,52,5572.719254
5294920.948208,33,5573.288837
5390099.059342,29,5573.798593
5064580.66382,36,5574.458697
-143080.126332,26,5574.912977
4212848.426401,51,5575.786181
-486439.199628,5,5575.870783
5356476.418986,37,5576.518723
-732559.573237,9,5576.670415
-486728.114128,5,5576.767523
-631466.927327,7,5576.88842
-502463.575831,5,5576.979465
-934719.676675,12,5577.191352
-495414.64445,5,5577.282372
-759632.499362,9,5577.436755
5417198.449721,47,5578.282598
-632856.56169,7,5578.411659
-194141.805974,8,5578.555485
-469663.083815,5,5578.658809
5223618.889311,36,5579.337471
5397232.349243,27,5579.85345
5401582.449143,27,5580.342539
-832696.276726,10,5580.524211
-489536.099928,5,5580.621477
5958973.888322,80,5582.093908
4877483.601826,37,5582.7785
-480429.599214,5,5582.877016
4372921.260805,46,5583.736139
4919359.751725,39,5584.45723
-495972.812345,5,5584.548757
-808804.084508,10,5584.73147
-479602.966285,5,5584.831572
-487215.068118,5,5584.917777
5225619.47543,33,5585.487401
-480258.500724,5,5585.572607
5516123.612893,42,5586.339412
5186476.098421,55,5587.590739
-496642.781603,5,5587.7119
-623474.435058,7,5587.911376
-492435.097987,5,5588.039237
-442964.045219,5,5588.172283
-856780.696631,11,5588.427033
-492341.933798,5,5588.541536
5282295.493158,32,5589.256617
-479363.234822,5,5589.360274
-492505.205513,5,5589.457094
5041406.014057,36,5590.159958
-491052.135806,5,5590.250648
6548032.065466,114,5592.572155
-795877.610487,10,5592.759877
5309906.181634,38,5593.438054
4895753.143866,38,5594.086742
-495847.641755,5,5594.171574
-467398.701931,5,5594.25649
-500376.7743,5,5594.347457
-487892.986698,5,5594.431779
-986056.310172,13,5594.650296
-472661.512132,5,5594.729205
-502699.647618,5,5594.820133
-891247.449456,11,5595.022541
4191923.298619,69,5596.311417
-786761.076895,10,5596.504594
-741214.593992,9,5596.668252
-495682.51536,5,5596.765457
4193565.686102,57,5597.904568
-705575.315914,8,5598.068136
-485712.472147,5,5598.17097
-911250.608021,11,5598.370757
4171849.561676,51,5599.335224
5377166.967285,42,5600.12201
-559052.336861,6,5600.241915
5820992.181753,46,5601.116295
-499263.251032,5,5601.200683
-494610.491922,5,5601.291636
-469787.686942,5,5601.382665
4365401.972668,46,5602.218973
5098059.765524,37,5602.945935
-766086.148278,9,5603.110039
4584999.775639,44,5603.921908
5195453.088311,36,5604.60658
-581876.644872,7,5604.728074
-575378.102781,7,5604.862109
-445786.92625,5,5604.951855
-666676.396031,8,5605.103651
-486090.277966,5,5605.200281
4930811.32076,38,5605.897696
6112152.373887,83,5607.44303
5377525.719376,38,5608.145503
5177630.723804,37,5608.842541
-788581.571821,10,5609.030285
-498391.013153,5,5609.121306
5092134.265755,44,5609.903093
-493650.454529,5,5609.984329
-507603.16,6,5610.090803
-502657.68526,5,5610.176205
-882700.737851,11,5610.372745
5237413.410094,39,5611.06049
-571727.094565,7,5611.193861
-500960.384493,5,5611.290477
-879503.803777,11,5611.48426
-319352.454439,13,5611.72683
5381677.871413,43,5612.515048
5285208.870111,37,5613.193994
3579150.463715,56,5614.24155
-612967.456856,7,5614.37227
-490084.01825,5,5614.466432
-486277.756973,5,5614.556634
5495293.946587,41,5615.327274
-556034.46423,6,5615.44212
-743039.268247,9,5615.612926
-495521.099415,5,5615.709104
-511077.955633,6,5615.818098
-556976.222734,6,5615.926269
-468304.049894,5,5616.011557
5090265.312456,37,5616.683854
-474800.918229,5,5616.781058
-491533.516741,5,5616.871626
-785352.134342,10,5617.051287
-482135.06521,5,5617.145832
5406925.824004,23,5617.575595
-553784.53118,6,5617.681157
-496873.095864,5,5617.769225
5042857.885653,39,5618.459711
-600323.997925,7,5618.586755
-494231.92997,5,5618.683234
-859359.371634,10,5618.865399
-893937.459406,11,5619.071587
5139316.75878,36,5619.756377
-487790.888496,5,5619.846979
-495002.648585,5,5619.938859
4234360.479351,46,5620.811211
-791096.090792,9,5620.992758
-489650.544511,5,5621.089765
-487867.117984,5,5621.187252
4450516.556618,46,5622.041175
-497096.383152,5,5622.138464
-740888.097958,9,5622.310404
-706898.996351,8,5622.478157
4555581.632629,44,5623.264967
-699375.237449,9,5623.422489
5303951.689684,31,5623.958222
-470167.921614,5,5624.047045
-492934.851259,5,5624.131366
4514805.20027,42,5624.882781
-789371.666198,10,5625.064719
-465329.55062,5,5625.156142
4843574.982654,39,5625.882764
5427886.174543,33,5626.500834
-473865.607532,5,5626.591975
-515081.518496,6,5626.698236
-812254.798696,10,5626.889199
-480581.693928,5,5626.985967
5358507.636965,51,5627.931324
4568290.495575,65,5629.14336
-656524.337919,8,5629.301108
5110990.354241,48,5630.197485
-571905.640289,7,5630.324612
-645822.431471,8,5630.464004
-639438.21154,7,5630.597947
-495069.355295,5,5630.688436
5303176.400694,30,5631.258464
4830442.539032,39,5631.979376
-487212.708584,5,5632.069891
-822945.6093,10,5632.245659
-708279.5689,9,5632.403211
-494678.514785,5,5632.494129
-487838.13153,5,5632.580599
5359734.575401,27,5633.057718
-485140.684368,5,5633.142607
-486314.689865,5,5633.227587
-490051.123946,5,5633.318217
5067320.774303,34,5633.918244
-743325.548372,9,5634.075677
-492260.869206,5,5634.166715
5272551.966736,34,5634.766556
-487902.258903,5,5634.863978
-472998.232805,5,5634.956554
-473273.995636,5,5635.045406
4387425.824806,48,5635.949112
4116767.472136,49,5636.876083
-655751.590942,8,5637.026905
4370668.354664,50,5637.978581
4955305.113668,38,5638.720684
4436163.9313,49,5639.693532
5007958.4202,47,5640.602779
5192425.270129,37,5641.347657
-502817.702139,5,5641.441256
3991967.089502,53,5642.450546
-482431.23639,5,5642.553516
-783689.991268,10,5642.73582
4513759.680265,44,5643.578045
-473392.295263,5,5643.669107
-484128.896236,5,5643.768519
-777248.145433,9,5643.935562
4968986.442925,38,5644.602095
-499951.568958,5,5644.687046
-488964.193447,5,5644.78398
4041300.61517,49,5645.699712
5408972.906648,31,5646.317469
-481900.460802,5,5646.420057
-757759.338765,9,5646.601826
-502701.859303,5,5646.692752
-641045.539998,8,5646.856559
-488013.324853,5,5646.965886
-718011.609821,9,5647.143776
5341552.80397,55,5648.203906
-502554.212825,5,5648.304834
4884751.715468,39,5649.061975
-768416.783385,9,5649.23191
-477127.084154,5,5649.334601
-489100.518322,5,5649.438267
-157500.925604,6,5649.552752
-480661.973147,5,5649.662616
-598395.716081,7,5649.795046
-489169.386002,5,5649.891989
-498734.54233,5,5649.984319
-698994.305192,8,5650.134904
-481502.035097,5,5650.231335
5634169.25743,58,5651.340981
5250734.936482,34,5652.037173
-459952.912635,5,5652.146512
5294794.17405,32,5652.806814
-483201.917253,5,5652.920074
-502285.954049,5,5653.01349
-489297.904813,5,5653.110242
-500277.429643,5,5653.219317
-630463.278047,8,5653.389268
-677028.310777,8,5653.536591
-479978.572818,5,5653.633165
-492069.918,5,5653.722257
-502198.314984,5,5653.812739
4320658.462672,46,5654.703485
-488286.306763,5,5654.806952
5410811.388623,26,5655.321624
-555638.64149,6,5655.449177
-492874.145486,5,5655.552312
4865753.690091,38,5656.312174
-1098613.980746,14,5656.588962
4164382.191877,46,5657.521339
-500581.087269,5,5657.631199
5006658.205518,38,5658.351613
-487411.830378,5,5658.449116
-523569.665313,6,5658.569986
4303590.691052,50,5659.521095
-683918.06375,8,5659.666675
-513689.88821,6,5659.781793
-504115.990346,6,5659.898847
-490310.299271,5,5659.993855
-470649.068105,5,5660.091098
4981722.875388,39,5660.837892
-570646.770788,7,5660.96707
-744363.792462,9,5661.151477
-509619.517533,6,5661.260748
-573440.061742,7,5661.387539
4855701.099085,38,5662.115496
4566784.493537,41,5662.913876
5407371.779804,25,5663.388151
-683976.999769,8,5663.5527
-483128.444368,5,5663.650654
-501627.678483,5,5663.751268
5393630.040613,26,5664.266307
-475037.506335,5,5664.370596
-615616.381506,7,5664.518947
-499744.715287,5,5664.617869
5269665.67125,33,5665.296776
649521.726148,250,5670.271649
-482412.530618,5,5670.380721
-589227.032396,7,5670.520469
-641841.079444,7,5670.653597
-589484.893912,7,5670.800908
-723902.006712,9,5670.96244
-499500.891346,5,5671.05951
-837504.208517,10,5671.253525
-668616.136108,8,5671.411003
-502590.585709,5,5671.508135
-474588.118915,5,5671.605044
-489460.628598,5,5671.702285
-495611.05812,5,5671.798945
4510552.561189,41,5672.592936
5196569.654085,38,5673.325408
5006253.024644,37,5674.028999
-481574.403977,5,5674.131692
3841976.789173,65,5675.416164
-485214.808376,5,5675.507519
-668616.019373,8,5675.659676
5548869.416666,50,5676.616738
-783272.994553,10,5676.80683
-594562.78476,7,5676.93757
-495054.787774,5,5677.034955
-487109.901259,5,5677.137855
-724683.329434,9,5677.319188
5488055.233511,47,5678.16172
-492554.133834,5,5678.271137
4512974.46392,45,5679.113263
-918796.506562,11,5679.319335
-666694.453871,8,5679.476736
-772318.627211,9,5679.647352
4895033.028339,41,5680.46465
-487228.964732,5,5680.567687
4821296.054871,42,5681.379189
-501657.932825,5,5681.482342
-608103.477382,8,5681.646549
5375661.427326,48,5682.591336
5105448.326297,57,5683.675918
-471651.945808,5,5683.767155
-474476.474756,5,5683.858289
5350973.247769,30,5684.434056
-716855.674439,9,5684.597485
-612263.057072,7,5684.718503
-763632.779676,9,5684.887992
-805637.097685,10,5685.064035
-481678.400883,5,5685.154794
3933416.482613,54,5686.112221
-501084.564402,5,5686.204555
5433384.35016,25,5686.645192
-493067.964348,5,5686.742205
4287031.337463,48,5687.606679
-517853.945433,6,5687.712308
-490215.506432,5,5687.815433
3852757.492542,55,5688.89339
-700856.437363,8,5689.045477
-502376.387036,5,5689.148585
-475604.643853,5,5689.245519
5312819.355088,58,5690.36011
-864487.319166,11,5690.55999
-614709.771512,7,5690.693282
4177987.769637,49,5691.626889
-625846.153471,7,5691.754046
-493612.469646,5,5691.838512
-625823.583141,7,5691.965869
5152581.936107,41,5692.687263
5190986.965933,33,5693.311405
-609902.021432,7,5693.462882
-696705.315847,8,5693.626249
4574904.281962,43,5694.462868
-165560.375995,19,5694.814129
4603341.415061,41,5695.626328
-484727.319271,5,5695.724676
4263979.855687,49,5696.644137
-493877.699122,5,5696.729202
5393978.292808,29,5697.274275
-723625.294341,10,5697.462699
-565561.749803,7,5697.595508
-888809.138174,11,5697.802821
-486179.670698,5,5697.892771
4904611.566927,38,5698.546981
5279757.051496,36,5699.177535
-595746.493089,7,5699.304639
-682574.404575,8,5699.450098
-551828.58855,7,5699.573375
4517473.34619,47,5700.437649
-761579.908525,9,5700.601594
-501480.845688,5,5700.692616
5031868.067737,36,5701.364676
-498545.396123,5,5701.455754
5359111.291879,28,5701.98288
5395206.269494,28,5702.498547
5396748.004897,28,5703.001354
5361649.88953,27,5703.497953
-497301.549514,5,5703.5891
-496292.107287,5,5703.685648
-493110.75335,5,5703.771331
-483193.074252,5,5703.855422
-488477.925698,5,5703.946608
4525712.404799,44,5704.716639
4496115.551223,44,5705.479858
-908297.478046,11,5705.673844
-488519.079703,5,5705.764289
-498444.076343,5,5705.855154
4876720.840413,42,5706.618834
-766476.623385,10,5706.800902
-492152.653797,5,5706.891274
5113490.264376,35,5707.547235
-745075.88491,9,5707.712948
-471541.096649,5,5707.80765
4925787.581537,42,5708.594327
-994510.702003,13,5708.824466
5178389.465256,35,5709.503592
-475279.378288,5,5709.600688
-763917.460649,9,5709.782444
-1088073.596273,14,5710.049083
5151262.672102,38,5710.788192
-502774.153367,5,5710.879149
-557394.851467,6,5711.000024
4505291.503455,45,5711.830909
-442587.062067,5,5711.929885
-496800.191876,5,5712.030602
5480178.542561,35,5712.703008
5409490.979606,29,5713.2645
-712150.818018,9,5713.430041
-495697.087592,5,5713.527316
5019151.453058,38,5714.261354
-641072.259472,8,5714.417736
5112892.808944,36,5715.11458
5354830.483882,43,5715.92086
4979839.394508,38,5716.644208
-500735.610463,5,5716.73932
4858412.922645,39,5717.4811
-472553.477442,5,5717.575022
-489272.595087,5,5717.666455
5412766.383506,26,5718.15279
4526640.880588,45,5718.999434
-586201.825008,7,5719.13309
-841125.524321,10,5719.314296
5156794.658469,35,5719.981076
5204330.570985,32,5720.568716
4962697.339099,38,5721.295799
-668325.960428,8,5721.441343
-496125.283123,5,5721.537852
-619344.748726,7,5721.672194
-697816.627506,8,5721.817669
-475254.168653,5,5721.914731
-594350.865412,7,5722.047172
-884416.154547,11,5722.253245
-931725.01187,12,5722.483387
5244866.951962,42,5723.28979
5308150.151896,45,5724.107538
-491437.284411,5,5724.192469
-474836.15533,5,5724.277147
-731417.283136,9,5724.433839
3956392.781092,52,5725.368321
5378980.898498,28,5725.883434
-462724.72865,5,5725.980482
-752184.626918,9,5726.144122
5164571.738366,36,5726.786075
5437901.597214,28,5727.3106
5111557.608502,56,5728.368388
5328524.233656,29,5728.919293
-633225.530528,7,5729.04642
-575913.102608,7,5729.180278
-738908.668779,9,5729.355766
5357555.026302,28,5729.925526
-471342.854014,5,5730.03494
5398758.666466,25,5730.525272
-541831.836512,7,5730.670429
5023226.060652,49,5731.591544
-636443.198411,8,5731.749757
-732210.278588,9,5731.91976
5145581.584062,34,5732.549545
-502504.444284,5,5732.645924
4371928.172486,52,5733.627805
5055337.151205,35,5734.294274
3968251.785819,50,5735.288796
4441322.729741,47,5736.199987
-587320.735206,7,5736.330843
-496826.802345,5,5736.421306
4102656.490096,51,5737.445793
-804835.525386,10,5737.623694
4640344.688815,58,5738.658672
-486782.129994,5,5738.742475
-495386.127781,5,5738.827706
-494672.382536,5,5738.91862
-600037.414834,7,5739.045212
-770437.277579,9,5739.215406
-499057.574477,5,5739.306168
-956220.677314,12,5739.530243
5266796.355596,52,5740.475343
-553779.021733,6,5740.590516
-549738.901906,6,5740.705613
4902503.158304,40,5741.478847
-753790.084562,9,5741.644897
5373173.791547,28,5742.184346
-479115.308529,5,5742.281449
5420004.488514,23,5742.726201
5321396.991813,39,5743.402586
-665870.364167,8,5743.547776
-491185.706945,5,5743.643085
-609302.216475,7,5743.76628
-495178.530684,5,5743.851116
-497272.309266,5,5743.942223
5424890.644901,29,5744.462713
-789006.097436,10,5744.644949
5285693.878288,31,5745.212803
-676299.939822,8,5745.359829
5289989.062709,32,5745.94742
-491200.154422,5,5746.057566
4246021.642994,48,5746.990169
-487196.893697,5,5747.087578
-502544.43814,5,5747.18396
-693735.155249,8,5747.335647
5635344.118326,43,5748.142094
-759757.837502,9,5748.310655
5311617.383414,36,5748.977723
-494693.787129,5,5749.080539
-547298.73536,6,5749.196283
-483287.438338,5,5749.29938
-612274.172519,7,5749.432009
-514843.480563,6,5749.547876
5334818.096796,30,5750.123258
-486847.631917,5,5750.216056
-786387.978537,9,5750.395864
-490014.67437,5,5750.486757
5380594.638758,27,5751.014509
5109657.591344,33,5751.649856
-500309.201455,5,5751.748452
-705735.565393,8,5751.898374
-473887.210628,5,5751.989012
-503000.373319,5,5752.086463
5368671.699998,28,5752.615018
-808813.791467,11,5752.828742
5410188.944757,24,5753.28625
5350506.512577,55,5754.328554
-493021.57534,5,5754.419302
-587692.596169,7,5754.552449
-498466.791374,5,5754.650865
-820911.641238,10,5754.844049
-497591.992113,5,5754.934724
4698931.076863,41,5755.698151
-494603.994843,5,5755.788656
5423733.717362,25,5756.27983
-770450.029511,9,5756.456048
4380861.779819,48,5757.385601
4567632.722511,43,5758.196303
5173885.611711,36,5758.867817
5109504.488235,57,5759.957801
5213663.800721,53,5760.952387
-621239.297154,8,5761.103208
-725278.236435,8,5761.258793
-500968.434767,5,5761.346188
-480042.173139,5,5761.442991
4227287.686868,49,5762.309638
-490688.487082,5,5762.40637
5393133.911131,27,5762.878999
-712896.565358,8,5763.024554
-475679.647411,5,5763.115015
4993223.579035,38,5763.794075
4843048.111241,40,5764.503178
5231936.108044,51,5765.466651
4686003.584166,61,5766.630038
-655038.96411,8,5766.781738
-613990.28693,7,5766.908616
-712213.11303,8,5767.066601
5381805.454949,29,5767.607414
5410315.437713,28,5768.133253
5380756.568884,26,5768.611772
5328488.326323,32,5769.230016
5318885.752145,36,5769.889954
-119504.0087,7,5770.030552
-500718.534606,5,5770.126992
4438069.516957,47,5770.999353
5034860.232439,36,5771.671857
-510430.286396,6,5771.787508
3773204.81139,57,5772.859889
-698281.455547,8,5773.010883
5168858.674134,34,5773.659736
-500630.526227,5,5773.756476
-478522.240359,5,5773.85023
-628145.489807,7,5773.980672
-677439.307465,8,5774.132395
5230579.899787,33,5774.756949
-495534.295799,5,5774.853451
-723489.040583,9,5775.035483
-493359.822696,5,5775.132311
-612939.08839,7,5775.265348
-494597.111464,5,5775.356011
4572430.072502,44,5776.22266
5407630.159654,30,5776.786554
-484533.781597,5,5776.901451
5113479.468051,38,5777.658812
-495290.733328,5,5777.756398
-473203.671633,5,5777.860787
-485488.498034,5,5777.956195
-502998.276679,5,5778.053083
-495227.377171,5,5778.150017
5416502.599417,26,5778.640872
-481534.363281,5,5778.731928
5241207.870813,32,5779.34357
-468433.469208,5,5779.440772
5211763.025751,37,5780.15587
5252776.411599,34,5780.777016
4236461.51741,49,5781.640452
5587255.522809,36,5782.270946
5287995.993015,33,5782.8824
5249442.230976,34,5783.513099
5318187.644131,35,5784.185824
-489225.194786,5,5784.279514
-502780.493957,5,5784.373189
5380653.597174,40,5785.149318
-477797.576143,5,5785.24018
-788652.592874,10,5785.42803
-496404.285271,5,5785.532891
-697235.025002,8,5785.694503
-922117.672408,12,5785.918854
5052304.457824,38,5786.623444
4313119.507695,47,5787.500355
5349218.252321,39,5788.221152
-491397.584148,5,5788.312989
5441786.076935,25,5788.761118
-476302.385703,5,5788.845772
-571634.270104,7,5788.974078
-495997.886684,5,5789.057779
5303468.741195,30,5789.591437
-497914.397962,5,5789.682024
-543056.979403,6,5789.790785
-488423.762027,5,5789.88164
-906346.469121,12,5790.088234
4684292.989849,68,5791.330373
-472656.169918,5,5791.421492
-495938.672282,5,5791.52564
5520596.071358,51,5792.481383
-179035.951286,13,5792.725426
-495019.181448,5,5792.820959
4641855.015848,41,5793.57228
-590991.71192,7,5793.699829
4286077.007928,47,5794.578237
-446297.013889,5,5794.669032
4066968.887457,52,5795.693159
-732849.252457,9,5795.868985
5217692.435079,32,5796.481577
-474885.643329,5,5796.583894
-489008.555659,5,5796.693502
-475238.643505,5,5796.796514
-478108.832839,5,5796.892923
5417208.819397,27,5797.450988
-697826.417022,8,5797.598496
-495566.075944,5,5797.686784
-833821.182421,10,5797.862589
5287614.951381,32,5798.432246
-787154.946237,9,5798.595791
-469755.071383,5,5798.686807
-502117.545671,5,5798.777594
-708966.173752,8,5798.917041
-878380.999729,11,5799.118294
5434146.481666,33,5799.729056
-789563.827762,10,5799.916825
-599980.230636,7,5800.044528
-613040.229702,7,5800.183889
-487777.503407,5,5800.274362
5403223.350845,29,5800.833866
-668046.007254,8,5800.980351
-445777.390378,5,5801.074632
-577483.837659,7,5801.209776
-502625.415909,5,5801.299377
-1072570.257694,14,5801.563259
5552415.604089,40,5802.356853
5286752.483676,32,5802.959424
-862978.434759,10,5803.134927
-755579.451885,9,5803.292226
-646775.069948,7,5803.413716
4242102.561977,50,5804.298829
5445617.667701,25,5804.740735
4860077.32608,38,5805.43777
5404562.60805,28,5805.952528
-579742.265441,7,5806.074057
4989595.171523,37,5806.777019
5568464.707471,39,5807.497745
-490772.16185,5,5807.594955
-799106.13007,10,5807.771143
5391067.970638,26,5808.255272
5940413.233549,53,5809.23086
5323223.612598,38,5809.909725
5301595.534222,41,5810.637233
3950501.179204,56,5811.655016
-494993.083926,5,5811.74995
5308851.100546,32,5812.329113
-494277.244883,5,5812.418925
5277734.998073,33,5813.042509
-500518.526182,5,5813.139965
-812908.305715,10,5813.333995
-495915.820782,5,5813.434092
-481080.478257,5,5813.527568
5339964.803486,31,5814.105475
5408803.915927,26,5814.582162
5107068.000483,40,5815.339779
-694389.69368,8,5815.487325
5227151.16531,34,5816.098683
-717781.780463,9,5816.260314
-502558.190599,5,5816.345146
-734646.226317,9,5816.502783
-630272.187557,7,5816.617881
-641453.789499,7,5816.745504
-897581.75191,11,5816.933555
-487066.977207,5,5817.023879
5402082.757055,28,5817.539154
-813946.818812,10,5817.714696
-662669.453226,8,5817.866367
-485148.282505,5,5817.957093
4819601.944166,39,5818.666474
-648796.437404,8,5818.818283
5343193.582252,31,5819.393763
-634323.050113,8,5819.545142
4771334.167038,40,5820.296198
4172903.122066,49,5821.223694
4808348.818416,39,5821.963214
-493754.28192,5,5822.060191
-713070.517595,9,5822.229985
-486225.857031,5,5822.326804
5412424.101949,26,5822.811214
5149640.738133,34,5823.445573
5314962.000764,32,5824.050363
-497465.744079,5,5824.138463
-494425.705475,5,5824.239784
-713280.314218,9,5824.405215
-483389.2725,5,5824.502109
-770986.709197,9,5824.671958
5341107.625688,39,5825.471892
-734736.205852,9,5825.637563
4705396.933529,40,5826.437941
-499584.738631,6,5826.55
-498925.912971,5,5826.63827
-502895.928461,5,5826.725798
-490153.27436,5,5826.816677
5426460.141113,26,5827.319982
-497474.152069,5,5827.417312
-795537.943092,10,5827.604785
-487080.983928,5,5827.707973
-482552.017667,5,5827.804816
-707336.544928,9,5827.968187
-655888.23307,8,5828.128179
-776291.741584,9,5828.290028
-499287.774853,5,5828.386272
-556661.646672,7,5828.513538
-776900.158467,10,5828.702253
-495210.839873,5,5828.797297
-481523.103382,5,5828.914007
5375269.335889,37,5829.800977
5380091.403808,31,5830.486872
-472812.356474,5,5830.574079
-736069.00592,9,5830.738059
5128412.216119,40,5831.489261
5369525.099884,34,5832.14977
-829499.679745,11,5832.357586
-624013.326972,7,5832.476781
4523132.811852,44,5833.270452
-483541.742861,5,5833.374135
-516403.234619,6,5833.47719
5138690.920638,57,5834.543225
-485307.107788,5,5834.634581
-662738.685354,8,5834.773539
3731056.01587,57,5835.821801
5378919.780134,32,5836.434131
4254627.367326,50,5837.41553
-488391.717464,5,5837.506359
5370168.008744,36,5838.179538
4215350.77953,51,5839.156858
4926969.49124,39,5839.924813
-459320.812011,5,5840.019967
4941009.244866,37,5840.714122
-492441.87882,5,5840.809554
5229526.868723,32,5841.42143
-488206.01009,5,5841.518495
4924850.771864,37,5842.221249
-479728.508001,5,5842.318725
5425710.988062,30,5842.887947
-494709.236517,5,5842.984543
5438800.304412,26,5843.500081
-812589.137038,10,5843.699997
-455774.380556,5,5843.796259
-614688.298873,7,5843.931343
-475457.294736,5,5844.020801
4084656.20729,53,5845.027396
4140038.682335,50,5845.96721
5390721.847865,32,5846.596725
-193176.628906,17,5846.924062
-475738.190727,5,5847.022925
4821647.358902,38,5847.723947
-708575.430461,9,5847.899241
-601558.193862,7,5848.032997
-797523.606925,10,5848.227287
5175969.71019,35,5848.883855
5221361.975921,32,5849.499171
-546862.762666,6,5849.614819
-493971.158098,5,5849.71118
-499388.728775,5,5849.808716
-701153.288054,9,5849.977679
-484120.497891,5,5850.068649
5308176.671498,36,5850.768871
-501152.844928,5,5850.862422
-542207.901574,6,5850.971985
5369200.28158,31,5851.565755
-484783.763092,5,5851.658103
-503092.013789,5,5851.747362
5737041.242154,44,5852.590441
5227494.066793,33,5853.219863
5389560.089941,38,5853.908671
-495175.868756,5,5853.999924
4997944.262788,36,5854.647263
-843011.866695,10,5854.826405
-153926.651883,7,5854.941081
5543822.857132,57,5855.989776
5615811.351297,59,5857.125303
-499650.435499,5,5857.23177
-704305.916558,8,5857.395661
5242098.095536,49,5858.322349
-842806.864925,10,5858.510314
-497164.085609,5,5858.60769
-484819.071135,5,5858.704413
3861594.404036,54,5859.74078
4548429.466931,44,5860.594901
-474468.965079,5,5860.685964
-494783.519762,5,5860.782727
-488598.728889,5,5860.879575
-477966.974756,5,5860.982868
-416525.387655,5,5861.07983
-676745.460159,8,5861.237287
-638810.674293,7,5861.376679
4181648.022422,53,5862.412992
5127503.089761,40,5863.188611
-767717.346978,9,5863.358222
-842589.299387,11,5863.570283
4855917.409156,39,5864.272886
5414378.360217,27,5864.776192
-757779.056318,9,5864.937966
5276063.284052,35,5865.587913
5021039.679447,37,5866.322282
-717655.567367,8,5866.491249
-500096.504595,5,5866.587983
-494117.582875,5,5866.694313
5268279.559389,31,5867.302912
-465747.694133,5,5867.400218
4690262.450806,40,5868.170179
3802617.860632,57,5869.273136
5334299.296457,30,5869.835866
5008576.796345,39,5870.581475
-605952.262157,7,5870.714546
5208304.623532,33,5871.3698
-485471.954759,5,5871.46024
5116681.442683,41,5872.237648
5058508.102997,34,5872.880465
5374114.603102,28,5873.417376
4461445.187682,56,5874.48442
5253466.519899,35,5875.156674
4978929.750587,40,5875.945165
-670871.474956,8,5876.089794
-894129.500114,11,5876.289898
4655310.746505,41,5877.017224
-490468.139121,5,5877.112718
-619279.054408,8,5877.253472
-481139.265696,5,5877.346206
5126655.979752,42,5878.14429
4981838.719805,39,5878.9318
-1456958.370723,19,5879.307838
-724412.815925,9,5879.502175
5483665.105216,35,5880.198809
-692421.991213,8,5880.383641
-481392.414683,5,5880.489773
-453625.422171,5,5880.580568
-611225.940926,7,5880.701651
5118792.085587,33,5881.326215
-647332.952696,8,5881.465029
-169240.527677,8,5881.616452
5411065.773187,24,5882.061389
5542497.728388,52,5883.046956
-449130.725447,5,5883.137883
-776286.170965,9,5883.313696
-509989.739503,6,5883.422596
-486162.511716,5,5883.51847
-785952.695509,9,5883.695352
-481659.039387,5,5883.799515
5295651.649671,36,5884.507391
-501285.464681,6,5884.623511
-699280.193039,8,5884.793617
5115738.504847,36,5885.497876
5460218.59463,26,5886.009752
-501587.337146,5,5886.113221
5239764.432169,34,5886.816406
-493836.756431,5,5886.913093
5162729.724701,33,5887.564304
-859146.002011,10,5887.761423
-511429.547855,6,5887.888266
5318936.217134,32,5905.195892
-656760.268399,8,5905.365375
-665904.926019,8,5905.516752
5204699.075718,35,5906.201667
5228382.521048,32,5906.838204
5273372.573122,30,5907.401526
-491221.759959,5,5907.50026
-482194.531379,5,5907.59536
6197965.038623,98,5909.498322
-482024.577879,5,5909.58942
-503140.506844,5,5909.694202
-152419.36617,8,5909.837305
-716491.703229,8,5909.988927
5190953.918521,38,5910.685807
5447606.495838,30,5911.237548
5326438.332617,32,5911.837094
5448939.684829,31,5912.431068
5009029.906473,36,5913.164461
-486421.321607,5,5913.255332
-745447.51789,9,5913.431183
-633976.075536,7,5913.567874
-502597.241859,5,5913.661278
5349998.222124,29,5914.261456
-488583.805968,5,5914.361398
-679370.289311,8,5914.511745
4799472.338701,40,5915.261202
-501709.785933,5,5915.36426
-485637.814237,5,5915.455206
5064422.008251,38,5916.188429
4512898.376796,44,5917.093937
-475573.195056,5,5917.201665
-457115.842449,5,5917.304101
4287072.78652,48,5918.18816
5266590.800967,39,5918.915417
5319642.127823,31,5919.521561
-472386.936568,5,5919.618386
-493518.842558,5,5919.708935
-472807.149098,5,5919.806152
5585612.476375,40,5920.575779
-1062992.793122,13,5920.837052
-492100.203592,5,5920.933563
5357369.828657,33,5921.539073
5379476.911626,28,5922.072342
5871957.657563,64,5923.357414
-685514.156717,8,5923.510568
-473640.943208,5,5923.606235
-500119.610749,5,5923.706987
-126850.300373,7,5923.830462
-704524.122705,8,5923.978786
-502628.64257,5,5924.078067
-466010.026456,5,5924.162951
-727435.789858,8,5924.326589
4183035.397308,48,5925.242055
-495400.901087,5,5925.339013
5378529.381505,28,5925.914346
4519322.030205,42,5926.726246
5340249.832085,28,5927.320832
-899524.383584,13,5927.563044
-478473.560602,5,5927.660017
-496991.001069,5,5927.762421
-498445.706154,5,5927.859791
-619191.548986,7,5928.00538
-488485.306733,5,5928.108642
-497186.460184,5,5928.198925
-490734.084303,5,5928.3023
-496132.988627,5,5928.399179
-690150.127775,8,5928.556277
4122197.270596,53,5929.617842
-980191.495016,12,5929.865845
4343479.5786,54,5930.956275
5392069.351032,41,5931.731844
-482658.10453,5,5931.829175
5413210.486199,28,5932.380171
-841704.359853,11,5932.593038
5432731.931015,26,5933.114378
-682052.604957,8,5933.277453
-496631.96341,5,5933.37448
-498168.346655,5,5933.465279
-813750.350053,10,5933.64668
-720786.005454,9,5933.805624
-492314.923397,5,5933.901226
-615510.706278,7,5934.022386
-499031.124787,5,5934.107632
-503013.074842,5,5934.192159
4714436.065079,40,5934.925727
5057857.829254,35,5935.604541
-495142.925201,5,5935.691645
-901743.491005,11,5935.894933
-503183.514286,5,5935.985858
-595328.207392,7,5936.113546
5399523.338019,28,5936.628685
-498870.471089,5,5936.725687
-481411.950061,5,5936.830822
-490856.315494,5,5936.932257
5289457.132403,36,5937.616421
5354117.32358,42,5938.379792
4492928.696729,46,5939.204015
-493853.164149,5,5939.294413
5381721.324117,29,5939.834047
-614378.631953,7,5939.967366
4238460.884212,47,5940.883171
-502707.433312,5,5940.985658
-494941.501513,5,5941.076586
-721245.272613,8,5941.248065
5256178.228938,39,5941.943031
5135610.75531,35,5942.561457
-1134160.974728,14,5942.81582
-730429.713372,9,5942.972788
-491499.548684,5,5943.063801
-473365.415445,5,5943.154731
-449741.081918,5,5943.245886
4406534.182121,47,5944.118499
-487426.048552,5,5944.212674
-700688.442743,9,5944.385302
5108518.387684,37,5945.087785
-493281.727757,5,5945.185123
3746800.769726,54,5946.2033
-502809.34045,5,5946.294246
-496481.39848,5,5946.38511
-1122687.394627,16,5946.68459
-521563.254162,6,5946.803259
4861255.759416,40,5947.569085
-858433.440026,10,5947.754613
-502583.442815,5,5947.85361
-502278.000796,5,5947.948392
-500382.974016,5,5948.039962
-494649.269818,5,5948.135996
-773902.368435,9,5948.306177
-783098.468201,9,5948.475517
-827554.151175,10,5948.675543
-581199.637059,7,5948.81452
-455765.825581,5,5948.911431
-487780.001207,5,5949.008741
4189010.369005,49,5949.959889
-632146.754793,7,5950.109348
-686017.049345,8,5950.263677
-785590.976101,9,5950.438548
-640088.821306,7,5950.572346
5453611.623416,29,5951.124644
-849168.171559,11,5951.336221
-620512.994772,7,5951.46311
-483913.680395,5,5951.55392
4600471.316792,52,5952.480763
-607207.910362,8,5952.626707
-706539.414989,8,5952.772246
5611713.48356,47,5953.638655
5389207.864249,39,5954.348025
-762829.455405,10,5954.541484
-482335.063943,5,5954.638092
-627500.10416,8,5954.778092
-502677.288215,5,5954.870394
-502221.091621,5,5954.958795
-501147.564727,5,5955.051655
-782568.60028,9,5955.207789
-496691.278639,5,5955.31003
-486586.917125,5,5955.401646
-718816.340766,9,5955.568177
-123790.730375,6,5955.68084
-489134.978678,5,5955.783895
5292531.140894,36,5956.462112
-502814.491141,5,5956.559998
-716248.892432,9,5956.741064
5084300.987452,35,5957.438199
-502769.936449,5,5957.528959
3538723.991103,60,5958.674664
5132087.087824,39,5959.401271
-502883.971307,5,5959.492306
-499082.036715,5,5959.595098
-558109.360832,6,5959.716834
5393063.362617,28,5960.256171
-488255.109147,5,5960.35895
-486238.912627,5,5960.449566
-490785.530472,5,5960.55285
-825132.327227,10,5960.742335
5379340.682805,29,5961.286393
5323976.636358,42,5962.080017
-626025.238832,7,5962.207553
4871118.151399,41,5962.946609
-779552.257432,10,5963.122123
-886218.622927,11,5963.322126
4929726.215221,40,5964.043006
-772247.115443,9,5964.197444
-491431.278713,5,5964.285462
4817542.907029,52,5965.264397
-879367.107067,11,5965.487875
-502862.426664,5,5965.582206
-515895.401769,6,5965.69775
-681128.049024,8,5965.855132
-670097.117708,9,5966.025291
5548195.827259,39,5966.752185
-496078.367263,5,5966.86134
-685906.991576,8,5967.006621
5550247.894522,53,5968.024742
-462114.409992,5,5968.127563
5620112.740528,40,5968.909562
-811671.000277,10,5969.097505
-501722.396081,5,5969.200359
-577224.551624,7,5969.339874
5216436.166954,36,5970.048418
5340812.155882,32,5970.66071
-480788.354847,5,5970.758024
5369354.523562,29,5971.315337
-502309.946874,5,5971.412039
-496524.680773,5,5971.511034
3957027.156916,51,5972.472275
5110344.84551,34,5973.109255
5048856.4093,41,5973.909243
-486254.384061,5,5973.999687
5131665.168756,36,5974.690267
-474458.96643,5,5974.788668
5252562.85568,35,5975.441947
3354087.285359,60,5976.611639
-942937.115114,11,5976.811918
4729299.384982,45,5977.665701
5862832.739517,53,5978.605358
5694039.330209,57,5979.617531
-673923.095024,8,5979.769011
-497252.811988,5,5979.86913
5095789.202276,37,5980.556544
4089377.996683,51,5981.520036
-797290.035105,10,5981.713907
-571444.264446,6,5981.822916
5389380.15015,31,5982.44709
5075166.298178,37,5983.124033
6270905.833659,77,5984.51978
-657093.213705,8,5984.659269
4746186.007125,40,5985.401093
-662200.437731,8,5985.544029
-486104.86975,5,5985.635422
-734903.065562,9,5985.809074
-473233.200153,5,5985.901381
5368321.07469,33,5986.520819
5427953.765045,27,5987.040958
-487907.464993,5,5987.137359
5385997.080511,29,5987.701612
-628596.645222,7,5987.834657
4106492.837104,53,5988.854301
4870276.982304,68,5990.183346
-502870.370756,5,5990.282431
5093195.223441,46,5991.167583
4888482.107768,39,5991.924837
-864344.327781,11,5992.130623
-545430.439713,6,5992.246105
5050758.180125,90,5993.991341
-481493.696517,5,5994.088321
-765136.541131,9,5994.262307
-517528.042093,6,5994.379696
-558332.292962,6,5994.502174
-467573.985437,5,5994.596937
4364334.582971,51,5995.530415
5044973.687772,36,5996.221502
-500824.192659,5,5996.312709
-502079.540558,5,5996.415543
-763113.187848,9,5996.579198
-502979.955838,5,5996.675944
-803554.854608,10,5996.869586
-498456.018732,5,5996.979066
-654462.723357,8,5997.129971
5222045.661568,33,5997.754414
-490477.745495,5,5997.851338
5008772.493839,36,5998.542181
-913426.260645,12,5998.76671
5424752.968509,27,5999.29353
-489937.113355,5,5999.390941
-818217.641333,48,6000.299778
-752402.738428,9,6000.475602
-779424.283084,10,6000.669153
-851003.323866,10,6000.857053
4244113.942402,51,6001.875783
4943397.60646,41,6002.656809
5158055.346915,34,6003.299438
-481186.801658,5,6003.396539
4763837.302576,40,6004.153914
5024864.711295,36,6004.832864
-135675.772311,8,6004.984662
-804525.080833,10,6005.178159
5158548.744127,47,6006.068538
-493439.755602,5,6006.159918
5206246.934313,32,6006.753229
-724519.559212,8,6006.911403
4046266.975572,51,6007.868295
3724461.244764,55,6008.892379
-495972.969834,5,6008.983981
5376661.902951,63,6010.20132
4879359.080946,38,6010.934676
-755066.660375,9,6011.104633
4969319.140645,37,6011.81336
-501932.329542,5,6011.910749
-487268.44155,5,6012.013349
-304641.165618,16,6012.316531
-501711.534088,5,6012.413756
-476101.619272,5,6012.498172
-495144.703004,5,6012.595564
4896105.971136,39,6013.322401
4986150.562239,37,6014.031277
-704136.427796,8,6014.176913
-501432.180276,5,6014.26765
-712792.557116,8,6014.419053
5263534.874092,34,6015.079924
-487522.443265,5,6015.183001
-601112.85804,7,6015.315862
5593802.748691,55,6016.376876
-464256.759284,5,6016.479955
-486496.25751,5,6016.576342
5012238.117406,37,6017.244717
-734549.508478,9,6017.40702
-485319.574546,5,6017.491355
-914254.532462,12,6017.703516
5130614.484377,49,6018.570027
-1077791.09236,13,6018.800708
-875595.696121,11,6019.000706
4415589.22549,45,6019.861116
5364519.182898,31,6020.449163
-550088.292737,6,6020.563805
-868150.070366,11,6020.770071
5407317.420931,28,6021.297341
-499149.362982,5,6021.394147
-482141.111379,5,6021.497621
-461847.545152,5,6021.592559
-461107.784637,5,6021.685843
5299030.692839,37,6022.375666
5470810.879856,30,6022.957476
5389614.161975,34,6023.600351
-497451.412612,5,6023.697978
5351453.36505,30,6024.279278
5287509.054421,34,6024.921041
-608471.323838,7,6025.054402
5381257.830806,40,6025.829764
5303079.650715,44,6026.648115
-1066788.501524,13,6026.902737
-776073.053233,9,6027.077466
5357983.032299,35,6027.734428
5335171.421417,34,6028.375285
4481853.798349,47,6029.28432
-502723.995679,6,6029.395365
-778209.549131,10,6029.586912
4723260.205467,57,6030.62918
-488169.782297,5,6030.720537
-498995.626571,5,6030.811011
-497226.861221,5,6030.902202
5355248.713134,32,6031.484246
-556985.669222,6,6031.592728
-497979.412621,5,6031.683612
5092430.467889,35,6032.320649
-497127.677362,5,6032.415778
-800582.300385,10,6032.611073
-570541.611395,7,6032.744483
-493415.09676,5,6032.841504
-497694.701068,5,6032.932141
4802929.709117,38,6033.648836
4315170.518172,49,6034.587011
5526446.466407,52,6035.568389
-680149.176719,8,6035.734797
-502157.924802,5,6035.830548
5341390.887043,38,6036.521995
-713412.190596,8,6036.664485
-476715.363796,5,6036.749677
-778025.401851,10,6036.935105
4292081.67594,46,6037.810449
5412149.665487,35,6038.459149
4140864.732643,52,6039.418805
5293230.029186,40,6040.167557
5389856.635874,28,6040.697592
-620527.762515,8,6040.852495
5629827.520919,38,6041.555308
-611081.879046,7,6041.685986
-797056.63536,10,6041.86453
5365306.154184,47,6042.809999
-484163.297582,5,6042.894714
-481307.760842,5,6042.99172
-774276.356754,9,6043.161369
4361764.454104,62,6044.371106
5338154.554166,35,6045.027637
5191676.353212,37,6045.773112
-786005.296453,9,6045.930807
-699235.048034,8,6046.076019
-808710.383588,10,6046.257691
-632560.041039,8,6046.391406
5637764.43089,41,6047.185343
4979119.428921,41,6047.948461
-866861.725352,10,6048.136286
4798271.857614,79,6049.572474
-552115.674479,6,6049.681791
-609630.662272,7,6049.820884
5408837.082275,30,6050.366212
-501307.843078,5,6050.458062
-490481.357794,5,6050.554276
4892735.997695,91,6052.220447
5328752.15063,32,6052.845012
-500189.820234,5,6052.941965
5170170.582627,33,6053.603274
4323596.191532,49,6054.516078
-504855.763913,6,6054.622298
-626952.676045,7,6054.741909
4017142.066938,53,6055.924041
-503193.416451,5,6056.045387
4196180.604532,48,6056.948306
-813756.13642,10,6057.142045
-719727.15072,9,6057.298974
-715681.803167,9,6057.456658
-491220.251927,5,6057.560066
5204662.748383,34,6058.262839
-616683.045936,8,6058.414276
-494450.829875,5,6058.51143
-733583.779851,9,6058.66835
-813650.971528,10,6058.845015
-666106.338199,8,6058.983484
-495769.867551,5,6059.068251
-486252.939514,5,6059.159908
4053699.224359,53,6060.135247
5105703.890245,35,6060.844213
-701708.386378,9,6061.013991
5274144.42905,32,6061.6262
-498053.573375,5,6061.716554
-200732.963152,6,6061.825827
5160198.790669,35,6062.492692
-496850.971351,5,6062.589528
-494160.54059,5,6062.692672
4047668.302806,55,6063.801089
-495587.996847,5,6063.892108
5029663.288835,36,6064.516579
4912247.399829,40,6065.201036
4418527.588668,53,6066.213366
4990677.97288,36,6066.849306
5350456.59847,29,6067.364302
4127018.514711,49,6068.305082
-482520.510788,5,6068.406948
-496883.076992,5,6068.504139
-501004.703481,5,6068.609262
5150012.52168,34,6069.243073
-494775.213252,5,6069.340533
-495004.456554,5,6069.434042
-517202.247354,6,6069.546741
4918492.531395,39,6070.297677
-873414.228829,11,6070.522193
-488282.177448,5,6070.612368
-500306.280631,5,6070.703691
5199652.579982,33,6071.321515
5003587.707747,38,6072.044719
-962791.082575,12,6072.273342
-614513.32071,8,6072.430398
-494859.508731,5,6072.527359
4878743.980842,39,6073.260492
-731558.897301,9,6073.43075
-527500.573465,6,6073.545754
5490113.921435,33,6074.19391
5136742.756188,36,6074.866976
-494724.725234,5,6074.963869
4945799.424307,37,6075.660759
5056247.594699,37,6076.369645
-687236.193661,8,6076.527869
5355480.686483,29,6077.066284
-577150.355428,7,6077.194084
5049892.014035,35,6077.860106
3680033.478288,55,6078.838682
-487719.538955,5,6078.924196
-569573.970577,7,6079.047676
5392599.396539,37,6079.69614
5182454.406748,35,6080.32667
-608028.571243,7,6080.460194
4708242.780646,42,6081.247977
5195808.261836,35,6081.908071
5426757.373256,24,6082.355603
5342871.091392,30,6082.914084
-497476.872749,5,6083.017232
-491543.84438,5,6083.111149
4550122.868952,43,6083.907711
-754713.014749,9,6084.086602
4900202.851903,40,6084.835151
-460279.395488,5,6084.926526
-634588.741543,7,6085.053313
-841082.777293,11,6085.265751
4722116.095286,40,6086.077177
4430729.904611,45,6086.913495
3934555.182263,52,6087.84727
-498307.964461,5,6087.944125
5310630.207233,36,6088.604614
5020775.542937,36,6089.271095
5154915.310975,35,6089.949913
5132357.553822,36,6090.616708
5334984.621428,30,6091.187671
-688431.011944,8,6091.331311
-494817.385696,5,6091.422307
-767562.25614,9,6091.585834
5538585.299518,31,6092.167429
3685521.947591,75,6093.506712
-864392.885867,10,6093.689084
4566226.236296,46,6094.519385
-674820.781842,8,6094.676703
-497134.101617,5,6094.767217
5382028.511557,29,6095.318959
-502030.724328,5,6095.403356
-840482.518205,10,6095.586245
4318985.327774,49,6096.451754
-672154.326802,8,6096.597282
5390257.434901,28,6097.112621
3676256.31014,57,6098.209613
3873288.149918,55,6099.191594
5206366.244222,43,6100.00416
5441648.593021,27,6100.500023
5526699.190065,38,6101.184641
5085574.501368,36,6101.828941
-612747.677046,8,6101.9726
5209128.741191,32,6102.597957
-484358.340833,5,6102.691776
4873872.504052,40,6103.402603
-502467.773862,5,6103.493914
5450137.138681,26,6103.948335
-502487.295962,5,6104.038805
-475911.333521,5,6104.129836
-722284.992317,9,6104.287276
5167909.334764,48,6105.141756
-489129.032398,5,6105.23305
-704874.023771,9,6105.390229
-479444.297586,5,6105.481121
4813221.476825,41,6106.238692
-502665.540123,5,6106.329438
-647838.472802,7,6106.457001
-498353.642781,5,6106.554437
-493406.659803,5,6106.645038
-491404.833127,5,6106.735785
-589248.223363,7,6106.86283
5198123.207154,40,6107.624443
-722352.555934,9,6107.79632
-493402.920292,5,6107.891045
5105264.834018,39,6108.653229
-474274.066731,5,6108.74197
-613885.758868,7,6108.868782
-491730.231027,5,6108.971932
-484310.313476,5,6109.0746
-722258.65974,9,6109.244313
-480281.656748,5,6109.335323
5512222.673991,34,6109.989555
4623459.56533,43,6110.789836
-490641.301081,5,6110.880392
-659893.909175,8,6111.032535
-482051.669797,5,6111.128933
-495067.362419,5,6111.219729
-758792.02521,9,6111.383662
-487785.974291,5,6111.486336
-490987.866215,5,6111.596415
-497819.312184,5,6111.692906
-609703.913366,8,6111.837886
-499751.739972,5,6111.935498
-475140.929476,5,6112.026017
-502343.770221,5,6112.116989
-638683.455612,7,6112.250221
-807571.45133,10,6112.432271
5400779.713566,41,6113.219758
-502497.941127,5,6113.316446
5266805.207965,36,6114.031788
5201003.589016,33,6114.662198
-472256.536871,5,6114.752834
5527118.403316,37,6115.40714
-492001.508109,5,6115.492532
4869081.102646,40,6116.207145
-850235.360702,11,6116.407238
-601286.032344,7,6116.535147
5223928.724164,34,6117.159076
5369005.265065,51,6118.15245
4854046.130063,38,6118.885644
5349621.344501,34,6119.552279
5054754.833314,34,6120.200802
4915908.253521,36,6120.933907
-487307.347768,5,6121.025551
-488392.688883,5,6121.121775
-764312.674266,9,6121.297328
4928236.758056,36,6121.976163
-965385.471906,13,6122.224876
-801079.057811,9,6122.388217
-1095996.215608,14,6122.664514
-499226.811577,5,6122.764792
-742467.537701,9,6122.95188
-492653.18048,5,6123.04313
-509005.17841,6,6123.152179
5390200.721205,27,6123.666923
-502518.136784,5,6123.757672
-502351.886376,5,6123.849124
-713062.767331,8,6124.000546
-481086.456117,5,6124.097068
4970326.091473,39,6124.812568
-488519.155342,5,6124.903527
-494307.878917,5,6125.006042
5078008.866916,39,6125.721575
5413074.666093,29,6126.260458
-497039.773133,5,6126.351724
4971821.396606,38,6127.118319
5136029.837093,56,6128.278973
4255758.620217,77,6129.732967
-598513.31161,7,6129.872743
5087501.02413,35,6130.551175
5425898.799834,25,6131.058207
-615366.449081,7,6131.187226
-844683.908349,10,6131.399215
-502397.833253,5,6131.49071
-491809.993125,5,6131.587461
-489438.146841,5,6131.678287
5602055.659431,51,6132.684184
-990448.430018,13,6132.953007
-601240.31937,7,6133.09655
-495258.20583,5,6133.199367
-481747.172169,5,6133.302318
5410044.018275,32,6133.962722
4658664.402596,56,6135.090132
5359952.96525,44,6135.980677
-707803.608094,9,6136.14522
4871815.884295,38,6136.871307
5363999.52457,43,6137.689343
-495984.729393,5,6137.779007
-556201.97439,6,6137.889972
-1036813.342801,14,6138.13779
-490184.937102,5,6138.228673
4417652.506604,47,6139.120038
-503182.386452,5,6139.204413
-486440.064888,5,6139.295195
-489921.125435,5,6139.392212
5034044.449643,38,6140.162305
-446778.18906,5,6140.252704
-843348.380486,10,6140.464857
4336972.862839,56,6141.605088
5477218.934876,31,6142.283153
4248001.620734,53,6143.283199
4998965.146765,39,6144.022293
5299983.901906,34,6144.749558
5279304.986278,38,6145.609597
-603631.616654,7,6145.743213
-495690.226076,5,6145.833782
-501264.40161,5,6145.936926
-492131.712817,5,6146.046374
-493219.230315,5,6146.149602
4993669.008224,39,6146.895307
4030741.660829,51,6147.955313
-520465.821644,6,6148.070277
-652887.040389,8,6148.209368
5571576.297896,35,6148.902055
-711122.937581,9,6149.064163
-1208184.106851,15,6149.318386
-485490.249051,5,6149.403535
5099997.217322,34,6150.027785
5166059.615475,35,6150.767416
4862554.789013,41,6151.700278
5039389.890109,39,6152.620934
-485274.785901,5,6152.724362
-487363.876819,5,6152.820967
-703443.894505,8,6152.998973
4517633.747561,44,6153.932397
-494401.983174,5,6154.032335
-712446.20872,9,6154.212873
-491156.525888,5,6154.32614
-476789.280278,5,6154.423819
-884957.253502,11,6154.652895
-502211.398331,5,6154.750108
-712699.20741,8,6154.904341
-786631.393921,10,6155.107091
5260975.01089,33,6155.847844
5304231.477503,31,6156.556745
4937007.819628,37,6157.464181
5066591.301138,35,6158.323052
5272342.736853,32,6159.038266
5372453.90195,29,6159.732458
-789368.887838,9,6159.912909
-985448.266757,12,6160.194252
-896824.286397,12,6160.453565
-492673.523523,5,6160.562603
5358515.352419,29,6161.157259
-494135.691133,5,6161.258946
4345821.535315,48,6162.249693
-477401.401012,5,6162.362474
-473217.732513,5,6162.472233
-474589.267344,5,6162.566832
5304789.176037,38,6163.532996
-514824.948446,6,6163.661801
5047814.659105,37,6164.585415
-489309.439171,5,6164.721779
5236492.866572,37,6165.516865
5076255.263226,37,6166.238959
-625120.127428,7,6166.387742
-1107869.242712,14,6166.690489
-646152.270162,8,6166.84012
-557954.795668,6,6166.955512
-487496.156357,5,6167.064134
-470626.032329,5,6167.161921
-496400.529564,5,6167.251538
5269014.949956,35,6168.018042
-699237.722594,8,6168.19032
-487861.645199,5,6168.294081
-500911.59965,5,6168.395982
-869308.71251,11,6168.616883
5398243.383481,26,6169.149919
-481434.916856,5,6169.238076
-491523.038436,5,6169.337291
4879588.878945,41,6170.493416
5463461.971288,52,6171.736688
-658387.399697,9,6171.922933
4480784.758532,45,6172.783055
-750508.72158,9,6172.955825
4308101.148876,48,6173.975627
5612972.878973,59,6175.242093
5183861.249753,35,6175.943245
-498861.652166,5,6176.040025
5377025.607674,32,6176.643902
5031093.037436,37,6177.51703
-502497.821252,5,6177.621494
5247828.976369,34,6178.277796
5135337.07453,37,6178.976043
-487386.561862,5,6179.072224
-886105.492754,10,6179.262373
-497541.718687,5,6179.35692
-491132.125306,5,6179.446335
-721783.84039,9,6179.602068
4056756.353491,49,6180.48427
-1154044.775268,14,6180.739985
-844809.297752,11,6180.955621
-500507.159097,5,6181.057362
4522966.672568,45,6182.058039
-712949.717061,9,6182.228279
4939336.667083,38,6183.05156
-475350.897301,5,6183.172897
5269426.699772,32,6183.819792
-623553.520381,7,6183.959742
-473926.283688,5,6184.055553
-486144.447423,5,6184.150368
-489624.395111,5,6184.242296
-792871.446801,10,6184.417975
-729636.45918,9,6184.583585
5389008.742677,28,6185.105337
-499735.271507,5,6185.187406
-769609.486563,10,6185.384594
-738796.261069,9,6185.590312
4985482.491005,38,6186.362413
-491615.466597,5,6186.463858
4783417.350128,43,6187.323591
-503041.372591,5,6187.429866
-790592.809807,10,6187.623076
-902389.660179,11,6187.815589
4641963.609046,66,6189.066688
-666698.105244,8,6189.204413
5082362.793571,37,6189.885736
-448272.760353,5,6189.983116
-601371.039056,7,6190.104483
5386307.01539,32,6190.746296
3781855.017105,58,6191.804184
5246028.395505,33,6192.51157
-481709.587942,5,6192.612607
4253074.680261,48,6193.681118
-746355.181711,9,6193.836593
-502291.57975,5,6193.920796
5231271.605523,35,6194.531197
-502493.127737,5,6194.616446
-492576.82802,5,6194.700857
-573185.278659,7,6194.834812
5168164.506789,35,6195.540729
-825559.691977,10,6195.737539
-494904.229009,5,6195.828165
-495755.450729,5,6195.925117
-672866.07592,9,6196.082531
-721452.414656,9,6196.240149
-1081151.180365,14,6196.49506
4814467.248878,39,6197.228674
-878159.614522,11,6197.422679
-637485.529583,8,6197.567972
4623507.335474,46,6198.421778
-735363.78338,9,6198.597842
-514906.434935,6,6198.718961
5349394.36666,34,6199.409366
-673011.063356,8,6199.563469
5379206.978963,33,6200.227832
4591104.107808,42,6201.03398
-862236.84289,11,6201.221819
-632203.095073,7,6201.348594
5324363.074121,35,6202.009149
-502903.123989,5,6202.100022
-502611.594106,5,6202.197
5415738.997967,29,6202.730376
-559782.585776,6,6202.851914
-663614.941005,8,6202.996866
5043086.478998,36,6203.666604
4427509.885509,48,6204.560398
-502872.965444,5,6204.663506
4528768.340657,43,6205.463717
-461622.829734,5,6205.554216
4321103.349874,46,6206.396461
-700097.611794,8,6206.555161
-881027.577146,11,6206.772629
-748295.551199,9,6206.935702
5257575.033489,34,6207.558522
-486613.662999,5,6207.659939
5433144.648059,24,6208.11142
-502502.406247,5,6208.202757
4640496.234435,51,6209.154059
4978293.087557,36,6209.809192
5081181.855345,38,6210.474883
-837646.710533,10,6210.644443
-508939.538243,6,6210.760113
5011722.065098,40,6211.457025
-779044.546556,10,6211.644885
-495008.191965,5,6211.747815
-671773.195943,8,6211.902286
-762716.974147,9,6212.068981
5212984.475242,34,6212.687222
-1133462.502829,14,6212.953645
-831907.534779,11,6213.15931
-486390.199237,5,6213.244314
5363750.346738,34,6213.893034
4976802.324124,39,6214.644692
4802094.071815,40,6215.371218
-1305327.901448,17,6215.66854
5339275.490402,32,6216.225783
-460727.569897,5,6216.317821
5126601.680992,34,6216.904764
-745412.913303,9,6217.092498
5196808.774731,33,6217.698243
4934980.271632,38,6218.352733
-703326.131552,8,6218.498118
5088571.885085,36,6219.134462
4901867.429556,40,6219.86817
-547825.079446,6,6219.983359
5336708.617001,42,6220.765171
-923704.321102,12,6220.989337
-499271.573643,5,6221.079566
-519941.099936,6,6221.195063
-498466.662255,5,6221.279874
5262278.811712,54,6222.293114
-751701.98759,9,6222.46502
4152718.397541,50,6223.346382
5429324.777685,24,6223.800959
-804409.252182,10,6223.984952
4487251.585578,45,6224.824618
5098172.317032,37,6225.491733
5427473.989328,28,6226.015205
-673616.94344,8,6226.151922
-495085.368278,5,6226.249957
-491132.80033,5,6226.340067
5162531.052388,34,6226.982532
-481830.689891,5,6227.078836
-551193.581144,6,6227.188553
5330565.47498,33,6227.824685
5323672.790787,30,6228.383999
-479637.325959,5,6228.473075
4168664.359197,61,6229.624012
-874371.074933,11,6229.818266
5380711.792349,35,6230.460626
5304546.659844,31,6231.041974
5321125.799293,33,6231.64801
5107747.751993,37,6232.332954
-466845.519343,5,6232.430194
-497122.761789,5,6232.515153
-471959.640671,5,6232.611649
5049032.701017,40,6233.369139
-673948.470491,8,6233.508511
-665384.362435,8,6233.666591
5188545.510546,39,6234.399683
-620434.606963,8,6234.551064
-457009.479005,5,6234.642066
4921744.515339,39,6235.356873
-478545.53184,5,6235.459875
-628078.526603,7,6235.587276
6296892.793423,71,6236.902128
5026628.881476,36,6237.581559
3610337.285039,60,6238.689623
-622882.502753,7,6238.810853
-493516.883421,5,6238.895837
4567663.527413,65,6240.029443
-492746.218838,5,6240.120228
-488571.199764,5,6240.210751
-484116.562843,5,6240.296302
-497079.080399,5,6240.386513
-475208.664618,5,6240.479669
5376115.081902,33,6241.035295
-816756.991471,10,6241.210631
-654194.416341,8,6241.343936
-501216.971271,5,6241.428736
5667582.074932,54,6242.368508
5391174.854838,31,6242.949868
-478442.873258,5,6243.040776
-451338.954956,5,6243.132288
-496888.601894,5,6243.229173
5630790.852699,48,6244.137993
-488026.572728,5,6244.234563
3814706.693314,57,6245.315539
5259486.615064,32,6245.895622
-496490.180034,5,6245.985999
5167498.946024,36,6246.658397
4978686.298579,37,6247.346021
-138942.015275,6,6247.458533
-514174.064024,6,6247.573313
3934720.504956,52,6248.525075
-856732.001997,11,6248.731529
4052718.037393,56,6249.713278
-487137.077546,5,6249.797525
-500745.783245,5,6249.894454
-641473.354465,7,6250.009645
-485779.781348,5,6250.094738
-495632.662707,5,6250.191445
4871905.502863,36,6250.828694
-495137.39651,5,6250.918003
-499452.430388,5,6251.005686
-466637.58708,5,6251.088522
-783932.497591,10,6251.264345
5344756.849302,34,6251.882299
-483676.697898,5,6251.966982
-787353.810078,10,6252.143004
-653603.139431,8,6252.287979
-477310.083706,5,6252.379834
5254073.750445,33,6253.003577
-478706.793322,5,6253.087908
-493113.283354,5,6253.185181
-872544.222916,11,6253.388095
5410614.130545,25,6253.864206
4021042.173512,52,6254.821464
-489825.394163,5,6254.912524
5430445.480566,33,6255.513448
5146329.340195,37,6256.196608
-686905.171718,8,6256.361172
4985154.343051,38,6257.070415
5312500.850015,32,6257.663346
5729210.141634,48,6258.517565
-722139.39594,9,6258.675839
-478634.094393,5,6258.766079
4538933.29702,64,6259.990345
5375497.342693,36,6260.681468
-476369.651716,5,6260.784707
-808340.877832,10,6260.9844
-492723.038019,5,6261.077539
-488564.306644,5,6261.166038
-462952.473366,5,6261.253506
4901967.521213,42,6261.986579
4055154.760828,69,6263.238799
5379770.822914,43,6264.023525
-502756.332829,5,6264.110979
4727063.502758,41,6264.874555
-578135.69306,7,6265.001775
4914752.547369,38,6265.686654
5295243.493167,36,6266.359666
-487275.387879,5,6266.450329
-494074.035539,5,6266.541089
-491680.848909,5,6266.629891
5291095.60277,33,6267.243933
3968937.239124,54,6268.25056
-494525.583599,5,6268.341266
5287652.774071,37,6268.977692
5411443.652564,43,6269.71031
5662664.887341,60,6270.795323
-500787.747229,5,6270.886795
4369006.361921,47,6271.734533
-523931.834476,6,6271.843443
5136256.30077,35,6272.461554
5550526.078642,55,6273.443166
-781587.661033,9,6273.600806
-491149.421995,5,6273.691704
5205214.47313,39,6274.382581
-500609.717519,5,6274.467673
-480500.254786,5,6274.552683
5400784.627697,40,6275.303691
-688902.069355,8,6275.449079
-600904.443048,7,6275.582957
4197601.26395,48,6276.47031
4952467.001563,40,6277.2349
5026696.478409,38,6277.897269
-496832.011294,5,6277.982116
-838566.99601,11,6278.170036
5046911.196737,39,6278.824522
-495790.812441,5,6278.909256
-631278.229956,8,6279.042549
-571043.37698,7,6279.176033
-487568.829754,5,6279.260823
5406487.361284,29,6279.775907
-439785.015161,5,6279.866643
-495071.147919,5,6279.965969
-496363.969523,5,6280.054877
-895544.428157,11,6280.254874
-472795.694867,5,6280.345499
-500850.263397,5,6280.430383
5186484.462151,34,6281.060602
-587459.667094,7,6281.193888
-741628.725723,9,6281.363383
5369371.29395,30,6281.878711
5383556.298872,38,6282.563431
-497960.835346,5,6282.649573
5414329.753483,24,6283.070984
5335369.489074,40,6283.775714
4979675.742214,37,6284.430505
-616647.34006,8,6284.572229
-1112398.230299,14,6284.830308
-489584.759305,5,6284.915287
4866855.830027,43,6285.727294
-464931.203246,5,6285.830604
5322216.573865,35,6286.472386
3951741.994177,52,6287.428267
-502237.160175,5,6287.520606
-487178.561142,5,6287.617468
-731524.372133,9,6287.78741
-494564.777883,5,6287.881289
-636896.644607,8,6288.029812
5065193.069257,40,6288.781497
-489622.554144,5,6288.878163
-758677.407684,9,6289.049815
-601594.859294,7,6289.17489
-495627.878938,5,6289.275044
-491837.999967,5,6289.363153
-486569.882996,5,6289.453511
-768138.715327,9,6289.611367
-978366.537171,12,6289.823502
-853073.256339,10,6290.016914
-815082.557326,10,6290.199293
4693390.282458,43,6290.974933
-570909.807615,7,6291.096002
-572265.065447,7,6291.219681
-450509.068627,5,6291.308091
5207833.068555,34,6291.901973
-477044.575389,5,6291.992817
4465574.00999,46,6292.858022
5253967.388783,37,6293.556035
-498246.758239,5,6293.652928
-809410.875327,10,6293.847022
-488067.849796,5,6293.938082
-477762.281874,5,6294.028965
4986153.832657,38,6294.731645
4995248.435959,38,6295.434909
4438010.570996,52,6296.374201
5176220.075819,38,6297.041097
-498248.584118,5,6297.125465
-716940.598597,9,6297.276752
-496548.042618,5,6297.361675
-446435.111468,5,6297.4467
-901116.68744,11,6297.640414
-617311.513387,7,6297.755905
-982069.038418,12,6297.973777
-559530.085671,6,6298.076818
-701008.452736,8,6298.222584
-496764.833884,5,6298.30709
-713269.695027,8,6298.452719
-502334.349763,5,6298.537378
-960474.91802,12,6298.749393
-613401.603456,8,6298.907493
4704433.453576,45,6299.737643
-777438.253146,9,6299.909295
-677358.236249,8,6300.064316
4376125.47697,57,6301.124871
5443681.254709,42,6301.882709
5369382.22088,31,6302.464112
-496042.256177,5,6302.555607
-477591.637463,5,6302.646215
5314981.332172,32,6303.252643
-472573.136983,5,6303.349333
5146162.534507,37,6304.046245
-561564.957435,7,6304.185962
-460688.045983,5,6304.282089
-498256.850117,5,6304.367359
-688436.596896,8,6304.518677
5401839.029512,26,6304.997589
5361033.770381,43,6305.796966
-483038.475002,5,6305.881847
-497223.970261,5,6305.967029
5047811.812903,37,6306.615343
5041997.760021,38,6307.269497
-796795.402165,10,6307.439436
-857261.772374,10,6307.61502
5317685.546684,32,6308.173068
5278672.494484,33,6308.760247
-571386.296178,7,6308.88801
-702868.930712,8,6309.031848
5115513.850994,37,6309.729519
5069566.422647,38,6310.463189
-483494.562563,5,6310.555026
5240411.631222,34,6311.190449
4046292.461091,53,6312.17826
4545306.827746,46,6313.051188
4469107.749257,47,6313.941534
-492773.757151,5,6314.044621
4833382.640591,39,6314.77822
-672394.689869,8,6314.930112
-670248.516375,8,6315.088826
-485981.79326,5,6315.177763
4982903.175619,41,6315.899299
-764104.438672,9,6316.062975
-502416.570734,5,6316.159897
-491748.171041,5,6316.24427
-496390.798718,5,6316.335599
-717401.855264,8,6316.47453
5415106.216563,24,6316.911175
-500988.704939,5,6317.008102
5333980.823966,42,6317.795673
5358746.745284,36,6318.486624
4308386.988756,45,6319.353368
-486854.355654,5,6319.444628
-713807.693041,9,6319.619672
5197294.528374,42,6320.419739
-725024.028828,9,6320.589283
-766910.160263,9,6320.759923
-502529.600944,5,6320.856414
-1115742.871675,14,6321.122627
-498653.190494,5,6321.213833
-502701.069503,5,6321.298632
5412641.544302,31,6321.904289
-466967.255633,5,6322.00733
-499740.459649,5,6322.098443
-942613.605699,12,6322.322419
-489761.329821,5,6322.407135
-489658.779895,5,6322.498081
-484196.267284,5,6322.594993
-493296.010446,5,6322.686138
5010346.60889,37,6323.334352
5292045.907652,36,6323.964613
-1062598.738772,13,6324.194914
4925833.267715,38,6324.867496
5447392.234858,32,6325.467461
-152057.020859,6,6325.576936
-489959.822408,5,6325.670402
-472939.010704,5,6325.764289
-484439.068878,5,6325.862241
5252257.17088,33,6326.485526
-729586.489906,9,6326.648929
-488499.594214,5,6326.756404
5201328.773828,40,6327.498283
-130068.581848,6,6327.612942
-486339.433239,5,6327.703629
-669746.52142,9,6327.87924
-494717.73953,5,6327.964174
5284797.213638,34,6328.618974
5357597.118879,36,6329.364572
-502924.801701,5,6329.461024
-491520.744803,5,6329.564677
-542085.05321,6,6329.679037
5352974.614936,31,6330.279444
-488185.062283,5,6330.376669
5325272.761815,31,6330.974483
5314649.492672,33,6331.581946
4470257.43797,47,6332.436333
5255787.891467,31,6333.011989
-502264.234798,5,6333.096778
-488640.608541,5,6333.188475
5409688.941198,27,6333.673161
4927461.248863,39,6334.41215
-461530.626934,5,6334.515146
5051382.447185,35,6335.169337
-746034.367257,9,6335.339646
5385590.075059,42,6336.126938
-709997.598352,8,6336.279009
5220451.703147,54,6337.32057
5317206.182114,35,6337.987276
-483344.603154,5,6338.079275
5423997.29488,31,6338.654046
-673897.87569,8,6338.805297
-1067043.349768,13,6339.04152
-681727.325197,8,6339.193212
-482220.099083,5,6339.297309
4066964.38204,57,6340.375064
-490693.407128,5,6340.466138
5345943.521884,33,6341.082681
-497187.613144,5,6341.168953
-786386.906669,10,6341.344738
-502763.238254,5,6341.435696
4798705.165402,61,6342.690113
-818852.397383,10,6342.890121
5104082.25578,34,6343.556925
5730930.173193,49,6344.556262
-493679.564211,5,6344.647517
-497063.275599,5,6344.750261
-713945.540322,9,6344.940822
-489097.289575,5,6345.047484
5133791.093465,36,6345.737967
5353704.957722,37,6346.454439
-497188.383599,5,6346.556154
5291354.399847,38,6347.301595
-934211.277766,12,6347.527432
-496881.479796,5,6347.622584
-721060.50523,9,6347.798731
-880053.379003,11,6348.01052
-475564.129208,5,6348.113964
-495458.549718,5,6348.210522
5316570.820078,63,6349.428562
5147763.844032,38,6350.143364
5312576.228994,41,6350.937177
-572128.249816,7,6351.07125
4164288.986429,48,6351.973694
-500939.745496,5,6352.070584
-847871.599712,10,6352.264588
-497772.61137,5,6352.361822
-557555.927081,6,6352.470592
-458323.189262,5,6352.569916
-502618.448621,5,6352.668149
-477915.937051,5,6352.755076
4839452.228545,39,6353.488928
-492489.38967,5,6353.579899
-494939.151092,5,6353.682351
5248501.10271,37,6354.373391
4515102.001997,46,6355.233946
-494873.305288,5,6355.330444
5304360.340195,35,6356.009662
-496164.142416,5,6356.10657
4801277.294833,44,6356.955142
4369046.578237,47,6357.918061
5378432.450847,34,6358.633157
-475702.576402,5,6358.730657
6502214.118467,118,6361.105811
-614109.168397,7,6361.245845
-624378.713954,8,6361.397163
5341647.391767,36,6362.130256
-579198.640646,7,6362.278322
5313816.443764,41,6363.111581
-563239.541551,7,6363.262878
-502758.149708,5,6363.3725
4899571.268758,40,6364.148189
5411504.204581,31,6364.771864
-829008.492519,10,6364.959903
-490077.272335,5,6365.062605
-490226.474131,5,6365.159702
4660786.320394,44,6366.026793
-502047.3953,5,6366.12952
-506997.84743,6,6366.257039
-485935.654196,5,6366.359916
4783224.975591,43,6367.220063
-460302.08391,5,6367.32919
-774116.805738,10,6367.525862
-470571.781759,5,6367.614489
4783980.42677,45,6368.505322
4222827.032932,48,6369.420041
-467630.435931,5,6369.510692
5399986.156691,28,6370.091687
-898846.176361,11,6370.292456
5247790.042036,35,6371.002026
-501626.419564,5,6371.092623
-915698.978359,12,6371.321283
-496660.831234,5,6371.414016
4120509.943419,50,6372.377004
4274110.063534,49,6373.396043
5418875.798872,26,6373.901121
-496501.707346,5,6374.007372
5361056.949868,29,6374.595246
5271384.098978,33,6375.256207
5092511.676653,39,6376.049677
5098153.443269,34,6376.722744
4478559.963478,42,6377.546223
-490338.539151,5,6377.637548
-480783.494249,5,6377.734417
5388389.162856,29,6378.291442
5144529.325269,37,6379.012739
4529038.044059,64,6380.254862
-486493.657117,5,6380.350976
5227905.574437,40,6381.157851
-628337.927856,7,6381.309505
5321259.361556,38,6382.055384
-686512.012683,8,6382.218707
-499380.38592,5,6382.315619
-494410.46665,5,6382.424772
-484308.810384,5,6382.534176
5334794.141015,50,6383.557568
-500347.185041,5,6383.66102
5554745.180832,63,6384.902765
-712413.837181,9,6385.085146
-825916.762746,10,6385.296984
-489660.551049,5,6385.405166
5232161.012568,58,6386.583462
5377847.10345,30,6387.205714
5279104.223594,51,6388.266554
-935970.040491,12,6388.529816
4922087.711869,40,6389.320878
-892824.943235,12,6389.565833
-629221.667322,7,6389.711529
4912253.001641,43,6390.599184
-849628.423328,10,6390.812428
5144028.410029,32,6391.483873
-601145.536583,7,6391.629281
-501472.775578,5,6391.726644
5373478.516476,31,6392.350442
-727682.91648,9,6392.544464
5231530.352938,33,6393.230994
5452272.226402,27,6393.762542
-650631.592031,8,6393.913856
-474903.746935,5,6394.011262
-655950.48774,7,6394.138423
-488770.693392,5,6394.232692
-771227.905966,10,6394.412767
-709895.304831,9,6394.57445
-724397.97449,9,6394.762667
-482030.312098,5,6394.871544
5454487.560797,36,6395.616909
-495921.565087,5,6395.720078
5331942.075891,35,6396.409413
-758768.833873,10,6396.595249
-479174.058272,5,6396.689416
4988216.613011,36,6397.423642
-598083.91352,7,6397.560544
-494730.032517,5,6397.646866
-522940.48217,6,6397.756054
-1079629.987206,13,6397.980474
-481667.407237,5,6398.071594
-489938.860398,5,6398.155298
5922989.70329,75,6399.529732
-851137.284465,11,6399.735298
-479323.42088,5,6399.82843
-786088.819603,9,6399.998336
-452316.065033,5,6400.095137
4429753.669454,43,6400.914096
-1020511.232944,15,6401.204653
5217070.433123,56,6402.30704
-807159.147639,9,6402.49599
-502441.373648,5,6402.585958
4808264.644603,41,6403.349259
-493695.848856,5,6403.440539
5464723.177363,30,6404.004192
-789138.756681,9,6404.185892
4948334.280484,39,6404.919422
5033743.300156,35,6405.574632
-602371.107611,7,6405.713126
-607761.973803,7,6405.840382
-495628.435451,5,6405.930717
4955162.023896,43,6406.806932
4201343.340689,51,6407.841803
-714149.943528,9,6408.028157
-484515.670972,5,6408.130713
5007030.826576,36,6408.882418
-474865.796702,5,6408.985415
-486500.782208,5,6409.094579
-763053.263559,9,6409.288733
5127441.518398,39,6410.046161
-490491.366437,5,6410.142516
-713851.218809,9,6410.312346
-499214.437809,5,6410.403956
5023593.606625,38,6411.161016
-492313.343886,5,6411.269428
-491726.187007,5,6411.354602
5228943.339157,34,6411.972274
-476078.653729,5,6412.069862
5328065.017405,55,6413.084429
5056401.965547,39,6413.816004
-819278.469256,10,6413.984626
-739158.091834,9,6414.154453
-1107379.843841,14,6414.440611
-669031.430632,9,6414.602838
-476034.471947,5,6414.693454
5389541.963184,26,6415.211031
-479135.489511,5,6415.305502
5026194.792363,38,6416.020357
-975165.320183,12,6416.257012
-876836.13785,11,6416.462934
-867070.011198,11,6416.681183
5012223.470724,37,6417.389968
-802974.252958,10,6417.583931
-860300.318229,10,6417.766006
-749757.51798,9,6417.929466
5367266.978489,30,6418.493819
4385826.873482,46,6419.353617
5289437.015467,41,6420.141122
-783991.325638,9,6420.317444
-487362.105143,5,6420.408253
-476210.985575,5,6420.504998
4116902.754531,49,6421.42683
-458497.004346,5,6421.517346
-484273.811275,5,6421.619878
-500336.889502,5,6421.721521
-724949.967137,9,6421.880597
5078037.657064,36,6422.565272
-720792.111402,9,6422.741272
5329377.297955,43,6423.559308
5194411.449175,33,6424.19526
5010899.771304,42,6424.998405
-831414.778122,10,6425.201162
4168700.492586,50,6426.086337
5149815.269777,35,6426.71284
-657091.496662,8,6426.856027
-725892.166381,9,6427.019503
-675485.002688,8,6427.170992
-543095.537162,6,6427.279804
-503032.744165,5,6427.377192
-466687.706645,5,6427.468113
-1119778.601026,14,6427.722334
-502947.540897,5,6427.812965
5398247.266207,29,6428.352412
5283701.409413,35,6429.013111
-486238.688536,5,6429.116789
-494793.303291,5,6429.206719
-503006.485973,5,6429.303875
-488880.956799,5,6429.403128
-694965.01389,8,6429.564295
-502572.840436,5,6429.661562
5428095.909146,26,6430.166919
6357673.243841,108,6432.208961
-500174.982933,5,6432.297319
-502158.860632,5,6432.394239
-667289.335582,8,6432.546434
5393469.212588,47,6433.515622
-808256.821076,9,6433.703847
-501410.657495,5,6433.813212
5253117.92964,35,6434.582635
-1241066.444378,16,6434.903643
-465899.479636,5,6435.000915
5205974.204083,36,6435.748344
5265704.732782,38,6436.497267
-496539.209528,5,6436.600192
-444084.077056,5,6436.697259
-481742.985325,5,6436.794186
-488677.387441,5,6436.896721
4721467.370352,42,6437.73381
4881474.947725,39,6438.533624
-484308.229983,5,6438.636415
-487673.859169,5,6438.745067
-489811.573982,5,6438.848392
5188669.59096,35,6439.527279
4513121.061342,47,6440.442183
5249372.24983,41,6441.22352
-500746.355243,5,6441.323245
-478705.674737,5,6441.42346
-1112935.547367,14,6441.690352
4186268.992667,52,6442.654064
-694446.450955,8,6442.805495
5297698.395205,32,6443.411985
-705924.627151,8,6443.562897
-487164.278764,5,6443.661447
3619435.378557,55,6444.708641
-864935.296238,10,6444.902045
4902109.121123,40,6445.665452
5277521.666519,40,6446.459382
-713826.422076,8,6446.606864
-455394.313363,5,6446.70192
5867717.285315,82,6448.277326
5517721.268147,69,6449.586638
-656951.519939,8,6449.737848
-463847.045964,5,6449.84065
-902878.441179,11,6450.047434
5093551.305727,41,6450.846837
-500726.023713,5,6450.943621
-494962.606131,5,6451.034968
-646578.253639,8,6451.192915
-738207.803144,9,6451.362181
-910861.274422,11,6451.580359
5387078.427921,32,6452.19837
-713075.376163,8,6452.355914
-518735.784237,6,6452.473637
-502773.156135,5,6452.574048
-497123.591861,5,6452.670888
-857138.486412,10,6452.852388
-661870.67049,8,6453.010266
4618666.203647,44,6453.834779
-713115.626301,8,6453.980121
-859233.420321,11,6454.167423
5458816.189836,67,6455.355548
-675745.079498,8,6455.494758
4547902.910947,50,6456.415715
-1015223.998027,12,6456.633867
-460036.247279,5,6456.72536
-484133.0955,5,6456.820439
-568999.801078,7,6456.955302
5090821.039949,102,6458.809385
-792643.978801,9,6458.966955
5317580.659515,42,6459.712394
4135732.095996,54,6460.718263
5188544.827187,36,6461.397566
-493773.279269,5,6461.494016
-479116.261362,5,6461.584764
5368154.871985,30,6462.155273
-565546.680487,6,6462.26958
-473383.470427,5,6462.372908
5371691.542058,30,6462.948367
4970568.852923,38,6463.621528
5256055.199233,33,6464.227037
5403504.85233,32,6464.820868
-611113.886615,8,6464.984758
-484773.354162,5,6465.0753
4894258.118053,38,6465.844927
5275625.506946,37,6466.547916
-161553.060315,8,6466.701436
-802334.742442,10,6466.908925
-476602.71992,5,6467.002582
-488573.023779,5,6467.099384
-501914.59198,5,6467.196282
5516315.041447,48,6468.105572
-1170250.787674,14,6468.378321
-498383.782655,5,6468.475193
-476560.209503,5,6468.565967
-737308.669849,9,6468.735477
-897813.544985,12,6468.967061
5388570.052401,35,6469.626283
-721250.894209,9,6469.798594
-522349.679943,6,6469.910079
-488275.309572,5,6470.014658
-790695.061416,9,6470.211427
-662743.162845,8,6470.383771
-449145.151782,5,6470.486807
5433148.472615,26,6471.013951
-776467.1427,9,6471.184175
-502618.549809,5,6471.283789
4273290.285444,47,6472.171393
-629479.097673,7,6472.314833
-480455.786201,5,6472.407913
-735917.982904,9,6472.571603
-818044.376232,10,6472.759269
5081344.332476,39,6473.504628
-496190.061159,5,6473.607653
5435239.607807,25,6474.06853
-496186.42013,5,6474.165282
5366972.776573,32,6474.740753
-708889.925957,9,6474.904294
4405081.742141,49,6475.789552
-819832.25695,10,6475.970874
4182624.40327,48,6476.831928
-840584.701064,11,6477.037456
-485590.52264,5,6477.122818
5261937.350027,35,6477.752767
3786002.169706,58,6478.825071
-478313.318698,5,6478.922853
5275955.031138,38,6479.6557
-488545.517259,5,6479.746416
-627484.506153,7,6479.87998
5039143.677944,34,6480.546778
4769909.334135,45,6481.389128
-480031.313029,5,6481.491552
5412807.452927,29,6482.031367
-502321.238152,5,6482.128319
-727015.256338,8,6482.279287
5411215.495736,28,6482.788265
-653492.488536,8,6482.940089
-502711.566328,5,6483.030857
-471472.691782,5,6483.125729
4999598.041637,39,6483.848792
-500586.19714,5,6483.940986
5962691.711089,61,6485.09146
-675400.562737,8,6485.242913
4555119.882424,46,6486.11519
-500746.887147,5,6486.212681
5289599.628617,30,6486.786874
-826973.03379,10,6486.976139
-489028.380605,5,6487.066557
4884751.265842,41,6487.848893
-497511.947658,5,6487.942169
-1096380.493928,14,6488.199723
-488889.497746,5,6488.29725
-482651.478669,5,6488.38817
-929388.252908,12,6488.618396
-494337.144754,5,6488.710456
5321352.477227,30,6489.254536
-804034.822278,10,6489.430025
4913849.250049,40,6490.157665
5192678.748518,67,6491.412402
-481059.292658,5,6491.502811
5182187.352787,36,6492.193593
-649221.678915,8,6492.345125
4819480.3831,39,6493.108841
4559117.922152,57,6494.223305
5378316.004683,30,6494.80504
5243191.533182,34,6495.460801
-485192.53501,5,6495.560804
4919594.808308,37,6496.2539
-890251.963173,11,6496.453406
-487201.905377,5,6496.554652
-714176.280447,8,6496.695795
-478032.961734,5,6496.787068
-496135.438995,5,6496.883626
-470961.258179,5,6496.97509
-719515.990817,9,6497.146093
5683682.345087,51,6498.065343
-486005.091962,5,6498.1564
-673127.69797,8,6498.295604
5386262.173363,36,6498.925788
-502881.956649,5,6499.016958
-810034.19548,10,6499.210755
-698789.527945,8,6499.356373
-603135.349933,7,6499.477652
-461158.975117,5,6499.568226
-758943.082542,9,6499.731814
5414820.474521,26,6500.21061
5600077.508055,60,6501.32005
-497630.884661,5,6501.422497
5357716.233343,29,6501.966023
-773265.457033,9,6502.137635
5327753.567535,41,6502.926015
-834093.252242,10,6503.11962
-476944.304121,5,6503.212599
3851097.88661,54,6504.25894
-588644.496954,7,6504.386116
4520714.197297,43,6505.204266
-491852.624942,5,6505.300956
5431421.022663,27,6505.798152
-615698.030762,7,6505.930737
-735847.709598,9,6506.098884
-830103.874505,10,6506.284943
5256411.960671,34,6506.919154
5394862.279352,29,6507.482718
-490905.803192,5,6507.575128
-609342.367565,7,6507.701091
-765627.77109,10,6507.889065
-503021.643676,5,6507.985562
-502777.377614,5,6508.0768
-471173.611532,5,6508.173589
-765592.316383,9,6508.337286
-709409.894591,9,6508.500692
3938582.936265,55,6509.544872
-502365.593389,5,6509.647792
-455949.164785,5,6509.745535
4925520.470086,39,6510.488547
-492089.058273,5,6510.579335
-646914.076,8,6510.718381
-497049.105069,5,6510.809757
5357760.167848,36,6511.460012
-484791.832914,5,6511.54875
-493515.765816,5,6511.639659
-502404.480536,5,6511.732052
-452727.431675,5,6511.81543
4964588.745277,36,6512.451513
-704111.310103,8,6512.590946
4860498.119851,39,6513.324532
-627150.636813,7,6513.451872
5334216.626463,39,6514.203684
4930812.833668,38,6514.924062
-501111.075917,5,6515.027184
5407503.166802,31,6515.621338
-494157.546805,5,6515.712389
-553759.029365,7,6515.845411
5302521.824702,31,6516.445492
-500282.914861,5,6516.535992
-706261.177928,9,6516.705793
-502793.084194,5,6516.796423
-846816.531324,10,6516.984655
-519007.695718,6,6517.112117
4978578.307314,42,6517.887238
-617599.136363,8,6518.032685
3861873.913119,54,6519.02745
5282841.887962,34,6519.675389
5392226.618149,27,6520.202178
-487121.157477,5,6520.299792
5246330.174281,39,6521.220693
4592160.530467,43,6522.262528
-492491.078074,5,6522.373552
-502533.795381,5,6522.476949
5443741.477946,27,6523.044272
-415913.965667,5,6523.135525
-617347.930053,8,6523.2745
-786585.677979,10,6523.450274
-503058.979738,5,6523.541248
5396830.549221,26,6524.028687
-493354.374611,5,6524.117313
5251339.016496,40,6524.929312
-593539.983486,7,6525.062252
5380390.633654,29,6525.644534
-610970.348143,7,6525.777508
-498605.673864,5,6525.862192
-495775.705231,5,6525.953224
-763609.259426,10,6526.129141
-735749.590541,9,6526.292485
5437861.775004,30,6526.813465
4395791.820497,47,6527.734916
-468932.294032,5,6527.825526
-499227.754104,5,6527.910596
-483369.173598,5,6528.001501
-484029.308892,5,6528.092171
-479239.622337,5,6528.183048
5198453.834143,42,6528.946673
-486223.933625,5,6529.031507
-501200.845115,5,6529.116651
-553995.221856,6,6529.219376
-501574.223057,5,6529.304962
-496523.56544,5,6529.401845
-613213.822509,8,6529.541059
-500737.280054,5,6529.631444
-911520.050037,11,6529.831404
-479171.24909,5,6529.928354
-488176.186519,5,6530.019287
4897586.730288,40,6530.801582
-971867.560839,12,6531.02552
-735785.457356,9,6531.21354
-698997.093771,8,6531.407588
4024664.309412,55,6532.485582
-678852.340077,8,6532.637124
5106405.346597,37,6533.297596
4444378.861403,46,6534.167218
-482625.095387,5,6534.254979
-495862.098842,5,6534.357524
5441584.894006,33,6534.997946
-899045.076384,11,6535.206814
4883250.001004,39,6536.000779
-149867.140886,18,6536.425288
-689395.074057,8,6536.600824
-500163.483955,5,6536.697642
-972512.792051,12,6536.915875
-492543.749448,5,6537.01315
-742190.198242,9,6537.210981
-901298.507649,11,6537.400166
-499661.923766,5,6537.485704
5377370.444151,31,6538.024696
5281565.500352,36,6538.757517
-713379.672751,9,6538.916635
-502770.422208,5,6539.006186
5398840.555176,28,6539.509214
5349211.727275,39,6540.200361
5672755.097904,53,6541.188283
5078227.346046,38,6541.95151
5328939.600141,44,6542.769907
-968952.71685,12,6542.987839
-487291.160069,5,6543.091241
-715103.001893,9,6543.26063
-725245.880894,9,6543.429862
-517728.498574,6,6543.53914
-493626.067097,5,6543.636155
4426808.332824,46,6544.474949
5243555.032456,34,6545.130013
-856140.012653,10,6545.308816
-502832.430893,5,6545.405125
-781003.936343,9,6545.566802
-492788.48396,5,6545.673976
4955338.242448,37,6546.483934
-830691.172404,11,6546.677772
-484024.206591,5,6546.775204
-502656.119386,5,6546.866495
-495419.036028,5,6546.962672
3591286.084346,58,6548.071563
5003267.872227,37,6548.892494
4918934.589792,38,6549.671407
4318867.186155,52,6550.604719
-479915.927742,5,6550.701653
-120760.275045,6,6550.810666
-484411.759267,5,6550.901636
-486090.468086,5,6551.010944
5344255.468895,33,6551.683853
-481276.028116,5,6551.787105
-481307.563863,5,6551.890132
-608917.531583,7,6552.035228
-502355.589063,5,6552.150289
-475106.783147,5,6552.253614
-474691.146755,5,6552.362586
-647533.200181,8,6552.514009
5158239.492972,37,6553.198699
-796898.09898,10,6553.373977
-596512.817621,7,6553.525974
-672926.3032,8,6553.689814
-501157.716134,5,6553.773998
4915333.183489,38,6554.519502
-502637.59499,5,6554.628923
3880940.125362,59,6555.834728
5278754.684976,34,6556.458607
3728725.101512,59,6557.834426
4505859.581557,45,6559.040369
5393279.499568,26,6559.561738
5029209.706242,36,6560.294812
4821213.047727,40,6561.11899
-766296.835531,9,6561.288245
5300687.312294,41,6562.060624
5272656.126835,34,6562.754726
4124239.924491,50,6563.710267
-765814.170893,10,6563.895083
-567101.768979,7,6564.046225
-496632.687925,5,6564.14286
5308526.01106,44,6564.930666
-502521.631463,5,6565.015788
-832519.905087,10,6565.196849
-497052.69289,5,6565.288385
-497129.871109,5,6565.373132
-499089.389554,5,6565.464228
-491317.759542,5,6565.560538
-474374.832741,5,6565.651796
-477367.567422,5,6565.74239
-551315.632701,6,6565.845253
-480063.649978,5,6565.942926
-648311.15303,7,6566.075759
-948372.224947,13,6566.330144
-609395.708605,7,6566.457478
-684076.934238,8,6566.602852
5765147.094242,49,6567.562664
-491805.745081,5,6567.651039
-852682.985904,10,6567.838842
-480585.204751,5,6567.936296
-455079.222536,5,6568.027123
4112359.317162,54,6569.039568
-555612.92985,6,6569.143372
-788164.039848,9,6569.305966
-496309.322534,5,6569.39259
4892011.320029,41,6570.148489
-804968.366737,10,6570.335815
-821480.706252,10,6570.511541
-474453.954857,5,6570.590182
4918131.173528,37,6571.232449
-1200567.309853,15,6571.499532
-494741.243968,5,6571.584062
4965003.641501,43,6572.354075
-499707.142765,5,6572.44729
-482830.575905,5,6572.535949
-489256.619914,5,6572.626333
-790016.894312,10,6572.826939
5466829.516303,66,6574.062581
5175892.736848,43,6574.819969
5404064.11557,27,6575.310965
4471972.66353,46,6576.214188
5190484.161554,37,6576.901223
4954638.202794,40,6577.674191
5405278.859458,38,6578.353405
-947726.987026,12,6578.565595
5361495.191642,30,6579.090042
-489072.782197,5,6579.17714
-488762.673319,5,6579.280736
-1104640.702714,14,6579.54079
-461978.17639,5,6579.631586
5297665.582676,39,6580.37145
4818518.288155,42,6581.140544
4938540.132727,40,6581.904701
-501364.332178,5,6582.007155
-488709.347058,5,6582.110194
-571552.852838,7,6582.25533
3551446.112419,61,6583.377236
5348516.572841,44,6584.140138
-485232.275077,5,6584.23186
5396019.573177,29,6584.752302
-916936.607402,11,6584.946564
-682833.888631,8,6585.092216
-736077.844417,9,6585.255782
5331422.201824,38,6585.952328
5261032.401227,33,6586.576617
-880662.204519,11,6586.788694
-482694.318958,5,6586.89177
-786273.986705,10,6587.073088
-511841.025618,6,6587.18865
-501942.990992,5,6587.279639
-632867.10876,8,6587.430763
-477554.615795,5,6587.527588
-492887.597405,5,6587.618578
-495443.786846,5,6587.715358
-502622.009264,5,6587.806782
4955822.76572,39,6588.534088
5335741.003064,41,6589.312981
-488880.31314,5,6589.406079
-501434.507642,5,6589.497055
-494223.366959,5,6589.588561
-827844.953638,10,6589.775978
-495976.323386,5,6589.867004
-492615.102075,5,6589.96632
3877029.264086,51,6590.965347
4514588.745135,44,6591.812412
-497697.267874,5,6591.909357
-483727.577421,5,6592.01226
5165289.723487,38,6592.708731
5378838.467101,31,6593.264886
-822979.007362,10,6593.448502
-493655.986676,5,6593.5391
-484416.217449,5,6593.631326
-782766.09716,9,6593.799854
-495428.654416,5,6593.88458
-495159.730805,5,6593.975393
4832860.45251,40,6594.709204
4435613.802896,49,6595.629852
4795901.310726,43,6596.466016
-487077.509654,5,6596.557564
-614694.453039,7,6596.690709
4232820.944907,49,6597.643225
-491357.414337,5,6597.733483
-492808.821724,5,6597.829856
-805928.043772,10,6598.03027
-962595.876641,13,6598.283939
-502692.976371,5,6598.39521
-1105139.80754,14,6598.678114
-500249.246296,5,6598.775424
-478572.476383,5,6598.884032
-480519.802182,5,6598.981115
-756312.962116,9,6599.155213
-502664.483035,5,6599.25405
-723332.201673,9,6599.42327
-486635.013921,5,6599.514405
-629598.769914,8,6599.672761
-771472.75101,10,6599.87759
5119266.177092,34,6600.532918
5381773.646798,31,6601.126419
-492870.963495,5,6601.23006
4262200.84888,48,6602.144042
4341321.850737,51,6603.150234
-759142.180995,9,6603.332195
-486994.585821,5,6603.434778
-798551.801412,10,6603.629323
-497103.930274,5,6603.724662
-963021.812474,12,6604.064986
-502808.077603,5,6604.162568
-831190.248562,10,6604.362741
-850668.045399,10,6604.562248
-483734.700897,5,6604.65889
-1144832.610347,15,6604.974613
-523954.348207,6,6605.10153
-497151.962638,5,6605.195867
4938206.622587,38,6605.980181
-577502.894775,7,6606.122555
-1069464.071553,13,6606.386441
-489711.126802,5,6606.495084
-875320.365999,11,6606.713693
4584240.718055,55,6607.834805
4986484.041473,37,6608.568206
5288885.130699,32,6609.222749
6269400.126134,100,6611.209961
5437694.982544,39,6611.961495
4135597.814802,77,6613.476257
5241567.174796,40,6614.228173
-853809.498396,11,6614.421722
-665764.174278,8,6614.573376
4446169.03115,45,6615.428701
-490841.576387,5,6615.518277
-481454.112439,5,6615.617279
-720886.531514,9,6615.784883
-573922.441279,7,6615.91867
-600298.54189,7,6616.045501
5308798.408376,33,6616.69995
-472947.072504,5,6616.803131
-744847.02619,9,6616.973139
-718253.283522,8,6617.136336
-489365.644933,5,6617.227084
-618018.998069,7,6617.366654
-495896.102633,5,6617.463908
-804376.273021,10,6617.65803
-499617.035959,5,6617.760803
5238045.235953,32,6618.391054
-496002.926171,5,6618.487645
4602475.671196,88,6620.197053
-634248.729082,7,6620.338334
-725783.679538,8,6620.499467
-549855.817094,6,6620.615833
4970851.508135,45,6621.481143
5673306.817109,53,6622.535624
-495882.271838,5,6622.632824
-495351.43206,5,6622.736181
-148583.206193,9,6622.906156
5209758.974121,32,6623.565967
-713156.293001,9,6623.747945
4978635.686943,38,6624.529222
-783544.817893,10,6624.717634
-496862.42589,5,6624.820454
-490405.768984,5,6624.935716
-500343.414749,5,6625.028915
-496126.220456,5,6625.123135
-859383.998774,10,6625.329312
-464610.159685,5,6625.420468
4467313.108484,46,6626.378078
-502674.495245,5,6626.476671
-478700.742854,5,6626.572064
-720165.948085,9,6626.747724
5215212.506263,32,6627.402176
-497004.572064,5,6627.499237
5201751.316243,35,6628.18384
-501744.284813,5,6628.27503
-497243.117811,5,6628.369255
-495276.099665,5,6628.4692
-779805.479345,10,6628.657403
5149196.532771,36,6629.352903
-493613.799254,5,6629.455948
5194100.197693,35,6630.107655
-494465.8149,5,6630.208039
-859760.19396,10,6630.401425
-501739.393218,6,6630.510377
-875270.300924,10,6630.716403
-480268.349535,5,6630.820594
-502835.907107,5,6630.921321
-561863.117605,7,6631.061902
-772521.191941,10,6631.268781
-482294.643469,5,6631.365089
-479001.112605,5,6631.465203
-692487.515091,8,6631.613469
-833043.674526,10,6631.818261
-911258.892098,12,6632.031859
5205097.110661,36,6632.753125
-575779.791457,7,6632.892755
4362630.908971,69,6634.262286
-623776.555015,7,6634.401148
-502776.701918,5,6634.497785
4952656.205776,41,6635.31055
4573309.241397,44,6636.204668
5073354.874399,35,6636.898081
5432219.84515,26,6637.43742
5262780.125981,33,6638.049204
4488799.321689,45,6638.873433
-502474.690055,5,6638.966455
-681123.600022,8,6639.109434
-669757.190726,8,6639.261611
-483282.269551,5,6639.357834
-752127.076335,9,6639.534047
-494181.472681,5,6639.636498
4866104.518968,41,6640.425259
-484953.556454,5,6640.535018
5251376.117264,38,6641.298977
-815403.175816,10,6641.478739
5409683.801606,28,6642.012441
-803381.134067,10,6642.206425
4301728.180512,47,6643.11549
4288872.162302,50,6644.066716
-477483.952801,5,6644.169756
-1185200.114631,15,6644.460636
5415496.953946,30,6645.038886
5055139.70221,38,6645.78165
-690507.72182,8,6645.939303
5375743.711657,29,6646.497576
-493246.761184,5,6646.599941
-485778.226433,5,6646.696806
4399809.641576,48,6647.599488
5331830.218636,34,6648.278452
-493929.099132,5,6648.375298
-706693.33718,9,6648.559602
-498822.170974,5,6648.666168
-779911.83883,10,6648.864175
5328172.053476,33,6649.495384
-488618.322951,5,6649.587396
-515600.627959,6,6649.710922
5035972.888876,44,6650.605153
-661436.835992,8,6650.757095
-489737.097974,5,6650.841457
-494467.309233,5,6650.944508
-487722.359334,5,6651.047486
-922283.123106,12,6651.277763
5457134.650587,30,6651.853927
-490927.39745,5,6651.944599
-502474.275064,5,6652.03513
-487200.730108,5,6652.126119
-490822.00605,5,6652.237513
5423743.715587,25,6652.738987
-483093.095603,5,6652.835968
-491506.487698,5,6652.938567
-1106942.473083,13,6653.181037
5224961.0602,34,6653.846614
3807973.730194,56,6654.969651
-481828.72656,5,6655.07484
4963733.018626,40,6655.84738
5422661.134612,31,6656.45894
-513074.035848,6,6656.574481
-657198.151316,8,6656.737706
4832365.187078,40,6657.477041
-890593.892381,11,6657.683549
6336298.792315,114,6659.810145
5337687.45787,35,6660.479727
5476479.261302,32,6661.076615
-661792.285515,8,6661.222214
-665903.719774,8,6661.380338
-797784.793019,10,6661.567392
4505111.70906,45,6662.410243
-455842.675139,5,6662.513057
-678476.046393,8,6662.664934
5037070.802415,35,6663.319265
-964481.001799,12,6663.549329
-489833.745687,5,6663.646222
-492000.041468,5,6663.737566
-503466.177448,5,6663.831826
5246597.924922,33,6664.440107
-632278.722836,8,6664.597949
-475202.474804,5,6664.69504
-815742.434692,10,6664.888556
4266013.129136,52,6665.937099
-502736.73723,5,6666.034758
-623366.420348,8,6666.185161
5396824.542636,29,6666.737211
-714396.917603,9,6666.90621
5683568.601535,50,6667.845961
-639453.804121,8,6667.996964
-455906.23173,5,6668.094742
5280604.223367,37,6668.796971
-484816.398884,5,6668.894599
-482490.61325,5,6668.990797
4988729.849049,37,6669.682358
-469526.02888,5,6669.772632
-758132.32139,9,6669.942176
5450046.626155,52,6670.994278
-480243.041478,5,6671.097547
4985909.667862,40,6671.85124
-779778.164412,9,6672.014832
-761034.847925,9,6672.178897
-496183.842996,5,6672.277404
5111376.257239,35,6672.930166
-495567.072709,5,6673.027032
5403091.988671,26,6673.499992
-463475.958817,5,6673.590513
-497213.812644,5,6673.681828
4977862.928481,38,6674.378068
-591473.532084,7,6674.5116
-817050.063282,10,6674.687387
-729954.31119,9,6674.8489
-482633.591853,5,6674.942923
-501488.854661,5,6675.028234
-500257.3813,5,6675.117717
-485211.388318,5,6675.208823
-453889.298331,5,6675.293781
5078525.333763,38,6676.020279
5421214.743814,33,6676.62666
-488820.177412,5,6676.717701
-515175.509323,6,6676.832655
-502270.394673,5,6676.935658
-496661.214936,5,6677.038655
5300008.967354,32,6677.674684
-475901.51542,5,6677.771905
-492911.447915,5,6677.867705
5191622.403939,58,6678.965883
-941272.975556,12,6679.189923
5479146.13493,64,6680.409797
5371449.684026,45,6681.238385
-489442.01266,5,6681.341213
-881501.452884,11,6681.541378
-645990.53263,8,6681.686227
5402442.217759,51,6682.607285
-823075.878892,10,6682.783458
-492410.740307,5,6682.87446
5005857.329313,40,6683.625341
5333553.822182,33,6684.24951
4284789.162138,49,6685.165075
-470667.796603,5,6685.261739
-501659.327688,5,6685.353189
5404500.104407,28,6685.892035
5339733.551668,34,6686.546884
-500027.988741,5,6686.646269
5143472.218198,38,6687.359017
-486635.640623,5,6687.457339
5511424.56962,37,6688.158632
5405029.100485,31,6688.746541
5399182.433043,49,6689.687036
-498167.765901,5,6689.776883
5362878.240909,37,6690.494585
-501539.216975,5,6690.58814
4858523.597616,56,6691.581737
-632699.177442,7,6691.703289
-467052.703395,5,6691.794434
4481981.456732,44,6692.600784
-493574.244217,5,6692.691391
-490973.877423,5,6692.782065
-1223813.088059,17,6693.091788
-473319.546716,5,6693.182518
-494727.453264,5,6693.284867
-482262.567731,5,6693.382879
5401632.109639,31,6693.982479
-502836.561891,5,6694.078939
-621209.045942,7,6694.213123
4758683.68857,41,6694.986092
-502713.479982,5,6695.079238
5058929.968432,36,6695.769752
5723775.312382,57,6696.82461
-780579.674291,9,6696.994322
-886312.075307,11,6697.221701
-815286.419615,10,6697.436428
-462868.632223,5,6697.53424
-484087.896745,5,6697.630411
5345197.461054,35,6698.254107
4963982.30938,35,6698.884503
-500941.960741,5,6698.981358
-480998.960161,5,6699.072207
5360802.593769,37,6699.733104
4423064.453997,47,6700.599524
5250839.028884,37,6701.297388
-959897.028728,12,6701.526845
-487966.887627,5,6701.623339
-711759.385344,8,6701.775494
5432831.754782,28,6702.31061
-490166.573681,5,6702.418094
-494758.058957,5,6702.514308
-502488.19105,5,6702.618985
-653321.131033,8,6702.757156
4903576.803782,41,6703.489932
5394343.168522,53,6704.423645
5547982.664704,57,6705.503486
5014405.995721,40,6706.234788
-485655.669602,5,6706.332278
-595163.363424,7,6706.472392
-146311.935395,7,6706.599016
-495876.03601,5,6706.689713
5176815.260995,42,6707.472104
5412620.825089,27,6707.980777
-480669.124808,5,6708.077473
-758040.344747,9,6708.242972
5052418.303028,37,6708.938651
5393035.152109,43,6709.761735
-640350.860876,7,6709.8951
-886004.15948,11,6710.113642
-627593.680937,7,6710.25294
-477712.231651,5,6710.349697
-742451.334853,9,6710.525497
5359819.0051,28,6711.047835
5350983.194744,44,6711.895393
-631591.139255,7,6712.025092
5022472.082348,40,6712.785662
5244364.425965,40,6713.55849
4146197.262309,52,6714.54318
-490701.276359,5,6714.640293
5524304.424545,45,6715.494783
-916500.93265,11,6715.696208
-489685.762137,5,6715.791411
-837649.160733,10,6715.973412
5122096.397685,37,6716.66396
-489789.315145,5,6716.74917
-553946.865709,6,6716.864001
-739191.358696,9,6717.0215
-986461.851542,12,6717.258234
-495802.522193,5,6717.35529
5107828.718033,37,6718.046757
5189305.145642,33,6718.67615
4779061.182103,39,6719.384868
-1326294.255857,17,6719.688702
4962232.662218,36,6720.324166
-818195.094388,10,6720.512013
4780386.905938,42,6721.251391
4757410.879211,41,6721.990631
-487977.502652,5,6722.082027
-466391.049162,5,6722.178615
-589086.890271,7,6722.31236
5257231.365547,38,6723.032953
5378365.41936,39,6723.766238
5424231.704867,25,6724.238955
-566833.31145,7,6724.372268
4405781.335185,46,6725.24538
-482348.423614,5,6725.341796
4904468.63509,39,6726.093653
-487584.511633,5,6726.196458
-171472.77433,15,6726.481541
-486892.425546,5,6726.578109
4437287.995418,50,6727.52365
-807068.549772,10,6727.705424
-767902.523496,9,6727.869089
-500563.229406,5,6727.965834
-814218.406436,10,6728.141524
-722801.554887,9,6728.303598
-486319.729596,5,6728.395974
-634191.52317,7,6728.524004
5414948.086445,26,6728.983751
4992226.265016,40,6729.711224
5292962.332841,32,6730.299248
4984740.280201,39,6731.014117
5536776.658954,54,6732.098804
5346592.373729,31,6732.694761
-501223.32707,5,6732.783758
-730255.941809,9,6732.959124
-496943.618945,5,6733.05002
-495010.17884,5,6733.141376
-827882.910914,10,6733.328969
-480227.221152,5,6733.419593
-578311.516969,7,6733.547405
-484543.119781,5,6733.644587
5366161.889895,52,6734.638414
4254863.050066,50,6735.564863
5182550.629017,40,6736.279984
-481540.316175,5,6736.370811
-842947.834468,10,6736.571081
-488842.709685,5,6736.661788
5225512.213731,35,6737.340363
-2146949.914878,29,6737.873699
-518926.736824,6,6737.976608
-620341.034606,7,6738.10378
-695004.123441,8,6738.25617
-679640.320433,8,6738.400861
-503186.646275,5,6738.492483
-661563.726933,8,6738.64332
5272065.993065,36,6739.328347
5434584.078415,26,6739.819074
-491955.079939,5,6739.910353
-487938.160912,5,6739.994593
-791586.220215,10,6740.182612
-494817.986871,5,6740.285948
3819019.586388,54,6741.328452
4849701.129176,43,6742.127684
-629533.607948,7,6742.261034
-946116.42504,12,6742.491341
4340780.059886,48,6743.400246
-718563.985292,8,6743.557925
-476858.495426,5,6743.651332
-502401.961034,5,6743.739679
4828331.45136,42,6744.51532
-1102251.033848,13,6744.746685
-498916.158651,5,6744.836394
3625998.612011,60,6745.879534
-470663.018198,5,6745.963977
4694153.547335,43,6746.748071
-698323.203761,8,6746.896693
-1059092.535105,13,6747.140123
4019594.136724,51,6748.093623
-1005918.96033,13,6748.334652
-761768.929195,9,6748.509159
5441147.68771,33,6749.118433
-485801.729455,5,6749.212544
-484444.286746,5,6749.302665
-483843.153487,5,6749.393952
5419043.197606,23,6749.826447
5360264.65089,28,6750.351177
5372705.749781,32,6750.93871
5312552.177776,38,6751.653814
-473878.419215,5,6751.753332
-570056.083287,7,6751.882747
5151282.020268,35,6752.555889
-858385.723637,11,6752.757055
-788000.175594,10,6752.944539
5172297.381389,34,6753.582359
-472062.178394,5,6753.671758
-482224.303283,5,6753.764118
-1156571.674718,14,6754.023643
4939460.732408,38,6754.706592
-486573.234112,5,6754.799125
5048895.300933,36,6755.453917
-500228.150278,5,6755.550383
5361457.831359,42,6756.332532
-482630.042816,5,6756.435228
-607213.261411,7,6756.580867
5384088.491933,32,6757.205905
-948201.627866,12,6757.448123
4795988.592585,44,6758.228912
-469805.405522,5,6758.320722
-666955.678915,8,6758.459427
-497278.39393,5,6758.550574
-487569.707487,5,6758.641409
4077223.724934,53,6759.615235
5438156.417676,31,6760.182333
-494696.953632,5,6760.277554
-481953.980315,5,6760.36988
-660067.805728,8,6760.519891
4940425.21193,37,6761.196442
-455783.295237,5,6761.289504
-468001.485317,5,6761.386184
-497887.79531,5,6761.483253
-714441.545055,9,6761.65255
4926874.239627,40,6762.407257
-138022.091107,7,6762.559438
5198011.310116,34,6763.143372
-1201359.230372,15,6763.404553
5087711.83567,53,6764.327929
5346875.21871,34,6764.949531
-1203752.012513,15,6765.225758
-725109.146082,8,6765.374034
4521483.564071,45,6766.242668
5260688.136239,37,6766.93731
4353919.115447,49,6767.858359
5117493.823369,35,6768.524954
4864795.531761,42,6769.313004
5411833.763475,37,6770.009734
-1101625.709584,14,6770.28236
5030063.62636,38,6771.003391
4758301.327296,42,6771.81708
-745675.714885,9,6771.97911
-455387.73902,5,6772.075945
5368448.987578,39,6772.821225
-455969.889198,5,6772.914243
-792510.165836,9,6773.088007
5369810.906932,31,6773.694254
5561073.1158,44,6774.541988
-809108.424424,10,6774.730349
5097196.541291,36,6775.408529
4751760.246671,42,6776.154238
-495180.542915,5,6776.245209
4404674.560177,48,6777.100035
-496328.786663,5,6777.184302
-483164.390278,5,6777.269291
-493274.944972,5,6777.35989
-494693.103227,5,6777.457391
-464398.048742,5,6777.541609
5259282.137897,35,6778.160203
4935310.728212,44,6778.935811
-495161.103218,5,6779.023696
-630301.372287,7,6779.141467
5401002.246347,30,6779.668638
4810322.847241,39,6780.38041
-500989.087306,5,6780.48069
5060292.819832,36,6781.141762
5434730.023953,30,6781.726716
-493193.817138,5,6781.820383
-669458.064132,8,6781.977545
-488369.313899,5,6782.069482
-495183.521829,5,6782.15937
-478523.065436,5,6782.262873
5326850.338629,37,6782.943972
5140927.485783,36,6783.628941
-556292.103514,6,6783.741266
-501077.90218,5,6783.835999
-709417.27254,9,6784.00727
4428768.09595,43,6784.807936
-493569.792253,5,6784.903818
-619515.160117,8,6785.050716
-924109.354341,11,6785.256799
-587998.602601,7,6785.39175
3777017.464111,54,6786.424143
-502424.012742,5,6786.526801
-872976.812139,11,6786.735713
-772605.705541,10,6786.922386
5499926.912571,41,6787.693815
4755843.739704,41,6788.467671
-459379.96331,5,6788.564754
4908982.416719,40,6789.346353
-496672.150514,5,6789.443219
5243816.221134,38,6790.122629
-853282.191262,10,6790.30425
-502703.072171,5,6790.395868
-714586.204834,9,6790.558569
-814204.915726,10,6790.72951
5438076.323718,46,6791.558397
-484763.581168,5,6791.643548
-619147.42746,7,6791.776587
5420147.464699,28,6792.291345
-483790.858904,5,6792.382707
-980389.400123,12,6792.613517
-451536.096568,5,6792.715839
-496048.313632,5,6792.807157
4508016.992928,47,6793.692253
-489083.015196,5,6793.782703
5141893.812483,38,6794.507815
4529777.267984,48,6795.424675
5388937.902915,33,6796.042612
-496696.111778,5,6796.136749
-579380.765695,7,6796.269122
-474697.990173,5,6796.361177
5404166.164585,29,6796.891264
-636636.409646,7,6797.017493
4401425.551526,48,6797.927338
-487975.898238,5,6798.024633
-578139.152705,7,6798.158159
5110300.191147,58,6799.21801
-496597.193492,5,6799.308978
-478154.085564,5,6799.400781
4910856.749127,42,6800.16943
-498208.721564,5,6800.260347
5266510.748528,34,6800.878388
5264545.793646,31,6801.423828
-684901.474364,8,6801.575351
-489982.163747,5,6801.660195
-649569.830279,8,6801.805474
-712347.161575,8,6801.951074
5392163.235363,51,6802.914798
5371282.957365,30,6803.502319
-506147.523466,6,6803.623594
-566071.0903,7,6803.751354
-494841.001124,5,6803.841815
-1045027.423261,14,6804.126944
5183043.149665,37,6804.817497
-625118.271819,7,6804.945196
-479118.246044,5,6805.042158
4869138.377404,41,6805.823568
5140593.11922,37,6806.526296
4378247.146623,45,6807.365473
-495778.728503,5,6807.459925
5371926.809205,36,6808.132458
-460883.999043,5,6808.223574
-990559.077084,12,6808.459458
-810633.081859,10,6808.647522
-899937.969649,11,6808.847769
-470408.237398,5,6808.944353
5360782.414415,30,6809.508306
4842452.186311,47,6810.414657
5921739.832272,82,6811.95625
5467181.811514,45,6812.85774
5321373.550555,33,6813.48306
-495688.205665,5,6813.581408
3545252.542151,60,6814.662161
-479857.393574,5,6814.749469
5376006.856018,36,6815.395574
5398856.218867,26,6815.867761
-479509.34684,5,6815.960268
-467112.264938,5,6816.048446
-591867.010641,7,6816.180167
-492533.109544,5,6816.276479
-491103.053809,5,6816.371927
-497871.946642,5,6816.45863
5450432.935877,31,6817.14219
4207550.947932,59,6818.313554
-622897.58868,8,6818.472729
-799623.541136,10,6818.670618
-813926.931725,10,6818.859032
-513876.598505,6,6818.973679
-527331.366232,6,6819.100752
-521713.603466,6,6819.221981
-476626.251586,5,6819.327367
5261621.401519,35,6820.010355
-463319.054627,5,6820.106316
-482400.850169,5,6820.197775
-724019.017271,9,6820.386248
-839043.953145,11,6820.609725
4525358.253647,45,6821.500611
-706408.970529,8,6821.67026
-950526.220598,12,6821.906435
-491076.588488,5,6821.997062
4841414.578163,42,6822.876186
5550622.061494,44,6823.645844
-560091.884616,7,6823.773005
4918272.365666,45,6824.566475
-821502.822943,10,6824.748281
5278609.865698,45,6825.55506
-496472.742742,5,6825.652857
5274850.664485,32,6826.263459
-855163.545789,10,6826.444937
6144577.894741,69,6827.748406
4164796.17612,49,6828.678175
4784069.216918,42,6829.468826
-724169.531585,9,6829.644856
4841975.323753,44,6830.474936
-563436.525083,7,6830.608482
-484857.479413,5,6830.699622
4103671.632416,56,6831.693014
5039527.70879,37,6832.335361
5273048.066829,42,6833.107572
-685924.757547,8,6833.250281
-890354.460597,11,6833.450686
-863328.559843,10,6833.632327
4370414.76704,70,6834.929251
5052212.431635,38,6835.595424
-559886.109704,6,6835.698713
-501990.860383,5,6835.78367
-502394.012929,5,6835.872213
-853114.166502,11,6836.068107
-492320.338637,5,6836.15328
-468600.645104,5,6836.237866
-746146.805908,9,6836.395655
5318542.629437,36,6837.089054
-491989.28252,5,6837.195768
-847436.071548,10,6837.375618
5460545.499852,42,6838.189695
-781074.735991,9,6838.362387
5320984.913513,41,6839.181968
5309844.282966,47,6840.09186
5542120.71792,32,6840.746738
4915143.626473,38,6841.513388
5003907.149707,39,6842.323914
4588409.265953,44,6843.194733
-502583.298019,5,6843.297513
5411366.339276,24,6843.764789
5363704.455431,31,6844.355593
5414035.639808,27,6844.873671
5283483.6151,39,6845.612413
-777984.586579,10,6845.794748
4946434.476027,41,6846.612611
-502701.81565,5,6846.697133
-492779.856027,5,6846.800218
-668321.608,9,6846.985816
-548141.902931,6,6847.103897
5257652.353979,39,6847.885417
5404288.79679,29,6848.457002
-643853.174267,7,6848.594521
3451172.233987,66,6849.890728
4262353.930715,48,6850.8508
-487117.96707,5,6850.957695
-493901.784577,5,6851.058615
5411625.397436,28,6851.60043
4946358.541226,47,6852.515409
4907208.384411,41,6853.327345
5316932.172883,33,6854.013947
5725497.648403,51,6855.029902
-488953.347661,5,6855.138983
-494213.337773,5,6855.247902
5375230.467116,32,6855.914327
4929721.090454,40,6856.714393
-499290.170479,5,6856.811299
-866548.05332,11,6857.036428
-497132.85889,5,6857.141727
-502983.724397,5,6857.241613
-495534.075123,5,6872.216048
-880665.454492,11,6872.482095
5404727.771811,31,6873.118775
-499869.89012,5,6873.222017
5016123.343952,36,6873.942834
-1338090.569251,18,6874.308762
-496345.691834,5,6874.40974
-488544.338431,5,6874.5182
-482224.333983,5,6874.615611
5078564.072553,39,6875.381709
-488666.37288,5,6875.482075
5253062.758867,36,6876.209014
5059990.983599,37,6876.948473
5030005.884587,39,6877.693693
5020418.441566,39,6878.396614
5289649.202073,35,6879.014692
-742964.927361,9,6879.196683
-703951.208237,9,6879.384345
5357387.748707,36,6880.063057
-1291032.771683,16,6880.378387
4869912.731524,39,6881.147896
-601061.183052,7,6881.281607
5331435.078646,38,6882.020878
5345011.063951,28,6882.584943
-417859.871137,5,6882.681072
-849566.7715,10,6882.863222
-485881.182528,5,6882.953685
-926437.390056,11,6883.147611
-491847.664106,5,6883.238369
-487694.602007,5,6883.329423
-886600.399025,11,6883.529188
5366982.899569,36,6884.165964
4872431.671964,46,6885.033026
-709297.717531,8,6885.190266
-875357.748002,11,6885.439074
-487298.24838,5,6885.535236
-488079.514206,5,6885.626036
-945153.671416,12,6885.862457
4802561.986141,43,6886.729501
-477581.287537,5,6886.831977
-502431.318645,5,6886.942849
-494645.731925,5,6887.038366
5191281.310291,34,6887.728759
4817707.710261,39,6888.504548
4965281.14873,38,6889.250035
-484772.500833,5,6889.350389
-500502.176062,5,6889.455792
-488405.984475,5,6889.558137
-480781.085747,5,6889.656255
-716601.363315,9,6889.826146
-491666.855694,5,6889.922493
-492283.094942,5,6890.019342
4494846.728733,48,6890.973446
-559861.028784,6,6891.089242
4644795.058121,41,6891.905691
5397287.223868,31,6892.526986
-869435.041274,10,6892.722575
5181572.086367,43,6893.560108
-490876.93483,5,6893.667823
-686788.850498,8,6893.825068
-487582.801463,5,6893.922426
5183417.670383,36,6894.643744
-490364.738999,5,6894.749355
5394531.283993,25,6895.231336
5084966.468269,41,6896.006787
-491452.5723,5,6896.115555
-502526.752814,5,6896.219049
-942534.729976,12,6896.449537
-785374.454377,9,6896.625
-555025.328372,6,6896.745851
4518878.421137,45,6897.597783
-479024.608261,5,6897.691648
-485786.885737,5,6897.788635
-599280.955706,7,6897.915614
5231302.86612,39,6898.673656
5450562.679013,62,6899.82535
-502667.852038,5,6899.921401
-477984.852638,5,6900.024245
-519782.304028,6,6900.139923
-704264.319534,8,6900.284874
-466779.712817,5,6900.382407
5212659.047646,46,6901.248835
-1038264.657063,13,6901.49079
5397097.827812,51,6902.466711
-727404.342427,9,6902.643068
4498318.831195,43,6903.460805
5264517.88082,33,6904.084778
-759064.144406,10,6904.28738
-790280.726379,10,6904.472423
-497397.970147,5,6904.563337
5348554.44674,37,6905.211479
5131504.643134,36,6905.85388
-503192.585428,5,6905.945072
5384446.107937,32,6906.521028
5410248.154602,24,6906.956918
-503293.749149,5,6907.041817
-499073.651959,5,6907.127666
-508564.594367,6,6907.242077
-486873.488813,5,6907.336053
-488260.344355,5,6907.429721
-1022739.916864,13,6907.667156
4905301.644286,40,6908.364372
5409025.126396,29,6908.890451
-472743.991684,5,6908.97491
4054317.534769,54,6909.956859
4460237.082711,46,6910.841189
-809250.523815,10,6911.035323
-680552.896032,8,6911.183213
-725982.670694,8,6911.324026
6021847.238025,77,6912.774617
-498255.8507,5,6912.872036
-495753.049373,5,6912.974698
-491480.742068,5,6913.065472
-489172.248908,5,6913.158149
-482942.783093,5,6913.253645
-734616.495301,9,6913.416843
-1039176.098348,13,6913.671439
5021988.288179,38,6914.380545
-667244.56917,8,6914.531573
-476954.261332,5,6914.635176
5398745.323515,29,6915.174381
5128998.094876,34,6915.823741
-494358.346103,5,6915.913868
5409154.721148,52,6916.888995
5064061.515484,40,6917.665112
-775890.654045,9,6917.828275
5305003.030781,64,6919.010343
5406962.417951,58,6920.094632
-500061.538896,5,6920.197558
-498765.377853,5,6920.295275
4478474.695654,47,6921.192016
-492761.801001,5,6921.288888
5247057.714105,34,6921.925025
-489424.236972,5,6922.015707
5449388.20629,60,6923.142882
-1057610.455911,14,6923.403978
-621469.150571,7,6923.539393
-486774.593507,5,6923.632076
-503146.912563,5,6923.736837
-901199.315255,12,6923.967246
4960950.423148,37,6924.664287
-495736.854411,5,6924.770567
-501959.862033,5,6924.870894
-496972.282831,5,6924.96732
5549933.741898,58,6926.087899
5533233.944782,41,6926.863885
5371873.925722,42,6927.651685
-739518.941654,9,6927.821535
-570320.255171,7,6927.954326
5254761.089499,32,6928.578923
-617538.334915,8,6928.736541
-664433.050345,8,6928.888212
5408321.088327,48,6929.808645
4763180.588471,62,6931.008604
-493499.228155,5,6931.099669
-696164.860079,8,6931.25152
-490170.407393,5,6931.354033
-494512.176065,5,6931.450895
-488300.529396,5,6931.541748
4913103.023948,40,6932.299581
4444134.966391,52,6933.23387
-486481.562887,5,6933.317704
5405570.200074,57,6934.396549
-496974.266132,5,6934.492941
-481249.486422,5,6934.584424
-500379.577274,5,6934.681421
4922037.573771,38,6935.38996
5459104.119944,28,6935.923654
-616229.568947,7,6936.056854
-463795.36411,5,6936.154203
-499953.220058,5,6936.246046
-483062.41387,5,6936.335903
-481553.063745,5,6936.432437
-806482.324332,10,6936.615508
5253320.533735,39,6937.384034
-486480.607956,5,6937.474966
-502073.999518,5,6937.575582
4420779.89854,52,6938.498924
-1301290.072241,17,6938.816213
-498058.685065,5,6938.906361
-745349.370659,9,6939.081702
-1297596.614731,16,6939.378019
3972785.337569,52,6940.341126
-837590.521769,10,6940.540863
5403775.708218,34,6941.189133
-722681.242616,9,6941.363371
-487175.302067,5,6941.463442
-861710.333945,11,6941.66861
-476955.724172,5,6941.766503
5219991.352101,34,6942.425973
-480629.207438,5,6942.522985
-1394908.676901,18,6942.862109
-638001.212533,8,6943.00706
-900666.25716,11,6943.219335
-730469.439567,9,6943.389574
-487534.327356,5,6943.486174
-495391.480428,5,6943.58324
4500238.472853,45,6944.425502
-488248.492943,5,6944.523502
5397447.126759,49,6945.443773
4874468.137814,40,6946.199669
-978164.221097,13,6946.436993
4937620.309584,41,6947.219425
-1156816.246634,14,6947.473664
-470648.025622,5,6947.564734
5211264.645762,32,6948.182563
4304292.117424,48,6949.079527
5014135.232436,49,6950.000677
-527568.197089,6,6950.122379
-789330.285548,9,6950.294232
5097721.05714,39,6951.042662
-496911.547253,5,6951.141577
5053103.687513,35,6951.819011
-760246.938363,9,6951.988299
-493883.258678,5,6952.085093
5015395.361533,40,6952.836643
-476628.945453,5,6952.933689
-1029173.537097,13,6953.188189
4490543.500995,47,6954.088821
5362728.946167,30,6954.642525
-719237.770234,9,6954.811893
-783436.511127,10,6955.002426
4140695.012882,50,6955.938861
-574041.561212,7,6956.072478
5093107.015171,36,6956.745368
-453706.886026,5,6956.830153
5412383.26917,39,6957.520592
-480170.672879,5,6957.611611
-488458.397991,5,6957.696768
-486520.445408,5,6957.796171
-627944.549173,7,6957.91491
4921697.698888,38,6958.587586
3524736.621862,62,6959.714619
5389519.664099,33,6960.308125
-487162.077317,5,6960.39562
5331526.968993,36,6961.07768
5676151.608798,41,6961.859608
-486978.105084,5,6961.950666
5053745.135288,33,6962.556821
-491929.603228,5,6962.659939
4962581.236354,36,6963.330721
5218493.597934,36,6964.004959
-492987.690505,5,6964.089688
5378149.005584,35,6964.750472
-759339.944926,9,6964.913661
4461820.571762,45,6965.768568
-484998.762037,5,6965.868855
-493557.286473,5,6965.961918
-487519.577997,5,6966.066495
-704553.168274,9,6966.22804
4228686.717348,52,6967.204353
5632761.500917,50,6968.150268
-478335.094607,5,6968.257895
5013620.527878,34,6968.921574
5209481.49738,58,6970.003889
-502762.575688,5,6970.103612
-481140.226118,5,6970.192192
4224258.027661,50,6971.083533
-502511.777727,5,6971.167927
5564718.576571,44,6971.961452
5344624.649839,39,6972.671155
-487916.204812,5,6972.773819
-542597.101899,6,6972.894944
5386840.115146,37,6973.60413
5279610.983737,31,6974.191751
-807885.076716,10,6974.373418
-497175.254111,5,6974.46452
-494994.580707,5,6974.567622
5314840.796308,30,6975.119977
-689535.510292,8,6975.270283
-850428.873297,11,6975.470355
5819475.325962,47,6976.369417
5397943.420809,38,6977.081977
-647247.345264,8,6977.233606
-502274.793991,5,6977.324811
-502301.588377,5,6977.421422
4563393.637076,49,6978.330302
-498393.709458,5,6978.433951
-459487.050121,5,6978.524915
-464287.548315,5,6978.62146
-725537.239843,9,6978.796944
-703361.437073,8,6978.954823
-773562.096942,10,6979.136588
-679244.173187,8,6979.287862
-740123.815348,9,6979.451494
-670059.137501,9,6979.615427
-823252.069333,10,6979.802814
5616462.350926,78,6981.323846
5136971.574701,35,6981.990554
-482444.262812,5,6982.08742
5194120.619432,36,6982.772951
-483263.377342,5,6982.86313
-589221.933745,7,6983.008469
-742188.422231,9,6983.178168
-674589.661598,8,6983.331561
5255812.119696,36,6984.027128
-477135.018006,5,6984.125643
-849033.778104,10,6984.311509
-908554.38594,11,6984.535706
-996812.259657,12,6984.766371
-633367.380927,7,6984.893415
5375453.164587,34,6985.525157
5367394.198728,51,6986.486784
5082524.365252,37,6987.184331
-722059.814771,9,6987.353466
-496637.860597,5,6987.450982
-473331.268451,5,6987.541455
-676617.202962,9,6987.714924
5166776.905973,34,6988.359697
5807866.066962,50,6989.274867
-597937.158053,7,6989.39595
-839314.273452,11,6989.589608
5361723.480593,45,6990.414223
-455073.506191,5,6990.504595
5188140.032294,36,6991.165264
-709637.888924,8,6991.304574
-496989.559232,5,6991.396716
5183353.573918,37,6992.074465
5403324.056704,44,6992.916363
4510573.264487,42,6993.692966
-617240.434344,7,6993.83187
5387325.401641,27,6994.331325
-832413.073178,10,6994.522334
-485130.437399,5,6994.613269
-478591.288268,5,6994.704462
-511284.784815,6,6994.827758
4936613.8872,38,6995.544649
4957439.190789,38,6996.249387
-480379.296639,5,6996.346262
-497072.914521,5,6996.440241
4806300.414481,39,6997.181829
-812927.616755,10,6997.376493
4324974.667457,51,6998.267603
4164475.361707,47,6999.120862
5668222.700274,65,7000.333937
-484072.435968,5,7000.431483
5357153.638535,30,7001.013279
5230747.741638,44,7001.867228
5270136.492362,36,7002.546255
5184330.970364,33,7003.132103
4606365.982728,44,7003.903082
-778569.848182,10,7004.078779
4943939.844458,41,7004.849262
-1025772.480015,13,7005.101141
5170651.009712,37,7005.814228
-493589.097761,5,7005.902922
-506204.013478,6,7006.011965
5265153.295093,61,7007.133133
-472685.287236,5,7007.229883
4737581.657464,41,7008.005803
4825583.922335,38,7008.73319
-648704.861171,8,7008.884411
5405321.330044,51,7009.856375
5041605.113245,46,7010.73273
-564961.016012,7,7010.860487
5319493.382188,35,7011.502529
-657710.417095,8,7011.64794
-616507.83599,8,7011.792591
5412535.677702,28,7012.302051
4246851.107242,53,7013.265872
5060093.736901,36,7013.932681
-449476.583704,5,7014.023181
4911548.07262,41,7014.799043
-502725.209093,5,7014.902538
5331330.215079,36,7015.582799
4906949.312717,41,7016.377949
-478915.25156,5,7016.465409
4482068.311425,44,7017.301505
4978250.845676,42,7018.095738
-809674.22289,10,7018.271364
-498242.472748,5,7018.368208
5094677.940133,37,7019.070746
-971896.892103,12,7019.31277
-812870.997171,10,7019.495108
5527258.055481,47,7020.392759
-493457.389739,5,7020.486606
5344658.2365,32,7021.102801
-852387.384466,10,7021.287567
-502816.753167,5,7021.380188
-485766.766866,5,7021.470615
5313377.725838,31,7022.046769
5418562.28677,28,7022.573956
4953186.917711,40,7023.337642
-500273.117862,5,7023.434459
4252597.956978,63,7024.630235
-992688.96539,13,7024.865031
-1034703.577499,13,7025.107003
-488772.768396,5,7025.197781
-594407.06775,7,7025.3274
4315744.734063,49,7026.24233
5031444.542885,38,7026.960891
-479423.1845,5,7027.051828
-585380.241996,7,7027.191533
5318703.512414,33,7027.804099
5317890.041471,44,7028.627375
-615400.663738,8,7028.779245
4889806.977402,41,7029.566646
5281146.932703,32,7030.167466
2852494.177936,69,7031.451178
4931284.348028,39,7032.187796
5070651.003177,40,7032.936126
5454669.241034,38,7033.606338
5418220.847871,31,7034.168995
-495807.473008,5,7034.257045
-543150.341347,6,7034.366062
-470232.094973,5,7034.453015
-485154.572712,5,7034.542151
-491974.807978,5,7034.63445
-501765.682341,5,7034.717782
4149623.836617,51,7035.657304
5150337.675438,35,7036.299241
-560532.428832,6,7036.414629
5156216.726027,35,7037.074788
4277251.574273,57,7038.159552
-494425.957575,5,7038.250481
-484986.095295,5,7038.352649
5506959.927511,43,7039.153746
-622662.037201,7,7039.292731
-490877.671951,5,7039.39128
-491722.115562,5,7039.480653
-674501.775702,8,7039.632757
-776714.830859,10,7039.826429
4905092.271207,40,7040.595909
5302530.636697,33,7041.195985
5184143.208367,60,7042.329124
-641118.135255,8,7042.474407
-495463.076394,5,7042.571664
4995092.692847,36,7043.251188
-674540.259941,8,7043.39605
-471575.750872,5,7043.492643
-695490.716402,8,7043.643782
5992607.499924,71,7045.004421
-785054.453918,9,7045.176909
-767831.354366,10,7045.358745
5331994.730346,34,7045.995317
-493596.713958,5,7046.085915
4887858.772574,38,7046.782884
-573920.106927,7,7046.923007
-667533.433332,8,7047.080202
4482412.099641,45,7047.922394
-471153.593881,5,7048.019474
-719237.141778,9,7048.182984
-493388.005786,5,7048.273678
-496394.360086,5,7048.370448
5352063.050338,35,7048.988566
-606056.696382,7,7049.116546
-485807.568452,5,7049.201005
4783350.604694,41,7049.927915
-476622.652794,5,7050.014986
-492861.758502,5,7050.103531
5405315.619362,34,7050.727868
-486017.118315,5,7050.820824
5020852.120222,38,7051.520224
4517762.867602,46,7052.382324
-696639.145157,9,7052.558424
-496539.422407,5,7052.654742
-501574.266583,5,7052.752172
-766358.279005,9,7052.92803
-644541.73357,8,7053.079382
-656238.517361,8,7053.224993
4152395.314289,53,7054.218451
-556775.744853,7,7054.352188
5387196.170764,32,7054.982576
-842389.359999,10,7055.170794
-732766.104528,9,7055.333811
5021357.66576,36,7056.006306
3815921.078099,57,7057.09125
-486672.884333,5,7057.200073
5139943.038586,37,7057.848581
5283861.011763,34,7058.442315
5437668.933497,29,7058.957655
-623475.34208,7,7059.078736
-483934.444641,5,7059.169264
-965026.931241,12,7059.381455
-777042.630903,10,7059.557172
5386162.908927,34,7060.175252
-496522.579291,5,7060.260466
-845124.806377,10,7060.449424
-808618.679223,10,7060.630058
-484150.904361,5,7060.726934
-830887.315405,10,7060.921139
-812244.408871,10,7061.109505
5199614.204057,35,7061.757406
5375374.22231,40,7062.514883
-498296.737645,5,7062.606339
4865116.605565,41,7063.38115
-497103.160441,5,7063.471945
-535222.867335,7,7063.605402
-478846.93301,5,7063.701986
5374169.260756,29,7064.235568
4315483.281613,50,7065.156988
5231407.21236,40,7065.926437
-710143.796478,9,7066.102293
-521331.392156,6,7066.223269
-1360121.677233,17,7066.55691
-502107.534173,5,7066.659734
5181860.078805,39,7067.393137
5287330.563188,57,7068.477633
-1336756.200827,18,7068.804503
3674622.508439,58,7069.852925
5228164.640756,36,7070.489242
-498780.04286,5,7070.586455
5135876.28212,44,7071.434932
-771921.71183,10,7071.623035
-475052.773834,5,7071.707302
-1209775.823125,15,7071.992448
5422312.748663,24,7072.440561
5207374.757355,35,7073.088886
4922760.708272,36,7073.771621
-696873.494798,8,7073.919376
-495826.159226,5,7074.013413
-489828.359602,5,7074.109131
-785331.431683,10,7074.307534
4917461.313526,39,7075.071162
-904021.595112,11,7075.282503
-787921.972584,9,7075.459653
5360081.396502,38,7076.191635
5335468.166283,37,7076.90689
-780517.630205,9,7077.088496
-722490.541125,9,7077.258145
-494868.703947,5,7077.355033
-502463.361916,5,7077.461909
5137033.808696,36,7078.155526
-477359.606039,5,7078.252177
-492252.179012,5,7078.349586
-774551.564742,9,7078.516229
-491553.285899,5,7078.618313
-810263.277957,10,7078.827877
-471531.13559,5,7078.93128
-498976.996936,5,7079.041342
-474877.009728,5,7079.140276
5782214.962207,88,7080.890364
5363341.413347,29,7081.439616
-488937.562186,5,7081.530539
-832101.772705,10,7081.742866
5408747.973734,26,7082.239952
4469903.910372,52,7083.287884
-502738.653921,5,7083.397349
-482191.888481,5,7083.499704
-480590.473975,5,7083.615528
-653822.659461,8,7083.777962
4785455.175672,43,7084.612741
-925230.151887,11,7084.834968
5369181.079357,33,7085.500126
-501212.988935,5,7085.602934
-489698.289135,5,7085.695524
-497871.67755,5,7085.796434
4156531.1535,49,7086.77213
4781074.314544,41,7087.573232
4831592.881481,65,7088.832847
-630254.889287,7,7088.972184
-483486.231001,5,7089.069268
-677153.566299,9,7089.23343
5286573.882801,39,7089.983784
-475821.905218,5,7090.075232
-508689.573672,6,7090.185139
-487421.062115,5,7090.287155
-542751.351205,6,7090.396432
-625488.08019,8,7090.548813
-639844.660529,7,7090.696715
-492444.245898,5,7090.803504
-942464.727848,12,7091.04662
-502185.206342,5,7091.141558
-501038.171585,5,7091.240825
5146779.826712,41,7092.040031
-469708.736795,5,7092.123928
-487260.692486,5,7092.218595
-482017.278476,5,7092.310966
5099211.160624,38,7093.05646
-501216.531103,5,7093.153059
-604592.738453,7,7093.292788
-690063.537275,8,7093.457074
-443636.026534,5,7093.553799
5608784.598978,41,7094.365362
5283195.39827,31,7094.97107
-621682.350555,7,7095.112647
-501485.15786,5,7095.208987
-829368.281158,10,7095.389303
-471941.62464,5,7095.486192
-489426.417813,5,7095.583457
5436913.118515,42,7096.41433
-739615.21822,9,7096.614544
-482887.832648,5,7096.711002
4847841.771683,41,7097.5102
-484665.690379,5,7097.615769
-611507.645378,7,7097.753217
4478462.247621,49,7098.710323
-500164.579732,5,7098.813219
-689651.298573,8,7098.96495
-495766.600933,5,7099.074764
-497297.031705,5,7099.17421
5388308.651449,35,7099.892308
-502539.728154,5,7100.000795
-694489.381705,8,7100.16488
-498937.474363,5,7100.256564
-416792.63032,5,7100.346734
-502089.717277,5,7100.443458
-502913.925104,5,7100.547126
-484557.002807,5,7100.637434
5118539.184934,35,7101.337175
-816722.131375,10,7101.543576
4869958.209872,41,7102.337065
5427801.746325,32,7102.927863
4294869.502795,47,7103.844784
-485088.587623,5,7103.9415
-491926.117777,5,7104.032663
-464799.561817,5,7104.124939
-797948.444808,10,7104.323901
-638948.932111,8,7104.479697
-502444.375383,5,7104.576365
5094952.2974,37,7105.267178
-499041.807838,5,7105.364221
-563488.900695,7,7105.491491
4410375.113552,49,7106.503087
-492051.577705,5,7106.60516
4961155.810652,40,7107.38802
-481439.079806,5,7107.479183
-502595.713794,5,7107.563575
-560704.007246,7,7107.70655
-683564.399146,8,7107.866877
-493181.628747,5,7107.959406
-468223.223896,5,7108.060505
-577125.532145,7,7108.200129
4286511.79527,51,7109.197795
5343474.368567,41,7110.000335
5109531.007012,39,7110.793867
-494490.170032,5,7110.896469
-1094194.251894,14,7111.181683
5262690.994759,39,7111.926679
5374671.252906,38,7112.694583
-495007.929819,5,7112.787468
-481315.349218,5,7112.878438
4828582.642866,42,7113.715081
-470779.847195,5,7113.818151
-483292.770129,5,7113.913072
-575318.812738,7,7114.047619
-499479.008527,5,7114.132893
5438062.149559,32,7114.792968
4223713.679393,49,7115.775455
-487323.230898,5,7115.872639
4760801.574474,69,7117.217098
5234285.028133,46,7118.053687
4450452.617968,45,7118.895532
-493812.241656,5,7118.992951
-631021.152442,7,7119.127503
5327631.894844,34,7119.775038
5011193.233725,40,7120.568446
-510990.249756,6,7120.683958
-1036609.944507,13,7120.940684
-1200430.676054,15,7121.238112
-493081.52875,5,7121.337758
5095095.556564,35,7122.016911
-1103540.81899,14,7122.28639
-848009.463327,10,7122.482922
-602581.451207,7,7122.611883
-486560.509266,5,7122.703761
-752793.138192,9,7122.858891
4539164.851888,45,7123.676679
-494977.673313,5,7123.780195
5087986.44923,36,7124.422065
5110920.203806,39,7125.180058
-1098721.886203,13,7125.424377
-500853.866041,5,7125.519257
4918931.843113,42,7126.343857
4522079.474897,45,7127.240198
-508462.660313,6,7127.361731
-478314.890065,5,7127.458561
-797138.116201,9,7127.622211
-491925.829925,5,7127.712847
-459763.982298,5,7127.809824
-494322.510041,5,7127.912851
-496596.763259,5,7128.027797
-805257.973965,10,7128.23406
-704738.512546,8,7128.398119
5242896.403759,33,7129.08874
5260818.775239,32,7129.712614
-769550.47732,9,7129.888507
-492854.250664,5,7129.985098
-502554.31203,5,7130.088355
-488699.602879,5,7130.179785
4984162.478282,38,7130.912668
-821526.509858,10,7131.100349
-659960.777333,8,7131.257916
4932688.822859,39,7131.99743
-492724.660573,5,7132.094108
-488082.736779,5,7132.191308
5389743.658818,31,7132.785474
-495865.516324,5,7132.881897
5003864.019362,37,7133.627887
-500664.176871,5,7133.718699
-679623.426398,8,7133.869643
-649395.950812,8,7134.015014
-462216.992549,5,7134.112808
-626857.928245,7,7134.251543
-598691.344899,7,7134.397046
-720798.363437,9,7134.559043
-732006.233944,9,7134.724561
5275361.183439,33,7135.378023
-1002294.558033,13,7135.633425
4918356.862669,38,7136.378278
4948662.999546,45,7137.239337
4728818.541792,51,7138.253208
-561613.651083,7,7138.380366
3569671.11575,60,7139.511648
-1020973.466667,14,7139.779263
-591844.093404,7,7139.911249
-494335.630404,5,7140.00538
5305876.688523,44,7140.838868
5041548.634727,41,7141.614518
4990079.747075,40,7142.380246
6157333.768924,90,7144.092699
-502865.731738,5,7144.182267
-492505.328828,5,7144.280698
-494992.372044,5,7144.377746
-484579.110679,5,7144.474392
4868253.594606,38,7145.214284
-860798.166348,10,7145.401791
-496616.782026,5,7145.493632
-628201.471262,7,7145.626331
-502172.353844,5,7145.716673
4894045.756677,40,7146.468389
-957740.341729,12,7146.698506
-806811.819133,10,7146.880158
5379348.028717,37,7147.601284
-489684.317841,5,7147.698449
-561219.592533,6,7147.80734
-852435.775205,10,7147.995209
-1207975.946699,16,7148.298709
-490443.028312,5,7148.408279
-885733.424255,12,7148.637983
5142337.729593,36,7149.328931
-890745.036699,11,7149.534503
-491113.292019,5,7149.631302
-496701.301226,5,7149.722518
-482608.644821,5,7149.813222
4882166.800563,39,7150.564981
-447379.012177,5,7150.66206
5398801.631236,26,7151.152469
-495845.181114,5,7151.249943
5150916.775169,33,7151.861544
-502481.621103,5,7151.952469
3995618.514253,55,7152.98259
4908164.543068,41,7153.764656
4801083.53131,41,7154.546253
-754572.930426,9,7154.716234
5406020.877423,27,7155.224828
4904689.969246,79,7156.709918
5174287.020047,61,7157.879126
-503164.966828,5,7157.979079
-573055.495747,7,7158.134301
-487614.009613,5,7158.224573
4161211.683799,57,7159.290749
4943220.45139,38,7160.028973
-466404.856541,5,7160.127131
-1091619.406399,14,7160.39372
-502629.832716,5,7160.490682
-473371.416252,5,7160.594498
-490299.586026,5,7160.691072
-487980.090141,5,7160.781742
4828082.022727,40,7161.564958
5310407.110114,34,7162.21829
5413174.898337,28,7162.745435
-718045.099985,9,7162.915043
-494047.665908,5,7163.006041
4489110.142678,48,7163.902385
-742416.327523,9,7164.085016
-562086.466453,7,7164.216305
4394271.623059,47,7165.120749
-643372.978026,7,7165.254243
-474870.914533,5,7165.348337
-796488.327369,10,7165.530084
-483121.098824,5,7165.619333
-494977.664873,5,7165.714321
5138207.994342,36,7166.405372
-850536.200226,10,7166.599497
-489244.36771,5,7166.698247
-481821.115185,5,7166.787055
-503082.874483,5,7166.883001
-500986.641637,5,7166.974936
-494824.283252,5,7167.072641
-488184.502684,5,7167.168977
-478328.077326,5,7167.259564
4928860.402534,38,7167.957044
-693643.153407,8,7168.108323
-486227.146318,5,7168.217697
-501423.788217,5,7168.314386
-740839.450621,9,7168.483753
4925031.369246,39,7169.229074
-498170.406653,5,7169.332085
5357515.218079,33,7169.968412
5208507.606307,35,7170.641371
-628712.587552,8,7170.792805
5404734.288786,31,7171.380407
4308889.070226,49,7172.275459
-882659.963463,11,7172.465389
5444180.536337,54,7173.435333
-657867.601481,8,7173.574059
5155952.683258,40,7174.301978
-486949.690619,5,7174.392675
-499794.472809,5,7174.489386
-943796.077664,11,7174.701136
-471282.39448,5,7174.804112
-559767.17179,7,7174.937437
5404068.682237,27,7175.440604
-455242.540892,5,7175.535268
3741407.967052,57,7176.622222
-482307.392851,5,7176.713042
4604331.110414,49,7177.671099
-491932.597327,5,7177.762258
5348745.077442,40,7178.470542
-747258.746383,9,7178.62796
-475906.800666,5,7178.712919
-496689.037568,5,7178.798478
-1202751.213359,15,7179.058741
-499069.393102,5,7179.161406
4930079.63604,40,7179.870305
5088809.351796,37,7180.549551
-502465.827607,5,7180.648749
4894714.962608,44,7181.482301
-498028.607183,5,7181.573292
-613087.884177,7,7181.712818
-1067861.003554,14,7181.973489
-748252.915506,9,7182.142698
-783529.482216,9,7182.322462
-760555.715648,9,7182.506601
-484673.535275,5,7182.59873
-496283.998656,5,7182.698253
5270929.628816,33,7183.275917
-728692.389544,9,7183.431871
-489133.566377,5,7183.527081
-879360.805077,11,7183.724756
-489402.969321,5,7183.815437
-652546.783788,8,7183.961265
-678190.564439,8,7184.100382
5415296.168956,25,7184.572863
-483202.611263,5,7184.657927
-485515.155693,5,7184.754655
5333190.532861,37,7185.458186
4326710.732282,50,7186.421382
-485530.070641,5,7186.518534
5599244.394311,50,7187.4512
-781586.468246,9,7187.627337
4630750.108394,44,7188.481632
4759210.878737,43,7189.307912
-488343.869961,5,7189.396416
4892532.280514,41,7190.208766
4227660.87498,49,7191.166191
-502270.393318,5,7191.266424
-494659.027849,5,7191.360265
-496305.517111,5,7191.456761
5109469.71586,64,7192.675342
-761222.075825,9,7192.844928
-1030155.076059,13,7193.099077
-915881.852469,11,7193.305039
-499181.541041,5,7193.402232
5392205.675186,40,7194.14225
-710141.183459,8,7194.286945
5024076.56967,40,7195.038496
-496333.960621,5,7195.13575
-487267.725511,5,7195.232249
-467302.302892,5,7195.329072
-463960.392932,5,7195.423254
-658637.514478,8,7195.577968
-488378.204224,5,7195.674475
-498178.010902,5,7195.765311
-503114.642718,5,7195.862469
-794493.246486,9,7196.031896
5325142.574997,42,7196.837964
-859548.266183,10,7197.031443
-503446.172896,5,7197.123081
5144645.434389,39,7197.866671
-502703.726368,5,7197.959759
-856735.98958,11,7198.159259
-818479.050062,10,7198.346844
5246416.08092,40,7199.153486
5299771.527086,36,7199.862535
4961763.100471,37,7200.571542
-720724.450438,9,7200.743159
-557995.485466,6,7200.855895
-692652.993867,8,7201.013222
4455641.043955,45,7201.886142
4762075.890707,45,7202.746606
-479803.194279,5,7202.843362
5620947.943951,44,7203.686926
5462732.129229,47,7204.625598
-502233.398156,5,7204.734057
-557239.060191,7,7204.867373
-563789.031917,7,7205.001222
-852550.799447,11,7205.206795
-509764.316728,6,7205.321953
4882722.569815,39,7206.049495
5157329.384483,38,7206.770441
-787151.076427,9,7206.934021
-523774.138994,6,7207.042997
-694284.141669,8,7207.194629
-487083.962801,5,7207.29174
4952930.613832,38,7207.997124
-486575.224812,5,7208.085146
5186949.294166,34,7208.733638
-494216.292009,5,7208.824539
-481475.444112,5,7208.915817
-785972.476657,10,7209.099359
5101747.141438,40,7209.818655
5017878.363241,39,7210.51545
-606584.52173,7,7210.654599
-578090.193685,7,7210.775684
5240260.119933,37,7211.442422
5574946.797779,48,7212.315478
-460945.324772,5,7212.406711
-524762.522545,6,7212.520983
-476341.431151,5,7212.61226
4299124.17463,63,7213.818293
-681611.78185,8,7213.969689
-489216.388545,5,7214.066478
-770922.41086,9,7214.236052
5181761.57533,33,7214.835882
-720313.347467,9,7215.011769
-621296.621012,7,7215.145378
4380749.937302,53,7216.157443
5245028.240644,36,7216.829586
5454977.21655,34,7217.441817
-599345.034849,7,7217.562838
4697260.867784,42,7218.302096
-705159.143926,8,7218.447943
5240551.817912,36,7219.083925
-484747.61231,5,7219.180866
-502950.62436,5,7219.271716
6118699.268758,84,7220.848271
-892130.751774,11,7221.054323
-492043.274975,5,7221.156954
-498800.966397,5,7221.253218
4957261.317482,46,7222.113815
-1061295.765,13,7222.362638
-495262.87171,5,7222.456526
-767614.616794,9,7222.623324
-835491.553042,10,7222.805838
5840083.837022,64,7223.938848
5460644.875769,29,7224.446739
-1373589.582547,17,7224.743778
-483264.434828,5,7224.833355
5319306.349234,41,7225.574172
-488290.379819,5,7225.66521
4839065.7862,46,7226.532361
4044126.560385,61,7227.677016
-649004.994195,8,7227.828562
-488371.005871,5,7227.928051
-449981.504774,5,7228.022836
5397525.017505,32,7228.632641
5764433.113612,43,7229.45324
5424895.481679,25,7229.918963
4128741.632789,55,7230.973477
-485858.024686,5,7231.064863
-490731.011059,5,7231.161368
-492098.620447,5,7231.252693
5379187.334397,28,7231.779377
5256668.362259,43,7232.610386
5386649.125454,40,7233.379204
-498826.636932,5,7233.470016
-620397.709876,7,7233.609808
5045689.561142,36,7234.306299
-480392.125308,5,7234.397172
5349866.509833,40,7235.130539
5391492.592432,32,7235.736364
5595717.12842,55,7236.767047
5475703.808902,31,7237.37926
-487616.589808,5,7237.475728
-676531.78382,8,7237.625828
-702323.570064,9,7237.782856
-502891.564909,5,7237.863706
-721041.252432,9,7238.022241
-730165.234589,9,7238.179007
-482862.322259,5,7238.269387
-495679.416999,5,7238.354301
-125092.548066,7,7238.482281
4856414.414468,39,7239.163348
-501701.096191,5,7239.255438
-492368.21304,5,7239.342937
-491212.981764,5,7239.433605
-632884.3574,7,7239.560299
-818628.785129,10,7239.740541
-696073.657712,8,7239.881957
-498007.585068,5,7239.978557
4944146.645005,43,7240.802427
5202086.39457,44,7241.659116
-895147.753299,12,7241.881431
-472088.206594,5,7241.972149
-497686.844434,5,7242.075123
-487561.458427,5,7242.168097
-496060.510388,5,7242.269406
-487697.1032,5,7242.373409
-478832.153468,5,7242.478047
-479503.079548,5,7242.572358
5269408.052513,44,7243.365847
5397853.092929,36,7244.002446
-891460.104327,11,7244.214754
4926807.999393,43,7245.020298
5199629.327927,36,7245.723668
4960463.411915,42,7246.547201
-480680.18649,5,7246.64233
-685681.415383,8,7246.789656
-647414.610636,8,7246.938788
4948734.815148,40,7247.711265
-1082846.677418,14,7247.981852
4974541.322177,39,7248.733262
-494104.992173,5,7248.831792
-493067.390776,5,7248.928121
-649372.415181,8,7249.07486
-957574.802754,12,7249.30452
-494164.104721,5,7249.402821
5202128.852994,37,7250.113898
5360340.661795,30,7250.694381
5578380.574241,71,7252.019831
5330304.945564,31,7252.627861
5051483.640583,36,7253.308228
-603430.296578,7,7253.438931
-829679.398159,10,7253.63127
3386188.271439,65,7254.85654
-994028.660718,14,7255.1104
-1139999.99503,14,7255.382636
5434976.420885,27,7255.885589
5409932.824607,30,7256.471816
-492342.473652,5,7256.570673
-478707.205607,5,7256.661642
-480571.520065,5,7256.765487
-479558.211967,5,7256.85598
-997971.789763,12,7257.085629
5313971.455001,34,7257.734099
5371730.413352,36,7258.432148
-464051.059031,5,7258.522188
-495562.354128,5,7258.612803
5181852.266515,45,7259.460916
-482283.056459,5,7259.551897
5346491.957049,41,7260.333906
-499331.686143,5,7260.424999
-487932.258117,5,7260.527738
3876100.756726,53,7261.545518
-668292.547285,9,7261.709103
-492463.275314,5,7261.800544
-492719.083202,5,7261.897426
-779603.714055,10,7262.096964
4446645.390695,44,7262.936013
4969484.968627,39,7263.673347
-1075969.379279,13,7263.915518
-726039.625503,9,7264.084808
5230552.38082,35,7264.733362
-498816.424589,5,7264.817992
-500764.729832,5,7264.921502
-492284.058541,5,7265.021126
4808005.697114,41,7265.842105
5408603.447591,26,7266.327003
5448495.538582,30,7266.848688
5327892.975374,35,7267.45401
-471431.984892,5,7267.544887
5336849.439919,38,7268.230181
-1383594.546289,17,7268.557361
-715855.813749,8,7268.70825
-490557.124079,5,7268.793562
4977832.039302,44,7269.696384
4897759.21331,40,7270.487577
-516563.914687,6,7270.623636
-482331.783197,5,7270.726778
5401665.444526,28,7271.272073
-502822.603075,6,7271.387488
-494542.475315,5,7271.483629
5227027.302947,34,7272.108327
5407787.539279,28,7272.659421
-729659.56888,9,7272.829103
-491684.378628,5,7272.915359
4180859.76549,56,7274.018033
-494647.795915,5,7274.107721
-677662.701928,8,7274.259857
5364079.720835,35,7274.925898
-521155.21319,6,7275.033141
5394601.827004,27,7275.538385
-458693.811999,5,7275.635935
-756571.764317,10,7275.835149
-503265.014572,5,7275.936138
5455743.43157,36,7276.604328
5300970.844748,43,7277.458837
-1377574.887478,19,7277.847397
5355789.519189,41,7278.598647
-608342.955495,7,7278.732183
4593362.402167,72,7280.034275
-497502.840111,5,7280.119056
5283943.136317,33,7280.737837
-557594.494862,6,7280.847562
-468342.063986,5,7280.947822
-491149.031576,5,7281.054694
-841053.088069,10,7281.270973
5175222.129572,32,7281.906788
-492910.553487,5,7281.997684
-500337.474572,5,7282.09521
4475502.966268,47,7283.228384
-493108.617584,5,7283.343788
-791539.355997,10,7283.586101
5620640.295676,52,7284.666373
-482934.321595,5,7284.754985
-483333.090133,5,7284.846187
-1032229.002544,13,7285.06394
-524449.133664,6,7285.173074
-887603.416818,11,7285.371304
5674293.885711,67,7286.562759
-499709.53269,5,7286.670399
-474875.754413,5,7286.761458
-493780.706193,5,7286.877957
-482260.851009,5,7286.973299
-481696.50573,5,7287.058103
-896438.865853,12,7287.270348
-494455.71101,5,7287.36075
-841929.825942,11,7287.561043
-1220708.063388,15,7287.83369
-496101.493774,5,7287.924408
-488232.020672,5,7288.021219
-569807.674079,7,7288.154685
5230583.057074,33,7288.779109
-634196.223318,7,7288.900445
-782041.663905,9,7289.065936
4445779.810611,47,7289.90033
4492435.894305,50,7290.960794
-450912.597898,5,7291.05806
-480159.839054,5,7291.148884
-730697.276013,9,7291.312493
-622585.099597,7,7291.432938
4243345.514822,51,7292.39661
-494980.333006,5,7292.494307
-485929.838,5,7292.578754
-1129609.452516,15,7292.887822
4999161.523154,39,7293.860836
-511672.90867,6,7294.023263
-761222.84742,9,7294.246336
4966357.243316,40,7295.052095
-772874.150151,9,7295.224548
-1057076.701494,13,7295.48212
-777787.472422,9,7295.644943
-482570.671409,5,7295.749188
5328263.87816,32,7296.37148
-500969.843284,5,7296.464364
-491658.812885,5,7296.564762
5348987.487769,40,7297.336057
-493486.919688,5,7297.433645
-965507.622875,12,7297.650373
-488764.648905,5,7297.742553
-807075.931155,10,7297.927866
-727735.480842,9,7298.0956
-488804.710241,5,7298.189136
5424939.463823,30,7298.772382
-487190.578238,5,7298.869302
5043182.204556,40,7299.626595
-418055.407121,5,7299.720672
-482205.234212,5,7299.814572
-857227.139106,10,7300.006075
5024013.631244,38,7300.809906
-490289.373374,5,7300.926618
-858316.457866,10,7301.143846
-883804.290626,11,7301.360064
-769468.075978,9,7301.531029
-1082505.151928,13,7301.774308
-499675.034887,5,7301.877217
-1043957.712906,13,7302.102289
5365750.127402,35,7302.742684
-744272.811828,9,7302.907798
-495289.769762,5,7302.995987
5155874.144513,34,7303.609141
-619935.541891,8,7303.75234
-576372.803465,7,7303.887703
5514772.167834,46,7304.786258
-477120.010202,5,7304.877991
-634070.315536,7,7305.002472
-502636.11418,5,7305.089185
-490347.215092,5,7305.180442
-497630.616989,5,7305.28403
-765923.461846,9,7305.438008
-866438.844961,10,7305.615612
-731309.063534,9,7305.770844
-616654.813892,8,7305.916917
5246991.431117,56,7306.938416
-812196.044046,10,7307.130189
5315718.430053,35,7307.77791
-492288.408851,5,7307.869559
4154879.189468,50,7308.801741
5387736.868142,35,7309.451258
-494540.307521,5,7309.546535
5416162.436357,24,7310.060786
-485867.360078,5,7310.152042
-498007.599142,5,7310.251793
5169571.622077,39,7311.087231
-491006.267116,5,7311.193458
-769890.992053,10,7311.37719
5214598.573148,36,7312.063631
-734341.412161,9,7312.232255
-612581.003008,8,7312.391723
5268605.310225,47,7313.236062
4252866.178221,51,7314.414981
-561729.184415,7,7314.576277
5389838.253027,91,7316.523853
-748014.388863,9,7316.707407
-767385.745607,9,7316.899064
5023836.621237,41,7317.719347
-670592.976655,8,7317.878141
-666529.368933,8,7318.03379
4756981.867805,42,7318.903291
-713397.275621,8,7319.067618
5343648.925454,34,7319.831462
-495151.183774,5,7319.933995
5319989.653945,30,7320.61116
4833532.48655,69,7322.004289
-717344.166722,9,7322.202085
-500114.844299,5,7322.320696
-473141.014899,5,7322.413282
-839882.077284,10,7322.582137
5352799.157361,62,7323.73724
5300283.29059,37,7324.416029
3683884.980478,57,7325.503893
-493933.431966,5,7325.59314
4882419.763774,42,7326.367646
5073394.28379,39,7327.159056
5754885.304267,75,7328.553172
4254705.900659,51,7329.494867
5027863.206712,40,7330.229254
5399783.868729,33,7330.865304
5093799.717008,39,7331.612906
-648918.67383,8,7331.778094
-606311.919576,7,7331.92468
4986763.394831,43,7332.800167
-789469.590234,9,7332.968836
-719444.675467,8,7333.128671
-502469.336342,5,7333.229549
-552828.138334,6,7333.351781
-484192.933394,5,7333.439948
5464915.42976,34,7334.058817
-500066.538584,5,7334.148062
-641065.755828,7,7334.273461
4979409.758311,37,7334.963901
-495018.272203,5,7335.06128
-495026.136955,5,7335.156054
-495565.958692,5,7335.248981
5122507.655041,37,7335.922503
-577962.779285,7,7336.060247
5036666.262481,48,7337.030482
-619844.706079,8,7337.185621
4934237.317015,39,7337.975258
-932261.080454,13,7338.240505
5205235.680519,34,7338.87387
5437875.169869,28,7339.401082
4846994.190452,43,7340.202538
-488085.867216,5,7340.296309
-946544.003477,12,7340.513141
-488646.796558,5,7340.605761
5408955.846193,33,7341.232125
5532680.868258,35,7341.8964
-478831.179378,5,7341.985633
5406277.093839,32,7342.625012
4155570.838594,49,7343.598057
5412565.620789,31,7344.249095
5203075.21337,33,7344.838564
-492182.573196,5,7344.931234
7140991.882172,180,7348.305968
-484633.745661,5,7348.40594
-471098.070504,5,7348.504689
-848490.541745,10,7348.708575
-738823.90891,9,7348.875688
5272332.537578,33,7349.506005
5115579.27636,36,7350.216342
-492165.129528,5,7350.318957
-958762.65834,12,7350.554745
-456541.266126,5,7350.647208
-485419.281729,5,7350.755349
-697269.693193,9,7350.923827
5426328.591875,23,7351.353301
5426865.64199,27,7351.874445
5294839.39203,40,7352.629324
-494740.097356,5,7352.72289
-823952.060753,11,7352.929126
-597069.791753,8,7353.104909
-478027.145112,5,7353.201871
-622236.182133,7,7353.329003
-487753.998836,5,7353.4138
-601992.164134,7,7353.535339
5367567.065264,33,7354.116798
5170169.517982,37,7354.776985
-499912.704993,5,7354.870609
-546502.301811,6,7354.977513
-494436.69711,5,7355.069395
-762740.7378,9,7355.232356
-589534.076287,7,7355.365305
-491765.686633,5,7355.455785
-482424.770559,5,7355.540869
-494157.756113,5,7355.63537
-570063.408819,7,7355.769516
-513230.942292,6,7355.888336
5416216.154961,29,7356.449565
-965488.073581,12,7356.670331
-485499.598242,5,7356.76485
4087246.558641,53,7357.819131
-809307.383925,10,7358.00698
-824770.368318,10,7358.195323
5374150.400848,30,7358.770736
4062961.275602,50,7359.736511
-448008.985045,5,7359.832165
5063488.639477,52,7360.831561
-874090.607605,11,7361.031359
-478823.757644,5,7361.12809
5999254.042623,78,7362.589252
5032451.596432,37,7363.260892
4908505.57699,42,7364.037293
-877538.806723,11,7364.242687
5267778.515067,32,7364.854679
5374584.398665,30,7365.430774
4902973.898578,39,7366.175722
-484124.793516,5,7366.273311
-490801.412047,5,7366.375669
5348907.971165,30,7366.94545
-620897.976161,7,7367.072906
-799324.342906,9,7367.248379
-470819.575325,5,7367.34576
5307188.926845,43,7368.145282
-502006.131104,5,7368.237444
-814676.210982,10,7368.430032
-646455.571339,8,7368.581814
-481622.814583,5,7368.678508
5281459.618579,35,7369.347936
5012053.990849,39,7370.072498
-495198.551459,5,7370.163488
3358710.46717,61,7371.339105
5246768.58248,37,7372.048006
5519102.877304,43,7372.865778
5168157.876813,37,7373.580897
-488884.646721,5,7373.677892
4651757.60385,43,7374.495955
5334575.730991,32,7375.070557
4563056.391686,46,7375.906132
-559049.374411,7,7376.035182
5108794.918474,37,7376.732723
-491350.252759,5,7376.83634
5065761.778536,39,7377.634963
5334739.850966,36,7378.308218
4864603.638694,74,7379.598694
-840877.11993,10,7379.77422
-710751.753748,9,7379.944675
-495111.77283,5,7380.047198
-483036.435277,5,7380.144339
-1367288.765399,18,7380.483521
-474390.753819,5,7380.592638
5681369.889369,57,7381.676889
4467877.779474,45,7382.480145
-455904.718472,5,7382.573719
-472181.977894,5,7382.664998
-500281.641437,5,7382.755687
-478998.388238,5,7382.847059
4926146.864343,39,7383.640635
-762822.595278,9,7383.81012
-1603251.106302,20,7384.173849
4731627.464417,42,7384.937253
-491676.715466,5,7385.028608
-481422.209654,5,7385.118952
-576610.106102,7,7385.246796
5022396.76861,40,7386.009854
-488052.753751,5,7386.113429
5664991.923802,51,7387.01581
-905226.633243,11,7387.246414
5322213.600122,74,7388.574336
-517334.280974,6,7388.682348
-494177.12423,5,7388.77332
5356909.306996,38,7389.468024
-811446.554884,10,7389.657788
4258067.863291,57,7390.71528
-494457.797578,5,7390.80791
5352859.766247,30,7391.324654
-1002600.699801,12,7391.539409
5002737.77634,37,7392.209452
5363406.660252,36,7392.869521
-1058597.235423,13,7393.137959
-819907.79518,10,7393.334298
5315720.360998,37,7394.033404
-824082.79655,10,7394.239632
-501344.099163,5,7394.33665
-484935.603372,5,7394.433095
-728297.445047,9,7394.602959
-494660.685931,5,7394.6941
-622307.295215,8,7394.844953
-1507543.852668,19,7395.190584
-460003.699865,5,7395.281688
-499775.706218,5,7395.37276
5443383.082402,29,7395.900079
-787233.944307,9,7396.051644
-495369.442314,5,7396.142381
-500692.427386,5,7396.22684
-720133.798646,9,7396.378618
-956435.8781,12,7396.590396
5402597.442385,27,7397.127482
5441272.091091,29,7397.651581
-473183.439182,5,7397.748782
5754022.779912,78,7399.196116
5038954.660815,36,7399.905444
-761619.520882,9,7400.069438
-482602.646782,5,7400.155308
-822045.682768,10,7400.32921
-491657.104796,5,7400.420658
-484601.605427,5,7400.505466
-486199.178572,5,7400.5958
-661096.648278,8,7400.729572
-785211.731494,10,7400.905394
5211468.312126,41,7401.626073
5177734.495334,40,7402.353261
4121101.659307,50,7403.317262
4855497.908588,43,7404.174458
-736629.92905,9,7404.343431
-653448.990966,8,7404.501879
-491890.67313,5,7404.590118
-793200.229319,10,7404.771849
5399512.482769,37,7405.450337
-1106525.671992,14,7405.726328
5331125.338087,31,7406.30428
5628864.817394,59,7407.444025
-501959.464333,5,7407.540991
5069404.751555,37,7408.250042
-462593.073856,5,7408.346953
-492872.437867,5,7408.45345
-487339.25416,5,7408.547285
4924618.252278,39,7409.263512
-506916.809,6,7409.370939
-1025687.053907,13,7409.601395
-486029.643731,5,7409.691818
-1266668.01022,16,7409.965303
5235245.206203,45,7410.776975
-488003.096169,5,7410.867769
-919957.535064,11,7411.068363
5340156.014322,40,7411.80073
5336108.612624,32,7412.401067
-490585.039051,5,7412.509775
-1051667.391038,13,7412.752646
4885673.033147,46,7413.618775
-620003.916006,8,7413.764047
-467206.040413,5,7413.867985
-501727.831755,5,7413.964026
4813347.176672,41,7414.72829
-484515.204863,5,7414.818993
-874107.6548,10,7414.996958
-494190.223949,5,7415.085505
-860056.003534,11,7415.279013
-496945.131313,5,7415.370278
-969602.472739,12,7415.594192
-486621.35615,5,7415.691599
-832768.777844,10,7415.879336
-496915.990829,5,7415.964263
-675175.99469,8,7416.115244
-765832.29149,9,7416.27512
-493166.48742,5,7416.364416
4917741.391595,41,7417.103599
4847363.000941,43,7417.921326
5294839.720613,41,7418.709027
-784313.580314,10,7418.890786
5195512.499232,36,7419.514913
-494607.649814,5,7419.618267
-1056100.374068,14,7419.863589
-495251.328869,5,7419.945222
5314709.459382,40,7420.65419
-489948.35372,5,7420.751172
-496405.306696,5,7420.842089
-754053.150854,9,7420.99395
5402648.635385,32,7421.635976
-1023390.071501,13,7421.866214
-494880.239429,5,7421.950981
-486031.491378,5,7422.039726
-669493.905808,8,7422.184325
-679586.494722,8,7422.327104
4642202.403542,46,7423.211903
-503011.331943,5,7423.296885
-615572.97862,8,7423.441929
5371261.8894,48,7424.308435
-877502.162923,11,7424.514331
-492795.107711,5,7424.605969
-462376.564389,5,7424.690119
5281163.590692,37,7425.35076
5098951.392566,36,7426.029443
-495613.505513,5,7426.120263
-629671.98133,7,7426.247696
5254236.018469,35,7427.00553
-1097875.800187,14,7427.265494
-490123.230473,5,7427.350566
-769859.486693,9,7427.520092
5208148.112927,35,7428.1201
-489577.659906,5,7428.21132
-497028.423125,5,7428.29581
5549136.874789,53,7429.229422
5409614.776268,28,7429.787076
-485438.519195,5,7429.871261
4644547.22234,44,7430.695864
-474550.759526,5,7430.79235
-485170.458943,5,7430.877269
-469404.170536,5,7430.968664
-726163.58753,9,7431.119552
-467368.516858,5,7431.210992
4505858.874792,46,7432.013731
5230773.373346,38,7432.707712
5235909.129766,32,7433.325448
-478085.236858,5,7433.410745
-608355.711148,8,7433.549977
-623399.363835,7,7433.670877
-783750.728353,10,7433.846723
-924333.440752,12,7434.065219
-498446.24216,5,7434.15146
5560459.553802,68,7435.361488
-556687.314017,7,7435.495494
-479371.288776,5,7435.589441
-473902.742636,5,7435.676583
5365568.495137,31,7436.25232
-473043.48268,5,7436.356045
-836201.463845,10,7436.545593
-480008.143633,5,7436.644059
-663576.958554,8,7436.791636
-484458.570016,5,7436.882589
-863616.993524,10,7437.064454
6639995.950548,132,7439.415977
-934493.282293,12,7439.650707
-618321.028717,7,7439.773118
-502599.550599,5,7439.864347
-717205.60221,9,7440.015563
-496823.652001,5,7440.100384
-918030.205976,11,7440.288598
-1282570.000241,17,7440.591564
-1081466.695088,13,7440.83973
-524717.141391,6,7440.943189
-845271.534194,10,7441.118898
5388099.943546,58,7442.173292
5300282.47977,34,7442.797463
-740636.691307,9,7442.973276
-488461.902479,5,7443.063944
-501889.903953,5,7443.148535
-792211.072835,10,7443.325009
5170884.611109,35,7443.936973
-704756.321952,9,7444.108197
-492887.338901,5,7444.190809
4260989.518319,46,7445.020919
4895706.109234,38,7445.706319
-496344.157399,5,7445.796951
-684469.853191,8,7445.948529
-754430.577674,9,7446.111779
-494813.708385,5,7446.203186
-461228.044476,5,7446.30011
-902886.899094,11,7446.512135
-1013186.45823,13,7446.74208
-503230.978231,5,7446.832925
5347987.902749,30,7447.414745
-489033.411297,5,7447.511816
-872085.293914,10,7447.712185
-953532.646716,12,7447.949812
-450761.296903,5,7448.039081
-488555.916266,5,7448.135796
-659236.715443,8,7448.287293
5093099.283151,39,7449.093783
5279168.147045,38,7449.753782
-895236.347163,11,7449.947718
-517684.55634,6,7450.051146
5364822.605005,30,7450.572214
-1662575.487728,22,7450.977988
5385875.832318,47,7451.887156
-918684.829874,12,7452.105794
5063707.854733,39,7452.81403
-885220.460891,11,7453.014041
5150647.51589,37,7453.814136
4467083.234147,48,7454.644523
5551415.743437,56,7455.607683
5562387.927236,55,7456.644357
4913104.488374,38,7457.316946
-867015.001323,10,7457.499002
-472703.171229,5,7457.583291
-590694.943982,7,7457.704731
5084492.92098,40,7458.395831
-747472.946682,9,7458.558889
4471767.488521,45,7459.370935
5388473.530849,26,7459.867979
4968664.439851,44,7460.686543
-558533.830798,7,7460.825431
-772830.48615,9,7460.989272
-502518.572946,5,7461.079886
-495817.86597,5,7461.170889
-831477.756033,11,7461.365029
-777346.799858,9,7461.522387
-1007734.947033,12,7461.734465
-459209.661656,5,7461.831559
-568220.23282,7,7461.958457
5208614.072258,37,7462.610681
-497544.993018,5,7462.692658
5316298.927273,29,7463.213316
5030178.727603,40,7463.958648
-771408.784333,9,7464.134562
5524012.661766,48,7465.085629
-600850.585357,7,7465.21648
5533892.267314,74,7466.612435
4447137.861428,62,7467.806665
-1097350.468618,16,7468.103555
-494074.295134,5,7468.200071
-455237.81429,5,7468.295844
5367905.328461,39,7469.016335
-490224.126642,5,7469.11562
5279830.54795,32,7469.745948
-486300.139345,5,7469.85717
5336077.756078,31,7470.435257
-569464.261653,7,7470.56948
5445703.074914,26,7471.066494
-512707.824164,6,7471.18223
5106896.772954,35,7471.822258
5375818.913994,37,7472.497298
-1547890.86094,19,7472.847969
-493778.062279,5,7472.936395
-482936.135814,5,7473.017608
-477233.349579,5,7473.108596
4900270.003854,37,7473.769632
-495352.020682,5,7473.860304
-512314.549141,6,7473.969602
-500368.604169,5,7474.067665
-707203.528906,8,7474.21185
-494577.043115,5,7474.302347
-1042909.297541,13,7474.533237
-710869.341409,8,7474.687399
5082682.9858,38,7475.375053
4544465.959147,64,7476.587815
-831046.443498,11,7476.811271
5408138.13816,32,7477.465812
-502143.72284,5,7477.556585
-736657.088301,9,7477.714161
-490718.978087,5,7477.811109
-1069605.842508,14,7478.053488
-928509.913728,12,7478.271763
-460149.175857,5,7478.356975
-584183.00237,7,7478.477781
5356170.9898,34,7479.071589
-502384.22196,5,7479.168871
5032350.513965,42,7479.932463
-461708.207416,5,7480.029359
5070676.586283,38,7480.72595
-877477.524014,11,7480.925929
-688352.553933,8,7481.071346
-481804.91196,5,7481.163212
5440848.040768,24,7481.623078
5342076.4958,32,7482.211571
-488610.277616,5,7482.315474
4880804.474155,42,7483.089601
-682108.000323,8,7483.222966
5363634.741089,32,7483.791377
-550468.02499,6,7483.895554
5035096.920972,39,7484.583091
-834680.325,10,7484.755768
3882236.593702,58,7485.798486
-497292.668774,5,7485.88382
-612460.012225,8,7486.034616
-490142.435378,5,7486.125326
4814250.222231,40,7486.882828
-623633.34029,7,7487.010387
-502999.302213,5,7487.101319
4547673.34109,44,7487.927608
-780742.246138,10,7488.125754
-765429.870116,9,7488.288659
5359649.082933,32,7488.88939
5446612.993965,28,7489.42239
-502368.927145,5,7489.513372
-734369.506505,9,7489.682679
5279797.514668,32,7490.300584
-833756.039728,10,7490.494493
-469664.935314,5,7490.59185
-1223428.569203,15,7490.858408
5313942.604933,34,7491.464534
-486809.239886,5,7491.554816
-502994.971249,5,7491.645906
-725243.844909,9,7491.803737
5133840.746554,39,7492.495116
-1156463.487257,14,7492.749413
5068384.484248,35,7493.384951
-572384.67727,7,7493.512592
-682782.49218,8,7493.657758
-494444.588388,5,7493.74848
5378126.109242,36,7494.385024
5418557.971299,27,7494.863668
-831313.524655,10,7495.033451
-686480.521767,8,7495.179387
-494123.261315,5,7495.26966
5862284.931125,50,7496.179249
5216170.884794,36,7496.821375
-500604.209407,5,7496.912317
5164273.586542,37,7497.591114
-498461.917554,5,7497.681607
5226848.96775,36,7498.362226
-495844.780284,5,7498.457604
5428919.923912,65,7499.669676
5390340.117482,32,7500.257515
-955051.114745,12,7500.487514
4476008.594595,46,7501.343146
-492242.843735,5,7501.446177
5342187.287192,39,7502.184206
4815728.293074,39,7502.929942
5451383.3271,28,7503.443875
-472966.168555,5,7503.529604
-491068.352135,5,7503.626564
5350146.331624,37,7504.272963
4870608.479274,49,7505.142789
-484906.933257,5,7505.232671
5290219.732991,32,7505.832045
5396467.569626,30,7506.401821
-474284.146466,5,7506.493562
-500445.094608,5,7506.589981
-743934.653744,9,7506.753514
-503195.558478,5,7506.840552
5570323.110343,57,7507.905246
-481754.733126,5,7508.001803
-817346.509324,10,7508.183751
-491077.846794,5,7508.280926
-764125.548566,10,7508.468548
-502813.025724,5,7508.553518
-490600.356742,5,7508.650699
-701727.099583,8,7508.795949
-492357.897815,5,7508.892225
4205412.060398,57,7509.983496
-1026122.356656,13,7510.226623
-502436.900877,5,7510.322964
4900873.700003,42,7511.116477
-916189.833533,11,7511.316583
-461993.7481,5,7511.416099
-495469.779933,5,7511.510688
5380883.753974,35,7512.189195
-1362980.375577,18,7512.536329
-794734.569305,10,7512.734677
-494312.280559,5,7512.825921
-874706.035824,11,7513.025698
-471087.44634,5,7513.118484
4893455.042597,40,7513.897804
-473016.062109,5,7513.989199
-477669.012035,5,7514.086805
4898213.007455,40,7514.843506
6134745.801318,84,7516.425109
5199185.252037,33,7517.061428
-967066.123888,12,7517.285299
-489864.868084,5,7517.376386
4469101.763125,68,7518.691141
4906365.337168,38,7519.406677
-866217.312466,10,7519.600542
-495769.927046,5,7519.697605
-493558.60098,5,7519.80006
-445477.572144,5,7519.89151
4928323.781661,44,7520.727727
-498140.317437,5,7520.818766
5502626.464617,47,7521.709477
4410644.040876,48,7522.624095
-472674.019918,5,7522.727055
-502580.719531,5,7522.824106
-803525.497167,10,7523.018349
-788268.42503,9,7523.200105
-486005.21168,5,7523.293879
-479478.307902,5,7523.382192
-508443.784128,6,7523.499149
5685235.508794,50,7524.435954
-764038.43071,9,7524.618018
5132454.809335,38,7525.331865
-494167.525903,5,7525.423999
-484527.554576,5,7525.521166
-873865.593185,10,7525.709077
-495650.45504,5,7525.80017
-493749.34896,5,7525.890412
5391503.817381,31,7526.475809
-490970.105105,5,7526.569001
-1095653.185249,14,7526.842146
-487406.496048,5,7526.94479
5437032.335583,32,7527.545223
-1106167.093143,14,7527.817333
4887376.829122,40,7528.587403
4846115.30695,44,7529.429683
4976832.411119,38,7530.156692
5447440.443535,33,7530.774598
-642103.013853,8,7530.926023
4486600.77286,49,7531.865397
5237299.627932,39,7532.614045
3448892.506608,62,7533.82307
-724014.399935,9,7534.005009
4829270.249164,42,7534.859003
-705636.68286,8,7535.010806
-489611.999122,5,7535.101337
5221316.670679,33,7535.731849
4311473.798655,48,7536.65273
-486748.637501,5,7536.755855
-605703.371698,7,7536.889047
-851621.246214,11,7537.119586
5018693.612801,37,7537.840855
5403261.13765,31,7538.38616
-497213.46012,5,7538.471037
-502573.758528,5,7538.571598
-482526.904759,5,7538.658949
-455331.710881,5,7538.7499
5378540.816373,31,7539.337224
5161945.812152,37,7540.058251
-798974.715341,10,7540.240437
-576685.428785,7,7540.37416
5372834.571904,31,7540.967654
-470297.428182,5,7541.064587
-487232.988977,5,7541.167704
-794690.050478,9,7541.343452
4039586.657826,50,7542.307662
4661172.866676,40,7543.070102
-462955.389582,5,7543.161258
-604324.413382,7,7543.288239
4347902.370033,49,7544.161155
5035691.239962,40,7544.900376
-849028.473471,10,7545.082
-890162.171338,11,7545.288292
-486157.123207,5,7545.386302
5401535.822781,31,7546.003685
-483506.813117,5,7546.100046
-810835.003938,10,7546.293928
-870271.849629,11,7546.500274
-494938.655196,5,7546.603252
5434879.098099,28,7547.136369
-442221.91053,5,7547.233962
-748223.448128,9,7547.409883
-474924.896152,5,7547.507861
4620329.579151,49,7548.43947
5105620.50562,39,7549.191139
-832338.572432,10,7549.38487
-623555.242532,7,7549.52201
-600344.987743,7,7549.65749
5365476.362258,31,7550.263251
-743024.859395,9,7550.441075
-813367.172391,10,7550.627115
-571719.893315,7,7550.760515
-483364.140219,5,7550.85777
-706472.525163,8,7551.015133
5124263.559433,40,7551.803556
4476878.679661,48,7552.700685
-509391.668085,6,7552.808798
2797210.508074,88,7554.487072
-722738.04762,9,7554.654633
-735375.319756,10,7554.850858
4153650.449313,51,7555.826632
-479660.75152,5,7555.923823
5373929.260484,29,7556.462456
-750842.568578,9,7556.641296
4791220.134227,40,7557.408178
-502338.030142,5,7557.512448
4533444.966785,47,7558.434258
5787063.298595,53,7559.438455
-461271.949204,5,7559.529402
5266355.511115,39,7560.287026
-473627.577045,5,7560.377668
5300507.07735,41,7561.165295
-806892.811209,10,7561.359243
4281315.875244,53,7562.40332
-480747.553843,5,7562.510499
5125326.383118,34,7563.170758
-885250.242092,11,7563.383233
5707530.748584,53,7564.419686
4968696.168628,44,7565.262978
-621185.593022,7,7565.404084
-733469.965571,9,7565.582666
-632500.490611,8,7565.746749
-465488.318723,5,7565.843175
-474079.40196,5,7565.93701
-495608.933972,5,7566.031538
-487280.740108,5,7566.122613
5403800.431569,30,7566.680136
5390562.179999,30,7567.237257
-497951.263831,5,7567.329232
5338180.519802,34,7567.994517
-708729.466947,8,7568.162409
-671724.611004,8,7568.321831
-487743.898446,5,7568.412515
-479480.812728,5,7568.52268
5471542.684275,66,7569.812584
-768904.759291,9,7569.976549
5311989.76789,33,7570.624494
-514664.828221,6,7570.74663
-871279.534644,11,7570.957979
4766403.425993,43,7571.764134
-500160.200341,5,7571.861021
-700453.416013,9,7572.03691
-498140.819775,5,7572.134083
4571194.591318,43,7572.977039
-480189.625708,5,7573.077227
-704672.823217,9,7573.236822
-489576.644255,5,7573.333749
-503008.901813,5,7573.424396
-987452.364661,13,7573.666769
-576178.500089,7,7573.806791
-497742.576406,5,7573.897293
5108386.560328,38,7574.581599
-589243.211479,7,7574.702776
-485715.050699,5,7574.800227
5165093.738282,30,7575.333115
-1080565.152774,13,7575.575943
-839029.504532,10,7575.794075
-866397.76143,11,7575.999576
5323375.206248,32,7576.600206
5080951.631449,37,7577.33568
5224836.739567,34,7577.99359
-824376.171986,10,7578.199455
-481100.289456,5,7578.296363
5379630.814219,37,7578.999692
-492253.494687,5,7579.096311
-495497.419431,5,7579.19962
5295775.510703,61,7580.387665
-487376.914027,5,7580.477902
-417552.193637,5,7580.579385
-490125.533748,5,7580.675148
5314711.032012,34,7581.320483
5351815.482721,29,7581.880642
4803986.89053,42,7582.689418
-495230.815714,5,7582.790962
5281183.607955,46,7583.651916
-485358.424198,5,7583.756575
-562468.504556,6,7583.8861
4443142.618106,47,7584.793296
5167864.637643,86,7586.435035
-492360.199453,5,7586.52575
-561297.665283,7,7586.659469
-479410.184108,5,7586.74982
-1127686.323752,15,7587.028785
5301979.70114,34,7587.687189
4863363.405719,41,7588.476959
-725489.494636,9,7588.647073
5115424.123236,37,7589.343532
3913773.385076,54,7590.398776
-476768.430605,5,7590.489575
4083192.124382,52,7591.510178
-503267.059535,5,7591.60385
5406463.737224,28,7592.15538
-485682.69283,5,7592.252891
4503888.990339,45,7593.134501
-1409591.215662,18,7593.476647
4679203.408722,43,7594.349044
-774001.834571,9,7594.524657
4992942.97628,36,7595.237467
-481236.91179,5,7595.331018
5341867.541032,37,7596.058163
4360134.603518,49,7597.021825
-495468.982433,5,7597.136838
4890785.287641,41,7597.921867
-738801.779081,9,7598.081827
-787597.758276,9,7598.239459
4390100.006952,49,7599.115073
-467326.170288,5,7599.209344
5453902.486654,57,7600.324504
5412179.889755,31,7600.960964
-489176.001487,5,7601.057678
-804366.190439,10,7601.251428
-490144.303915,5,7601.342543
-826453.195514,10,7601.536123
-702549.054207,8,7601.688093
-587614.935992,7,7601.827079
-477835.382666,5,7601.923878
-838084.569357,10,7602.117794
5846073.441471,56,7603.220607
-750205.832967,9,7603.381767
-496817.504003,5,7603.464065
4028357.301785,52,7604.420472
-492680.493022,5,7604.519362
-502240.502847,5,7604.608373
4480623.23657,47,7605.512166
-462928.531294,5,7605.617902
-936847.159927,13,7605.894043
-465697.306367,5,7605.996888
-493598.590929,5,7606.087399
-469739.168438,5,7606.185781
5399868.470481,43,7607.014497
5340452.77586,36,7607.694654
-938990.519201,12,7607.92856
5407879.535518,27,7608.441805
5409083.879269,31,7609.038168
-501732.266768,5,7609.129097
-580570.410771,7,7609.268493
4593570.445747,56,7610.322809
-828219.27242,10,7610.510855
-904332.393157,11,7610.723467
-1032922.231425,13,7610.977616
-489178.37725,5,7611.077119
5362552.634427,34,7611.710852
-791210.21485,10,7611.911226
-496185.640446,5,7612.007757
5310007.476285,37,7612.710869
-491773.363346,5,7612.807449
-1487741.598192,19,7613.171566
-478114.857198,5,7613.271666
-474841.726508,5,7613.370967
5707535.756286,42,7614.180672
4260910.462052,53,7615.189389
5263097.621236,37,7615.891952
-499780.905129,5,7615.9893
-509993.493436,6,7616.116328
-809501.83502,10,7616.304481
-459725.627837,5,7616.39521
-889534.99351,12,7616.619256
4257903.112501,51,7617.595586
5280131.632933,35,7618.279913
-461216.310069,5,7618.376799
-656215.396654,8,7618.534492
-496427.094917,5,7618.631113
-693965.824015,8,7618.788191
5124577.193563,40,7619.552412
-501560.19872,5,7619.655116
4981293.183627,38,7620.39579
-484625.644426,5,7620.497338
5026019.909975,37,7621.224936
4877716.247505,37,7621.958489
5384783.61333,42,7622.764295
-726577.005557,9,7622.939891
4482443.143173,43,7623.770246
-467607.816782,5,7623.873017
-471124.606375,5,7623.969877
-496474.57481,5,7624.068143
-473971.475192,5,7624.157914
-482874.771189,5,7624.249066
-522921.747893,6,7624.370148
-514650.611165,6,7624.479232
-498121.692702,5,7624.575723
-887924.79,11,7624.782434
5381985.850862,31,7625.36389
-489162.373898,5,7625.448861
-482141.673309,5,7625.545781
-934096.131527,12,7625.763959
-482406.576114,5,7625.85941
4976574.121303,38,7626.545846
5107933.615278,38,7627.230244
-493527.14375,5,7627.321648
-743632.165593,9,7627.485042
-725283.201964,9,7627.642421
-476462.326464,5,7627.740289
4806330.630216,43,7628.545566
-492597.516437,5,7628.642212
3790679.778021,58,7629.757345
-501185.710376,5,7629.854261
-652808.155989,8,7630.005358
5678868.631099,52,7630.993392
-932068.181177,13,7631.236179
4101514.26759,56,7632.320259
-489286.873934,5,7632.417378
5335821.208736,33,7633.06238
-969963.746373,12,7633.288175
-486820.352964,5,7633.386687
-710669.561266,9,7633.556689
-502413.786449,5,7633.659954
5160238.689999,39,7634.417469
-490442.279564,5,7634.510545
-492221.551332,5,7634.599146
5243580.603649,39,7635.362848
-502465.829783,5,7635.453769
-566916.542171,7,7635.586729
-643094.017854,7,7635.719953
-847047.005397,10,7635.920346
-502577.01963,5,7636.013648
-498684.97558,5,7636.107622
-499565.95128,5,7636.204609
-492218.778963,5,7636.295851
-1071164.4755,14,7636.563842
-757849.593064,9,7636.732189
5353569.039272,33,7637.353053
5051558.74522,39,7638.089539
-591622.024729,7,7638.222587
-767458.165715,9,7638.392516
-763108.225592,9,7638.58003
5588901.694182,51,7639.568625
-488991.17328,5,7639.661003
-494226.54756,5,7639.756059
5200276.632036,46,7640.63472
5158431.53608,38,7641.380391
-451247.744476,5,7641.478188
-475662.887236,5,7641.567705
-689262.417037,8,7641.719174
-854439.553281,10,7641.919808
-553423.939879,6,7642.039041
-600332.561454,7,7642.1678
-498430.162278,5,7642.265194
-489240.658771,5,7642.36161
-997987.680232,13,7642.605766
-502476.54429,5,7642.701874
4914637.049325,41,7643.482798
-495651.102334,5,7643.586138
5290423.980894,42,7644.39158
4267180.720654,50,7645.332872
5407618.125166,29,7645.887941
5625899.296547,58,7646.991254
-502659.962057,5,7647.094442
-473325.574247,5,7647.185836
4179690.850917,53,7648.191244
5333445.293807,42,7649.003808
-504441.821091,6,7649.118277
-487338.850265,5,7649.215584
5414244.177759,74,7650.621358
-479719.729165,5,7650.719318
-658200.167126,8,7650.870011
-489186.147039,5,7650.973459
-500567.266892,5,7651.063922
-502116.241071,5,7651.16273
-473384.143087,5,7651.257405
4920914.148124,44,7652.100598
5377999.685056,36,7652.803763
4154807.422245,50,7653.730211
-496770.364325,5,7653.820813
-497726.338612,5,7653.918078
-480565.91022,5,7654.00858
4044610.840491,55,7654.999165
-615189.292859,8,7655.149687
-650888.243047,8,7655.293312
5248028.704328,50,7656.220889
-685882.209761,8,7656.366447
4422104.753858,47,7657.271305
5216777.791983,34,7657.929937
5393052.050401,37,7658.645109
-500421.986611,5,7658.735309
-781459.833923,10,7658.929402
5239727.449727,34,7659.566319
-685743.161732,8,7659.720736
-833328.205448,10,7659.908465
-473386.525191,5,7660.001889
-835679.34118,10,7660.184038
-487311.844086,5,7660.281092
-502432.390366,5,7660.383554
4925372.136073,39,7661.141489
-488704.531413,5,7661.238449
-792051.502418,10,7661.414059
4818174.854614,44,7662.2268
4153288.145179,52,7663.195761
-459520.834456,5,7663.292655
-488511.940093,5,7663.383318
5158666.997894,35,7664.031669
-1018112.438635,13,7664.274276
-1257386.678488,16,7664.591445
-495454.856026,5,7664.686623
-502804.174313,5,7664.777187
-481184.376049,5,7664.889243
-502518.47125,5,7664.983204
-484860.650069,5,7665.087418
-750270.856934,9,7665.256282
4923014.0035,41,7666.056071
4209826.65267,52,7667.111561
-1115082.757065,15,7667.401327
4873944.547222,39,7668.178276
-488907.510894,5,7668.274114
-718341.199769,8,7668.4193
4244275.60342,59,7669.558672
-488396.605077,5,7669.649612
-495883.492269,5,7669.746512
-706676.86737,8,7669.904428
-489684.77972,5,7670.001242
5383832.360962,29,7670.564743
-487180.499198,5,7670.667227
-765178.685785,10,7670.851913
-496882.948619,5,7670.952646
5430613.561766,41,7671.770437
-494853.773966,5,7671.86937
5363500.367764,34,7672.552079
4790544.465589,40,7673.315855
-957832.126008,12,7673.546056
-482592.618723,5,7673.642669
-719871.073544,8,7673.80063
3959276.905861,56,7674.85973
-481944.287676,5,7674.958167
4310421.126443,51,7675.921324
5413852.510778,35,7676.594225
-1807464.631206,23,7677.038761
-1157805.528089,15,7677.327394
-936710.002313,11,7677.527078
5411310.199439,26,7678.042192
-486006.617407,5,7678.144163
-563694.352124,7,7678.278483
-478185.663045,5,7678.375439
4153485.993866,52,7679.357879
4858471.829276,43,7680.181704
4945198.22814,38,7680.902793
-495160.210756,5,7681.009611
-500393.503478,5,7681.102382
5092708.833662,37,7681.793266
-137686.219252,7,7681.927374
5049425.383328,75,7683.356729
-491540.749649,5,7683.453907
4294177.240946,56,7684.520281
-740393.257441,9,7684.696764
4479024.836887,48,7685.611316
-502845.750835,5,7685.714365
-502390.526639,5,7685.811962
-979651.122006,12,7686.041519
5191615.498901,36,7686.726763
-481290.756536,5,7686.816867
-484447.021054,5,7686.915294
4946831.647408,38,7687.628913
-497470.447816,5,7687.720308
4820070.330016,41,7688.471544
-782990.492023,9,7688.634119
-471805.112172,5,7688.720099
5361183.445174,29,7689.25355
5209753.854625,36,7689.908148
-691660.287109,8,7690.053231
5239178.625443,33,7690.671426
-959225.170443,12,7690.910727
-473602.315949,5,7691.005196
-477497.878529,5,7691.100625
-459409.211414,5,7691.192411
5299387.405954,36,7691.901117
-617775.27792,8,7692.05336
-494746.557432,5,7692.156238
5398205.724472,29,7692.717069
-490243.967384,5,7692.810349
-487476.957266,5,7692.901646
4915508.688814,37,7693.604411
-501322.843592,5,7693.694871
-734562.827106,9,7693.871476
5055707.414594,35,7694.603861
4569901.179562,43,7695.488695
-517739.213025,6,7695.604119
-783211.265855,9,7695.798152
5334989.024559,40,7696.591704
-630252.791974,7,7696.737502
-738042.669705,9,7696.925051
-481019.88129,5,7697.022299
-484846.428162,5,7697.119178
-480693.970396,5,7697.216179
-633904.573834,7,7697.355456
5209357.906229,36,7698.058193
-492244.282144,5,7698.155292
4705795.7482,50,7699.161318
-499438.882523,5,7699.264647
-487463.384606,5,7699.373075
-941874.240376,12,7699.612935
3915337.721618,53,7700.616105
-488669.53787,5,7700.706518
-734968.604446,9,7700.882291
5345739.980743,33,7701.506675
4982683.72126,40,7702.251515
-500129.711725,5,7702.355531
-500884.08889,5,7702.451596
-502726.695208,5,7702.548484
5424192.2143,26,7703.041613
4303043.471762,52,7703.978517
-493255.693445,5,7704.063355
-1448664.849638,18,7704.403122
5412166.51592,28,7704.911984
-753176.989079,9,7705.075679
-490885.122791,5,7705.166502
-479611.93687,5,7705.257485
5208261.111582,34,7705.887336
-737382.303999,9,7706.057189
5939561.572789,65,7707.29354
-497846.454948,5,7707.38422
-493917.491166,5,7707.475354
-629957.800744,7,7707.60851
-689083.99379,8,7707.766469
-677381.21929,9,7707.947839
-605816.599278,7,7708.081416
-502403.029506,5,7708.184345
5401483.600808,27,7708.699482
-503111.184598,5,7708.79137
5231422.015997,34,7709.450841
-1475359.172184,19,7709.796593
4998335.966725,38,7710.523504
-947010.842695,13,7710.759837
-839992.040272,11,7710.978348
-840756.984249,10,7711.181463
5233944.287261,63,7712.372176
-826263.078176,10,7712.55365
-495357.112722,5,7712.644306
5419174.012832,36,7713.323148
-521346.797696,6,7713.43792
-491072.97947,5,7713.529219
5160281.773283,37,7714.256258
-611997.672899,7,7714.383817
-519005.258132,6,7714.49796
4992324.148353,64,7715.689251
-492289.488454,5,7715.777134
-664885.202277,8,7715.934616
5010189.785597,39,7716.662392
-451749.67317,5,7716.765372
-498295.63917,5,7716.856299
3977088.931081,57,7717.91048
-815690.569774,10,7718.080285
-496233.923945,5,7718.170819
4828165.760085,39,7718.855867
4943543.605674,39,7719.564974
-836816.260958,10,7719.740354
-1052456.024574,13,7719.982712
4886300.346715,40,7720.709991
5416433.291112,24,7721.182941
-486821.717826,5,7721.274093
5389213.844254,34,7721.928579
-499648.432475,5,7722.027183
-621103.356929,7,7722.158909
-448043.509428,5,7722.260679
-815665.53362,10,7722.468885
4929731.000621,37,7723.188744
-627035.047502,8,7723.340213
-672322.04148,8,7723.491599
5462253.521021,31,7724.079418
-736758.205822,9,7724.249267
-845368.302737,11,7724.473692
5192362.425141,36,7725.158037
5338162.032345,32,7725.769889
-470893.693753,5,7725.867571
-875210.854738,11,7726.079055
-983681.559178,13,7726.334129
-675112.077151,9,7726.507198
5330540.613677,43,7727.315214
-809896.978494,10,7727.497073
-124090.798277,6,7727.61213
-502167.036276,5,7727.703455
4306760.374054,49,7728.636301
-502457.431474,5,7728.727222
-712749.998103,9,7728.896755
-769672.106247,9,7729.066744
-502403.804808,5,7729.158374
4470286.573686,48,7730.090827
4383447.670359,68,7731.369396
-491879.234131,5,7731.467865
-493710.125593,5,7731.557478
-618061.161478,7,7731.704291
-501877.917197,5,7731.793158
-488726.218986,5,7731.890759
-489581.090669,5,7731.993847
-476181.552833,5,7732.090618
4990559.674764,52,7733.127137
-733120.090909,9,7733.296576
-706338.532281,9,7733.460017
7165592.501177,146,7736.248026
-937642.542122,12,7736.46567
-1126332.391649,14,7736.73882
5311675.756808,33,7737.381432
5081398.493896,35,7738.077706
5317766.640642,35,7738.750492
-937083.685577,12,7738.980538
5389409.511822,27,7739.526236
5181595.33197,34,7740.168928
5556113.479892,37,7740.885985
-451675.794583,5,7740.980406
5370322.536227,30,7741.544336
5267322.838523,34,7742.204741
-496537.865805,5,7742.295473
-494138.111943,5,7742.392766
4998962.072279,37,7743.095936
5266333.82928,36,7743.786459
-1443024.56997,18,7744.131692
5287259.653403,31,7744.725456
4545005.017488,44,7745.556528
5411367.496644,35,7746.216375
5308277.10745,33,7746.840494
-496628.525591,5,7746.937758
-486082.234885,5,7747.040735
5332546.101716,35,7747.694948
-465945.725422,5,7747.78598
4929515.314994,41,7748.573252
5201627.120848,33,7749.203522
-475224.829618,5,7749.306834
-484785.04024,5,7749.407827
-484355.511226,5,7749.513028
-479732.49011,5,7749.61569
-989931.93759,12,7749.845776
5328064.620289,35,7750.518804
-489369.590226,5,7750.621866
-477668.726464,5,7750.727858
-502635.540815,5,7750.827659
-487287.296665,5,7750.924558
5573331.942471,56,7752.027801
-491748.586855,5,7752.118566
5416077.885612,28,7752.645637
-484469.803541,5,7752.736744
-494363.042673,5,7752.827313
-668124.520838,8,7752.984878
-774324.382184,9,7753.161534
-686180.149495,8,7753.312167
-495736.062086,5,7753.403512
5408565.775942,26,7753.918191
4920768.695857,39,7754.664045
-608422.044768,7,7754.79692
-502740.467544,5,7754.893821
5260234.329823,33,7755.512133
5134410.935057,36,7756.184596
5524646.84396,50,7757.1303
-499194.43673,5,7757.226768
-494744.811478,5,7757.32847
-502979.506953,6,7757.439298
-502420.722882,5,7757.536366
-665181.65303,8,7757.689617
-486223.43137,5,7757.790912
4498405.74567,45,7758.65499
4796333.162058,45,7759.482648
5366243.868187,36,7760.132525
5386529.488602,31,7760.699149
5179420.583357,33,7761.305645
-482724.556742,5,7761.395951
-574687.907752,7,7761.523219
-729677.41388,9,7761.699385
-482638.141277,5,7761.794726
-786603.220059,10,7761.98421
5324578.740412,33,7762.642826
-466761.085665,5,7762.748516
-500857.704564,5,7762.851047
5417960.578422,26,7763.353425
4683302.930492,44,7764.214599
-978469.813408,12,7764.445018
-502900.600075,5,7764.547783
5276263.822666,36,7765.244647
5099998.076867,34,7765.874212
-482653.978571,5,7765.977309
-989932.416217,12,7766.213714
4604927.732429,56,7767.304829
-488512.101233,5,7767.395256
-748961.994254,9,7767.571183
-502391.649303,5,7767.662007
-500099.279691,5,7767.765368
5109467.02397,35,7768.438125
-492686.056468,5,7768.534682
-497558.882985,5,7768.631646
-494875.238113,5,7768.728954
-792884.749784,10,7768.9286
-489681.060836,5,7769.019692
-730470.938176,9,7769.196732
-480241.109649,5,7769.292202
-497401.758138,5,7769.389514
-1136205.483372,14,7769.656089
-746179.905024,9,7769.837471
4945876.270891,37,7770.546921
-495695.324392,5,7770.643448
-494808.840498,5,7770.734414
4296299.046312,48,7771.661579
-495317.827902,5,7771.758399
-482517.933951,5,7771.85585
-636610.26997,7,7771.995174
5408144.640029,26,7772.491804
-482619.256537,5,7772.595258
-487837.277555,5,7772.690376
-493495.899324,5,7772.788966
4043778.018607,53,7773.801226
5570718.084121,52,7774.794723
-496912.767809,5,7774.88883
4890457.660108,40,7775.638571
3852811.423093,56,7776.648659
5281159.652094,32,7777.272881
-491733.71651,5,7777.36988
4097882.93134,51,7778.297093
4291440.473555,48,7779.171114
4103298.358786,51,7780.145425
-488324.703312,5,7780.244875
-1343750.509255,19,7780.600349
-496353.414258,5,7780.691061
-787629.078,10,7780.884916
5343520.050179,33,7781.527559
5306034.494153,34,7782.18169
-1299329.687213,17,7782.533356
5108187.880827,38,7783.221501
-482674.262798,5,7783.310566
5405627.949043,27,7783.78162
5323920.99888,45,7784.603054
-896882.056484,11,7784.805675
-867517.219945,11,7784.999677
4369029.215291,48,7785.882673
-631790.363263,7,7786.011302
5978466.880412,73,7787.365277
-474186.903204,5,7787.459618
5634839.300925,62,7788.623524
-465819.398694,5,7788.714403
5417757.188539,28,7789.235518
-765785.992178,9,7789.407563
3683681.34567,55,7790.478006
-616595.276409,7,7790.61102
5268874.928734,36,7791.320114
-591847.650549,7,7791.45944
5431641.9212,27,7791.97938
5310257.529351,35,7792.667885
4700792.63168,41,7793.470396
-498765.033956,5,7793.562691
-488457.727808,5,7793.652878
-759499.788016,10,7793.840897
-1063213.519929,14,7794.101259
-785672.036051,10,7794.295917
5753230.805869,51,7795.270975
-484525.525539,5,7795.368125
4725591.783574,55,7796.410499
-927306.86642,11,7796.610129
-927858.465697,12,7796.828155
-485359.51868,5,7796.921882
5225493.4853,38,7797.616551
4997888.41532,38,7798.325681
4238665.041659,51,7799.337146
4060806.666017,57,7800.428056
-481675.681715,5,7800.525015
5016263.342672,40,7801.290745
-559141.239242,6,7801.4094
-493647.085046,5,7801.501198
-495227.753921,5,7801.598065
4914355.939649,44,7802.439965
-886966.017513,11,7802.666197
4539849.649483,43,7803.48868
-488197.757531,5,7803.591599
-662281.794007,8,7803.755668
-482653.715628,5,7803.858168
5274863.467083,50,7804.840004
5223306.866976,36,7805.579555
5157026.197927,37,7806.300448
4807402.558339,42,7807.112232
4054483.919727,51,7808.099549
4503068.433117,42,7808.930255
-785448.115822,10,7809.124132
5412152.026731,64,7810.372461
-669373.391278,8,7810.52437
-569801.949641,7,7810.652262
-857736.737549,11,7810.865128
-496411.055029,5,7810.972
-938406.46855,12,7811.220567
-711480.89441,8,7811.378634
4474445.478465,44,7812.202295
-503352.940695,5,7812.299103
4478025.514445,49,7813.250546
-487019.861699,5,7813.347865
-499198.903077,5,7813.44451
-503097.894024,5,7813.542117
-605196.224919,7,7813.67533
-952484.935404,12,7813.899094
-557241.048115,6,7814.014335
-480502.942599,5,7814.111578
-484592.90034,5,7814.202091
4322581.619677,71,7815.601935
5518388.726496,32,7816.226501
-503475.557608,5,7816.316988
4450208.080892,45,7817.159274
4971809.502118,41,7817.95218
-477690.576737,5,7818.050657
-449446.824983,5,7818.153355
5170853.689195,36,7818.855965
5219210.481377,35,7819.535657
5353055.373754,39,7820.28158
4556896.178904,66,7836.582081
-934172.931642,11,7836.781109
-891695.720256,11,7836.980929
4724502.988652,42,7837.762849
-779744.191369,9,7837.924572
-497026.028602,5,7838.011235
-486089.174333,5,7838.10254
-481049.827691,5,7838.193487
-415491.070948,5,7838.284442
5297157.622805,41,7839.017125
-496556.134495,5,7839.114477
-584759.21789,7,7839.229417
-1053881.417551,13,7839.466404
-1163925.463276,15,7839.733163
-501080.285242,5,7839.823809
-470959.61129,5,7839.914594
-499558.001914,5,7840.005853
-492125.31584,5,7840.090304
-489787.099982,5,7840.180794
-1095768.379068,16,7840.459442
-802401.889429,10,7840.641458
-564321.410549,7,7840.762701
-811638.527729,10,7840.950393
-503278.897554,5,7841.035233
-620380.102797,7,7841.174654
5405050.012844,29,7841.689796
-502676.836488,5,7841.78057
3921483.685739,55,7842.792979
4250748.233495,49,7843.683788
5737704.913114,56,7844.701432
-663984.967798,8,7844.847154
-852141.590422,10,7845.029288
-476108.612155,5,7845.125964
4917869.300993,39,7845.87754
5397061.615628,36,7846.598713
5112978.539443,34,7847.246652
-500383.458884,5,7847.34345
-788305.590075,9,7847.525796
-834318.932214,10,7847.719916
5255574.018314,33,7848.374308
-477670.332,5,7848.470836
-476156.761394,5,7848.561869
-143933.645557,8,7848.725518
-511642.363887,6,7848.843109
5324730.445564,54,7849.883061
-502808.896772,5,7849.98567
-713864.804016,8,7850.137461
5066707.344096,34,7850.804164
5090341.243856,36,7851.549452
-826299.51862,10,7851.743507
-470441.005781,5,7851.846032
-705456.329954,8,7852.004804
5218237.413925,47,7852.918603
-571880.478802,7,7853.058559
-493218.948207,5,7853.15502
-496377.948961,5,7853.252375
-482780.803331,5,7853.343496
-486394.153396,5,7853.446196
4080711.531325,53,7854.470359
-657471.255709,8,7854.621927
4481303.160876,47,7855.5304
-495112.051847,5,7855.62742
5642127.354475,41,7856.421426
-735210.320284,9,7856.60347
-460824.505043,5,7856.706408
-495734.444635,5,7856.803445
-488625.843261,5,7856.899927
5091492.77976,35,7857.566541
-493120.695452,5,7857.663859
-482671.370712,5,7857.754909
5394389.491548,63,7858.954435
-491652.420158,5,7859.051521
-480625.469707,5,7859.155245
-876820.286122,10,7859.346444
5381013.733081,33,7860.004871
-1018477.883315,13,7860.251082
5473293.092551,54,7861.29723
5245300.612211,30,7861.895736
-557566.163316,6,7862.012002
6058129.475235,63,7863.21492
5666858.441443,51,7864.183981
-490412.123468,5,7864.281409
-1057414.411556,13,7864.536271
-495647.423553,5,7864.62655
5126731.086495,35,7865.299464
-520526.040523,6,7865.414115
-664110.922388,8,7865.565755
5374560.50937,35,7866.232559
-479919.765558,5,7866.323969
-482684.998582,5,7866.420372
5446329.061545,29,7866.977695
5289437.223355,34,7867.625997
-749675.862815,9,7867.791987
-484103.744177,5,7867.880953
-791977.604797,9,7868.044424
-489203.633627,5,7868.135162
5406317.891027,30,7868.699142
4367052.849461,48,7869.580314
4511591.610187,47,7870.468315
-492080.222993,5,7870.559621
-871402.590373,11,7870.765363
-463338.106393,5,7870.857127
5125331.356492,33,7871.486161
-482821.941078,5,7871.583745
5361334.640414,49,7872.5193
-717158.560864,9,7872.692466
-494601.592852,5,7872.783037
-474853.73822,5,7872.880656
-695897.974124,9,7873.050071
5352351.424098,35,7873.753232
-469091.376143,5,7873.849977
5083821.094152,37,7874.716522
-728485.379416,9,7874.958874
-488248.311007,5,7875.080125
-502553.654707,5,7875.189622
-1160710.26934,14,7875.467519
-488497.168094,5,7875.569103
-500606.914649,5,7875.661982
-492630.642029,5,7875.775614
5486658.556391,51,7876.734105
4392709.455275,51,7877.661195
-501063.055074,5,7877.752055
-484400.427688,5,7877.836886
-492674.920283,5,7877.927861
5004975.948586,38,7878.624888
4898740.541342,39,7879.357992
-495411.276409,5,7879.455359
-498093.92948,5,7879.552623
-493971.736962,5,7879.643162
5066419.772576,56,7880.715411
-480493.889596,5,7880.806355
-501525.826381,5,7880.903483
4937630.109705,40,7881.688042
-785803.299954,9,7881.866749
5375667.619085,56,7882.957466
4964379.173778,39,7883.715001
5092738.283916,41,7884.496929
4107889.980032,51,7885.490522
4956575.854921,42,7886.308749
-495426.804549,5,7886.405649
-469544.081938,5,7886.50289
-495935.298286,5,7886.594727
-694003.245963,8,7886.751158
5386211.940204,40,7887.515539
-619596.007505,8,7887.666127
-502371.012481,5,7887.757342
-487020.881195,5,7887.85473
4904896.116083,39,7888.581257
-488303.66873,5,7888.672519
-557894.044832,6,7888.787304
-489073.749897,5,7888.890756
-488560.657318,5,7888.981188
4889437.826735,67,7890.248175
-699022.620784,9,7890.417705
5362934.578907,48,7891.332758
5086324.838396,37,7892.041367
5412950.288979,30,7892.629382
-523885.942118,6,7892.738683
-501512.558196,5,7892.829846
-498530.967908,5,7892.926371
-502994.357692,5,7893.017017
-487353.889702,5,7893.11466
-754420.658234,9,7893.289717
-781677.430185,10,7893.477832
5025039.577252,49,7894.410861
-720247.729494,9,7894.593106
-788336.073621,10,7894.786484
4835956.588459,38,7895.515928
-479583.552689,5,7895.604887
4942017.632938,45,7896.428758
5541376.108506,43,7897.226092
5240771.52287,35,7897.858879
-824903.338682,10,7898.040724
-476575.181027,5,7898.13484
-494334.913947,5,7898.222777
5625032.717603,59,7899.356179
-823967.382821,10,7899.537528
5222192.546652,34,7900.180162
5415478.785131,27,7900.701014
-482559.78229,5,7900.792315
-806729.194071,9,7900.967963
5035279.716839,51,7901.971521
5238520.825364,33,7902.653556
5087678.359732,38,7903.385952
5383049.28103,34,7904.040298
5149517.687426,41,7904.834285
-555006.567763,6,7904.946863
-502727.108553,5,7905.044947
-469747.827953,5,7905.142779
5613776.190438,46,7906.03958
-698155.357739,9,7906.204872
-495257.212546,5,7906.304605
-494251.496049,5,7906.397678
-488069.942139,5,7906.489997
4841563.206959,38,7907.209561
-785013.472583,10,7907.40318
-611414.747329,7,7907.53102
4349776.020156,49,7908.45754
5325831.875354,42,7909.263717
5961067.502177,75,7910.718462
-493305.818839,5,7910.823552
-489515.58731,5,7910.914602
-490631.807805,5,7911.01088
5396477.246076,27,7911.536362
-868679.437745,11,7911.744009
4884445.861105,38,7912.487746
-476243.558074,5,7912.58476
5335974.030225,31,7913.178531
-868714.629032,10,7913.373718
5395721.662669,29,7913.887729
5292913.960515,38,7914.566266
-487744.621332,5,7914.650798
-487909.237238,5,7914.749311
5158217.44233,36,7915.396232
-1070212.134159,13,7915.632973
-464538.459816,5,7915.732512
-484180.771587,5,7915.821308
-550433.29338,6,7915.929957
-493406.99031,5,7916.020769
4988215.564893,52,7916.971693
5378871.093682,44,7917.784148
-488914.560431,5,7917.880731
-793931.084611,10,7918.075347
-492855.856809,5,7918.165865
-495128.659427,5,7918.262694
-492442.242906,5,7918.359639
-492288.384386,5,7918.456646
5277976.101257,32,7919.044409
-487265.512332,5,7919.135173
-1193010.366881,15,7919.426007
5417884.095626,30,7919.995921
4969270.444431,41,7920.77141
-1423012.994921,18,7921.129344
-671767.909403,9,7921.317192
5312763.504411,53,7922.331597
4454611.256263,46,7923.20731
-575992.445429,7,7923.347146
-502556.580728,5,7923.439137
-502300.269184,5,7923.535105
5382749.914607,32,7924.134655
4041380.803204,54,7925.187633
-841709.33682,10,7925.379003
-474864.564881,5,7925.480235
-497617.666211,5,7925.577025
-457564.881061,5,7925.679782
5239259.808622,33,7926.297917
5441233.980284,42,7927.086541
4510789.871924,44,7927.909872
-631190.80054,7,7928.043277
-484375.964102,5,7928.140501
-762761.549985,9,7928.316596
-786069.612776,9,7928.485475
5251519.457055,35,7929.140316
4979141.744244,41,7929.934331
-703569.694253,8,7930.085407
5332578.915267,33,7930.721709
5196685.796402,34,7931.370184
-704652.675357,9,7931.539986
5402302.554944,32,7932.140217
4951013.891357,37,7932.844061
-494252.64999,5,7932.945558
5354934.118606,30,7933.521309
-858294.54929,11,7933.727844
-496620.448505,5,7933.818862
-776800.535752,10,7934.012097
-483969.324372,5,7934.109479
-473520.054798,5,7934.204269
-710827.67964,9,7934.382474
5145120.176219,41,7935.194143
-843714.758769,10,7935.394171
-482210.870803,5,7935.485035
4680119.789911,45,7936.328666
4915579.474025,39,7937.072644
-481836.460824,5,7937.166816
-485108.97002,5,7937.261194
4976185.249694,38,7938.016222
-973935.727021,12,7938.236222
-649007.402102,8,7938.390646
5226083.892707,37,7939.078624
-741990.107543,9,7939.250304
-499030.537595,5,7939.351114
-868856.637212,11,7939.55208
5028141.47894,42,7940.405873
5383070.947857,47,7941.302433
-806388.059594,9,7941.477813
-704882.331763,8,7941.623708
-727348.953813,9,7941.799377
5348599.064394,38,7942.535127
5042702.203647,37,7943.229446
5405645.279935,33,7943.871674
5366613.862509,31,7944.46618
-947759.981264,13,7944.71424
-502350.83374,5,7944.810785
5310861.715661,34,7945.459275
4944604.271542,40,7946.211194
-494970.234629,5,7946.313743
-478039.245739,5,7946.404874
-775507.036619,9,7946.577538
-495792.091116,5,7946.665663
-482639.128655,5,7946.762638
4749653.962527,42,7947.568136
-483602.737039,5,7947.659234
-476648.075958,5,7947.756508
-489410.195303,5,7947.859368
-493548.355773,5,7947.95643
4908424.580948,45,7948.829311
-825554.381924,10,7949.016904
-496406.238728,5,7949.107823
5260846.460458,32,7949.707476
-494062.299171,5,7949.804551
-493852.844984,5,7949.895592
-476839.456314,5,7949.992045
-818166.45683,10,7950.184988
5370062.028983,30,7950.731764
-501358.205321,5,7950.828305
-472461.149945,5,7950.925678
-490334.775306,5,7951.024993
-492358.589878,5,7951.117555
5298432.625658,35,7951.786309
5400118.452388,33,7952.436255
-482610.45869,5,7952.52575
-764285.025022,9,7952.7009
-468764.213767,5,7952.797817
-494402.605359,5,7952.895109
-803125.044221,10,7953.088692
5382635.483327,32,7953.713253
4235856.278134,48,7954.640098
5409790.901491,44,7955.488889
-822621.502434,10,7955.682916
-770023.959901,9,7955.84633
-588739.653245,7,7955.980063
-783891.62837,10,7956.17358
-476834.409503,5,7956.271052
-488988.299216,5,7956.379537
-929017.790696,11,7956.57921
5029535.173245,37,7957.264452
5472917.131269,38,7957.949126
-489967.057672,5,7958.034198
-485173.600647,5,7958.124993
5166281.265789,34,7958.724794
-492208.602914,5,7958.80932
-485002.898047,5,7958.90027
-499153.90539,5,7958.993126
5452577.275977,34,7959.633583
-730610.371277,9,7959.803643
-855317.837567,10,7959.985214
-500626.82639,5,7960.082363
4776912.882024,40,7960.839609
5383821.875556,29,7961.379028
5441918.285535,28,7961.917971
-498779.015047,5,7962.021342
-519861.108212,6,7962.130116
4324187.868989,49,7963.081771
-493404.013408,5,7963.166559
5058978.33222,38,7963.869486
-503438.060122,5,7963.962007
-615479.935523,7,7964.087821
4483012.160012,59,7965.190426
-633232.719925,7,7965.317997
4873574.751906,52,7966.287498
-805516.505215,10,7966.481589
-487192.672989,5,7966.572225
4846768.122302,41,7967.372621
5083039.306322,56,7968.451218
-497016.785344,5,7968.547741
4148376.046409,52,7969.547335
-764382.260964,10,7969.731068
-626271.580718,7,7969.857078
3718169.066839,58,7970.959792
-486896.801075,5,7971.050445
-488403.370647,5,7971.143827
5213509.14718,37,7971.850124
-500831.36413,5,7971.947636
-496018.107114,5,7972.038619
-1108253.441294,14,7972.319271
5041299.778546,35,7972.97757
-750400.018327,9,7973.149606
-485354.131858,5,7973.247024
-961374.737847,12,7973.480812
-497480.989849,5,7973.577168
-646668.150144,8,7973.723059
-849581.189042,11,7973.935148
-502492.312577,5,7974.025938
-488350.664919,5,7974.122758
-489674.113346,5,7974.213907
-485871.770327,5,7974.317165
-169417.27632,8,7974.455834
-950702.604803,13,7974.686122
-502803.419575,5,7974.777624
-480558.551805,5,7974.868582
-486789.21283,5,7974.95941
5396733.359016,28,7975.46837
-725579.409809,8,7975.609478
5326839.686819,40,7976.322644
5401026.515163,26,7976.79509
5346175.607986,36,7977.468288
-495526.769135,5,7977.559177
4274734.116129,48,7978.480042
5371549.398554,37,7979.188749
5018684.31504,39,7979.933994
-859598.214214,11,7980.152951
-862094.652543,11,7980.364578
-698562.164287,9,7980.534606
4828952.70297,39,7981.298283
-491085.962163,5,7981.394801
-744042.00298,9,7981.570495
5373584.410113,37,7982.279249
-521118.141475,6,7982.40119
5343346.251701,52,7983.40702
-485820.212728,5,7983.50336
-717791.450761,9,7983.686927
-484920.114035,5,7983.782084
5410511.928951,42,7984.576288
5188366.382607,41,7985.36442
-945822.858066,12,7985.582126
4956638.169755,41,7986.376543
-842475.671583,10,7986.55764
-478764.388097,5,7986.648848
5519566.255059,49,7987.52706
-477077.753421,5,7987.618393
4600585.69387,47,7988.478539
3740015.398835,55,7989.502924
4409537.887528,68,7990.793784
5173127.888342,37,7991.514891
4892057.045257,38,7992.235706
4372825.666769,48,7993.162907
5047095.420087,44,7994.017588
5317616.858453,35,7994.690327
-743016.307103,9,7994.865999
4442793.972095,45,7995.750752
-492159.869857,5,7995.847284
5416483.670558,32,7996.465718
-501105.541646,5,7996.562438
4798624.893832,48,7997.471387
5389725.651931,31,7998.033129
-713470.30299,9,7998.192589
-719728.126541,8,7998.338468
-485430.43071,5,7998.429253
-948499.99929,12,7998.64761
5273201.432569,31,7999.192419
5445969.801984,28,7999.720453
-801095.994006,10,7999.905608
-490122.150873,5,7999.994891
4282472.852448,48,8000.926701
4503919.468056,43,8001.805584
5224742.917549,34,8002.452927
-497446.798667,5,8002.557058
4860337.846462,41,8003.356217
-501832.650385,5,8003.453009
-497482.962496,5,8003.550436
5253309.906375,32,8004.143578
-490081.499639,5,8004.240254
-482253.335986,5,8004.337775
-492258.477233,5,8004.434354
-695005.278953,8,8004.604878
-478099.444063,5,8004.700883
-491386.356195,5,8004.792345
-557064.113131,6,8004.900777
3786296.184973,56,8006.005264
5397320.758298,38,8006.797736
4750864.617056,43,8007.603869
4442884.23847,48,8008.537351
-475982.938579,5,8008.634058
5151520.462134,34,8009.2765
-486035.469192,5,8009.373232
-483475.737948,5,8009.476131
-153733.500715,14,8009.748127
-502588.115396,5,8009.833548
-476975.643924,5,8009.924392
-502681.49976,5,8010.02814
-498329.487006,5,8010.125325
-493620.50221,5,8010.215633
-474446.883916,5,8010.315733
-586929.151541,7,8010.454901
-487848.209249,5,8010.54913
5342020.396068,32,8011.124682
-483076.812026,5,8011.227866
-702818.818885,8,8011.379239
5219287.837484,36,8012.025585
5748100.499003,56,8013.06945
-678612.179992,8,8013.220983
-503004.258151,5,8013.318404
-496354.667329,5,8013.424996
5118279.739923,35,8014.096199
5675136.468439,92,8015.882873
-485550.547739,5,8015.97275
4450866.94652,46,8016.856969
-480469.301735,5,8016.95448
-757881.617462,9,8017.148548
4886431.961625,40,8017.917557
-710599.667407,8,8018.0568
-645875.620705,8,8018.202298
-492302.014568,5,8018.287189
-1093153.866816,15,8018.560191
-571519.847929,7,8018.681501
5309514.560032,37,8019.354043
-651028.648582,8,8019.505773
-555888.839911,7,8019.6384
-625011.713016,7,8019.770417
-660650.321834,8,8019.917888
-495095.161568,5,8020.008674
5332125.652903,44,8020.833736
5193011.924816,36,8021.525431
4927107.102824,36,8022.20962
5355157.731325,41,8023.008036
5185558.706405,35,8023.644429
4054644.210129,71,8024.947205
-562341.4165,7,8025.074375
4273565.132759,45,8025.916992
5270377.512394,35,8026.583098
4535044.927269,46,8027.455772
5237973.495412,33,8028.083239
4998660.488744,37,8028.806231
5414913.054543,25,8029.286203
5472555.67145,30,8029.863009
5232399.71502,48,8030.77105
5417793.985489,28,8031.324378
6153146.415534,107,8033.376449
5215607.922137,38,8034.061361
5287443.056779,58,8035.103651
-491840.472341,5,8035.194506
5030600.295849,36,8035.84937
-728325.969905,9,8036.018413
-898341.875717,11,8036.224449
-493071.556445,5,8036.322071
5334726.430074,41,8037.145908
5210247.789493,37,8037.855804
5411077.863315,28,8038.378186
5090967.714402,42,8039.185071
5826181.565384,57,8040.248242
-707887.715391,8,8040.399914
-760382.298841,9,8040.569365
5086925.431824,36,8041.262088
-497740.466664,5,8041.375607
5082553.195779,36,8042.066403
5414297.864181,28,8042.605491
-483983.631457,5,8042.696395
5091087.222345,37,8043.399612
-479124.341689,5,8043.50338
-496388.077998,5,8043.600069
4770053.643428,39,8044.350809
5331382.199593,38,8045.071912
-710329.662781,9,8045.235643
-502669.361317,5,8045.332916
-494093.326369,5,8045.435547
-502643.356395,5,8045.526324
-722519.619472,9,8045.702367
4969608.724432,41,8046.490201
5095602.95453,34,8047.144709
-483277.901986,5,8047.241442
-494111.348898,5,8047.350723
3970180.210384,53,8048.362415
-810191.613727,10,8048.556366
-818365.369424,11,8048.76243
-489460.051529,5,8048.853542
5400809.023781,26,8049.362704
-830319.464982,10,8049.550129
4910131.333668,39,8050.320134
4684934.57294,43,8051.144078
-491106.412845,5,8051.24121
-480439.032251,5,8051.344082
-482925.435539,5,8051.441212
5255598.877497,51,8052.417118
5007153.836542,42,8053.222873
5915422.675827,76,8054.689282
-480111.68411,5,8054.774197
-497120.874968,5,8054.876742
-488053.952791,5,8054.979981
-494642.44067,5,8055.077173
5346034.050902,67,8056.33733
-493820.687655,5,8056.447036
-477689.102755,5,8056.537133
4525199.044545,43,8057.364157
4439825.513554,49,8058.320566
-464268.118258,5,8058.422222
-499665.751723,5,8058.525554
4531962.233562,42,8059.331103
-447192.008386,5,8059.428214
-479916.971129,5,8059.518792
-493878.725738,5,8059.60952
-1032492.696387,13,8059.846179
5000977.942852,39,8060.597614
-818771.776371,10,8060.785529
4496987.593341,49,8061.754039
3678495.935952,57,8062.864048
-501931.262942,5,8062.966584
-685517.796175,8,8063.124615
-752951.462261,9,8063.326769
-478060.804211,5,8063.421371
5308280.561731,39,8064.184898
5091989.049374,35,8064.857716
4339479.90895,48,8065.790728
-688560.070172,8,8065.942493
5330180.342996,33,8066.529978
5253753.281703,36,8067.184661
-502353.804252,5,8067.275793
-792276.987159,9,8067.445544
4693408.066313,54,8068.475164
5059828.343263,36,8069.166708
-485158.71216,5,8069.263103
-496394.080521,5,8069.360441
-679730.242104,8,8069.517584
-718358.606115,9,8069.67551
-496389.143411,5,8069.772046
-970424.427379,12,8070.002677
5158763.130812,33,8070.653405
-622156.431321,8,8070.796871
5316278.382052,34,8071.450814
5363414.70292,38,8072.250958
-490639.773836,5,8072.354038
-497341.574829,5,8072.45707
-605287.764282,7,8072.596448
-662916.617818,8,8072.758605
-725912.120222,9,8072.934019
-486715.366022,5,8073.027636
-484480.312776,5,8073.119278
-835424.748709,10,8073.304868
5077225.974522,36,8074.01409
-476539.742048,5,8074.104817
-482964.195326,5,8074.207815
-699256.395914,8,8074.365873
4908216.776411,38,8075.093647
-581856.615997,7,8075.220168
5455549.953581,46,8076.123099
-822556.000539,10,8076.32881
-498462.417167,5,8076.434397
-183507.102318,8,8076.599714
-484574.082779,5,8076.692421
4952352.178585,38,8077.499469
-917738.083521,12,8077.716622
3723236.694872,57,8078.737409
5360553.547547,32,8079.328686
5119826.053686,43,8080.113634
-771072.00466,9,8080.273952
4862755.257201,40,8081.027888
5576110.639465,53,8082.050014
4145741.6191,50,8083.03709
4683308.718886,45,8083.891719
3644190.352838,56,8084.916043
-498085.274698,5,8085.006971
-750665.482548,9,8085.170643
-483977.39532,5,8085.261838
-489537.107651,5,8085.370653
-630262.986788,7,8085.509846
-620074.290274,8,8085.660996
5257434.554063,32,8086.260944
-488235.08656,5,8086.35835
4898793.816842,39,8087.097637
-502457.332774,5,8087.188202
-493718.096654,5,8087.28539
-496904.442223,5,8087.382053
-466782.570405,5,8087.479717
4792020.496425,44,8088.3355
-995517.579259,13,8088.594422
5038211.601224,36,8089.277115
4349384.56956,53,8090.291144
-502973.075482,5,8090.39266
5411043.617311,40,8091.145621
-750254.451776,9,8091.327556
4885010.660625,47,8092.230175
4763966.036373,44,8093.102638
4984943.972203,40,8093.866542
-494362.075135,5,8093.970175
5043266.797978,56,8095.018217
5062808.359048,35,8095.684621
5357150.40632,36,8096.375422
6031325.192903,79,8097.902007
-612024.077887,7,8098.035613
-486992.761033,5,8098.138837
5245142.375563,34,8098.799085
-493306.793999,5,8098.896009
5626183.184127,36,8099.587029
-494567.817989,5,8099.684155
5199483.181925,33,8100.31422
5409015.425036,29,8100.865567
4249523.246513,49,8101.80449
5153223.295097,34,8102.483939
-619487.130013,7,8102.610482
-482959.59067,5,8102.702286
4935849.212457,39,8103.46177
-490458.611139,5,8103.556267
-840486.620003,10,8103.74385
-565592.463081,7,8103.880178
-493557.477268,5,8103.974321
5415558.706314,31,8104.568418
-497076.345193,5,8104.66484
-590425.378171,7,8104.798543
4517965.443563,46,8105.688916
-502767.061997,5,8105.793812
5413617.276534,27,8106.303748
-526181.143246,6,8106.410304
-737723.690504,9,8106.586267
-502867.717489,5,8106.676805
-651575.546625,8,8106.840384
4386950.765342,47,8107.761456
-489654.443195,5,8107.864472
-649088.82455,8,8108.028544
3859530.022863,61,8109.216136
-500456.101393,5,8109.315329
-780843.87142,10,8109.507118
5160296.585004,34,8110.173758
5194172.983597,40,8110.942952
-665165.26536,8,8111.100776
5521388.6131,48,8112.049025
5262198.901256,33,8112.672362
-594840.392929,7,8112.803264
5331470.509351,37,8113.500562
-520202.205593,6,8113.627957
-809360.87347,10,8113.821911
-487883.257049,5,8113.918867
-499426.658534,5,8114.015241
-480251.828987,5,8114.106516
5109290.546683,37,8114.815671
-881395.555029,12,8115.05783
4886353.441883,39,8115.833419
-502500.968669,5,8115.930789
-681206.474074,8,8116.076406
-476750.990168,5,8116.182227
-496006.129533,5,8116.276509
-526410.437794,6,8116.397149
5279674.598575,32,8117.027186
4727550.038871,45,8117.893556
-501564.197728,5,8117.994151
-788614.328218,10,8118.182338
5432015.190963,24,8118.645394
5097901.126566,38,8119.378916
-484393.600586,5,8119.475525
-472317.659667,5,8119.572588
5205839.381602,36,8120.263654
-672032.353655,8,8120.410622
5275646.341694,36,8121.093837
-600720.972065,7,8121.226848
5288476.573732,38,8121.942143
3941281.826166,52,8122.881196
4059474.991965,53,8123.84494
-712269.053213,8,8124.002214
-501542.419831,5,8124.093168
-490426.67139,5,8124.189719
-494702.183397,5,8124.28235
4919745.791055,37,8124.971755
-493445.397163,5,8125.062879
4467612.763935,46,8125.953992
5437674.604287,26,8126.450521
-634702.393075,7,8126.583865
5419587.151738,31,8127.183872
-995493.572822,13,8127.431931
-759514.659718,9,8127.607704
-462227.436379,5,8127.713443
-472201.768996,5,8127.807682
5423429.720109,27,8128.323117
4908221.232981,40,8129.080285
5437563.489629,29,8129.63808
-496682.409951,5,8129.728603
5237800.642651,36,8130.407734
-489254.019249,5,8130.51032
5337909.889171,34,8131.1471
-952769.988175,12,8131.371146
-994034.19116,12,8131.601562
-930393.439741,11,8131.807602
-484120.229042,5,8131.904381
5436306.621368,31,8132.492578
-495369.437857,5,8132.588824
5149760.87846,37,8133.328204
-488444.329595,5,8133.427434
-453172.527177,5,8133.522689
4810505.933495,42,8134.352818
-497659.343679,5,8134.450095
-775110.009082,9,8134.631647
-552234.829815,6,8134.740686
-500530.803195,5,8134.83741
5371584.026946,44,8135.673747
-485220.020391,5,8135.776777
-489602.124758,5,8135.87364
-732554.749884,9,8136.049507
-521884.480947,6,8136.164524
5057058.281577,37,8136.879514
-493852.109719,5,8136.976516
-473300.683546,5,8137.094989
5303441.433557,34,8137.739861
4463359.048396,45,8138.588672
-762855.26165,9,8138.764652
-1106031.66667,14,8139.024987
4545836.860917,46,8139.903208
4306430.662855,47,8140.810499
-808658.258653,10,8141.000425
-732957.354742,9,8141.176342
-813530.599606,10,8141.382308
-892223.723348,11,8141.600295
5355508.813219,34,8142.266871
4955117.138114,40,8143.056951
4976663.125336,39,8143.75725
5123207.340401,34,8144.363564
-670345.275015,8,8144.502592
-632371.918382,7,8144.629831
-492740.631487,5,8144.721229
-712763.702259,9,8144.878821
-809869.741953,10,8145.066236
5318290.920995,34,8145.690342
-666225.224433,8,8145.841882
-501048.02561,5,8145.932733
-487061.337867,5,8146.02975
5407764.972466,27,8146.527263
-491960.696789,5,8146.623615
-482646.212375,5,8146.721192
4490676.387189,61,8147.871968
-699376.543354,9,8148.035577
-498289.263493,5,8148.12662
-1729975.409874,23,8148.568791
5518980.076991,36,8149.241416
5272885.723971,37,8149.932668
-496379.089612,5,8150.0232
4471252.528178,47,8150.859963
-558534.858499,7,8150.980674
-553311.782657,6,8151.096264
-501448.82795,5,8151.18065
-656435.244465,8,8151.332506
4317260.728605,63,8152.501971
-486945.362522,5,8152.599323
4553751.930684,44,8153.465636
-823017.506906,10,8153.666192
5265943.173815,36,8154.35639
-492817.112403,5,8154.461271
-744835.478344,9,8154.635193
4992439.916106,39,8155.386754
-478344.668286,5,8155.489689
-462065.765893,5,8155.58657
-961088.321642,11,8155.79903
-494885.466604,5,8155.895507
5006347.984222,59,8157.016563
5584348.100989,58,8158.131471
-893840.701991,12,8158.355728
-494045.716015,5,8158.464939
4418738.203247,48,8159.383157
5338105.724074,39,8160.119469
-500879.585386,5,8160.222532
5229292.420549,50,8161.179537
-827202.372517,10,8161.379803
-635571.23227,7,8161.507032
-1123502.432496,14,8161.780096
5576290.733727,55,8162.852351
6797139.559547,149,8165.706473
-865274.894548,10,8165.906142
5415812.854844,28,8166.451535
5398226.737753,32,8167.057616
-691073.035762,8,8167.209295
5278602.961212,36,8167.897991
-481589.664963,5,8167.990718
-674648.09516,8,8168.142685
-786281.656749,10,8168.330577
-482737.748114,5,8168.427215
5071241.61591,36,8169.130349
5083805.427181,36,8169.821274
-474493.962686,5,8169.91844
5313829.825081,31,8170.518399
5905855.205737,95,8172.311505
5231843.223693,33,8172.936197
-476659.709325,5,8173.03344
-557599.908623,7,8173.172345
-495574.049248,5,8173.265668
-487080.985821,5,8173.36055
-482101.138531,5,8173.456677
-1142225.604173,14,8173.747549
5195544.198505,34,8174.396248
5007280.305607,36,8175.081045
5170238.474358,42,8175.893119
-497081.764934,5,8175.987322
-502890.52011,5,8176.081237
5400079.436654,41,8176.840544
-493693.843535,5,8176.923491
-741958.33657,9,8177.086541
5448845.979523,32,8177.656279
-999433.094517,13,8177.910782
5238299.92969,40,8178.638271
5036237.769678,35,8179.289098
-497238.76327,5,8179.381716
-463168.569223,5,8179.474847
4497415.025302,45,8180.330292
-501904.158561,5,8180.432485
-480397.307101,5,8180.52265
4889890.201395,40,8181.286907
3543396.267609,58,8182.422014
-499214.026817,5,8182.517398
-743060.120383,9,8182.68659
5305396.440793,35,8183.360194
-762428.708647,9,8183.534739
-476884.038245,5,8183.632418
3859934.601559,65,8184.855468
-661357.002694,8,8185.000872
5306493.454609,34,8185.637473
5623234.188686,55,8186.692059
5286772.169852,35,8187.352163
4804581.758058,41,8188.121797
-624371.81385,8,8188.267394
5135800.865017,38,8188.988773
-480973.916765,5,8189.07971
-482796.843763,5,8189.176642
4296976.727155,48,8190.085577
5348982.860545,93,8191.861067
-525925.536342,6,8191.969913
4175777.511822,50,8192.915247
4910984.233889,39,8193.648266
5242550.20021,34,8194.315078
5754859.025363,49,8195.236349
5276494.200859,34,8195.891122
5375360.321122,29,8196.448068
5384506.455887,29,8197.011977
5484554.654168,44,8197.849681
5554422.916462,49,8198.726989
4194032.674154,56,8199.787532
5359152.013531,36,8200.484385
-487550.885072,5,8200.581002
-480062.142301,5,8200.672108
-496958.03229,5,8200.76877
-500100.673732,5,8200.859587
-755771.395525,9,8201.035384
5346017.330345,35,8201.701873
-1112140.275583,15,8201.999657
-497645.507483,5,8202.09601
-551288.602136,6,8202.217506
4493355.900924,46,8203.102322
-727550.875445,9,8203.259366
-486906.501475,5,8203.344595
4164572.595215,49,8204.216895
-495369.672227,5,8204.313864
-473238.75278,5,8204.398979
-500566.116226,5,8204.489634
5383163.953757,29,8205.071722
5238824.359236,32,8205.695845
-499096.728787,5,8205.792792
-491952.584694,5,8205.88932
-842577.897531,11,8206.10241
-526523.683024,6,8206.210733
-502194.744846,5,8206.301491
4957174.643811,42,8207.113706
5387934.857548,39,8207.860528
-1159438.681901,15,8208.15604
-493248.799632,5,8208.247004
5620367.785645,70,8209.57996
5244687.266066,36,8210.264938
4960445.713828,44,8211.109323
-689286.312326,8,8211.252707
4987219.064782,37,8211.991841
-483904.834966,5,8212.082978
-632574.245275,7,8212.216388
-623702.321084,7,8212.34496
-976731.956457,12,8212.567736
-462242.57161,5,8212.661129
5333557.892129,34,8213.306826
-734745.362387,9,8213.482548
4917381.906713,38,8214.206691
-1182018.52433,15,8214.488673
-491719.105726,5,8214.57935
-491386.755074,5,8214.670531
-487465.442438,5,8214.767349
4544891.64357,42,8215.579296
-461644.249278,5,8215.679731
-618281.067636,7,8215.815458
-488425.088907,5,8215.906636
-792191.450913,10,8216.088629
5011866.394629,41,8216.846164
-740088.876253,9,8217.021533
5282895.968212,43,8217.835409
5156309.798695,35,8218.506651
-656098.564906,8,8218.657913
5541204.007189,52,8219.631094
-649978.325125,8,8219.785582
5342053.816581,40,8220.542949
4922390.469479,43,8221.384634
-502336.518649,5,8221.475511
4650698.353851,47,8222.393416
-494640.927671,5,8222.487782
-501724.284814,5,8222.593328
-482447.592266,5,8222.693728
4857520.083546,70,8224.050871
5676444.754309,51,8225.03255
4440997.357564,46,8225.896411
4784650.259718,41,8226.650446
5331080.457496,29,8227.171746
-475294.230294,5,8227.263134
-496068.971705,5,8227.359488
-500486.642027,5,8227.451043
5041286.831422,39,8228.171623
4666634.716709,55,8229.213963
4184378.779643,50,8230.147219
-487731.690553,5,8230.244237
5204353.033224,32,8230.85618
-501505.388659,5,8230.956151
-640044.941863,7,8231.087631
-639887.324393,7,8231.22597
-1042753.423979,13,8231.47459
-832521.128506,10,8231.668565
5347055.580534,31,8232.256125
-697614.436864,9,8232.426085
-673047.174349,9,8232.60181
-804394.123711,10,8232.813718
5315969.449711,35,8233.458973
-497204.650612,5,8233.553121
-519722.631043,6,8233.67039
-488571.916785,5,8233.771022
4797026.412747,40,8234.528754
6049350.422678,108,8236.583045
-497736.733317,5,8236.679717
4685333.151277,46,8237.576973
-1050254.083518,13,8237.837529
-568992.673513,7,8237.970641
5334778.2306,33,8238.612693
-498741.960604,5,8238.704124
-498444.851006,5,8238.801134
-615286.334368,7,8238.940588
-502507.416754,5,8239.037439
5257380.389214,37,8239.736176
-886464.207061,11,8239.947084
5958567.304273,84,8241.55237
-820790.982567,10,8241.745987
5447381.616517,68,8243.043365
-884222.545311,10,8243.230716
5033364.429284,41,8244.0424
-826633.773176,10,8244.230103
-645115.287399,8,8244.382232
4984388.408554,41,8245.182527
5191028.814449,40,8245.957652
-844314.005836,10,8246.145607
4783834.650406,42,8246.957393
-775595.250294,9,8247.133616
-485308.791098,5,8247.223853
-813985.584796,10,8247.412226
-493389.552323,5,8247.515411
-869134.662509,10,8247.708773
-489468.916974,5,8247.812082
-620656.72654,7,8247.945415
-802894.256304,10,8248.133602
5011627.139259,40,8248.902916
-479078.644116,5,8248.999573
-483566.16031,5,8249.096976
4471090.556273,59,8250.242002
4989397.5074,37,8250.975234
5145536.834876,38,8251.708457
5378020.569863,31,8252.296038
-493140.115575,5,8252.389108
5122390.826478,43,8253.229526
-732478.652839,9,8253.402244
5069394.871633,37,8254.107031
-501232.286105,5,8254.198789
4477698.589192,51,8255.164156
4875393.33757,47,8256.059854
5373897.244776,32,8256.671676
5212663.060819,34,8257.337095
5217213.83561,33,8257.937769
4568872.147637,43,8258.701296
-744793.054542,9,8258.858919
5145246.810711,33,8259.459105
4943334.855907,38,8260.180164
-492930.692414,5,8260.270836
-476869.69332,5,8260.362011
5371226.976805,30,8260.919286
-767872.609067,9,8261.089348
5224039.184591,31,8261.679954
5409249.153713,27,8262.198016
-492552.573445,5,8262.301099
-697310.606526,8,8262.45918
5175534.280011,33,8263.094753
-495876.438521,5,8263.185663
-489062.384644,5,8263.282654
4862518.679556,40,8264.04923
3782716.508052,56,8265.100945
-618254.049288,8,8265.258084
5412642.986843,31,8265.864221
-613609.034791,7,8266.010108
-1242524.963061,15,8266.307086
4035154.464883,50,8267.258088
4737964.954407,41,8268.017126
-873928.653964,10,8268.198066
-839739.43328,10,8268.379482
-484525.443291,5,8268.470318
-488873.381539,5,8268.567248
-499088.405285,5,8268.65779
-874329.223211,10,8268.858005
-490347.992653,5,8268.954695
-768618.344255,9,8269.130475
5197306.700951,36,8269.790973
4168952.980552,89,8271.548764
-477432.667997,5,8271.645678
5423783.364641,50,8272.617494
-725105.491909,9,8272.792145
-471576.374922,5,8272.889124
-488487.394527,5,8272.988753
5272202.437055,39,8273.736525
4495499.349377,45,8274.590916
-800595.769055,9,8274.762027
4964575.336904,44,8275.559861
4929750.895096,37,8276.232815
-865210.531475,10,8276.408239
5185047.194766,36,8277.063159
-487359.891366,5,8277.154358
-762499.504282,10,8277.348
-461073.300022,5,8277.444457
-865171.334437,10,8277.620872
-661610.360808,8,8277.772425
-727186.161408,9,8277.942198
5403488.400875,33,8278.596299
-483013.715099,5,8278.687173
-641245.92807,8,8278.838345
-498442.560004,5,8278.941804
-494075.689083,5,8279.047026
-828334.966038,10,8279.238815
5313009.659406,31,8279.838277
-488316.498597,5,8279.935214
5409625.956048,26,8280.444226
3749093.717967,57,8281.547119
5165909.101123,33,8282.189533
-485807.395179,5,8282.280951
4293673.316033,47,8283.219929
5371867.507553,60,8284.377714
-495131.397407,5,8284.473962
-485370.076277,5,8284.571179
-479278.481289,5,8284.66799
4266021.337744,57,8285.783425
3805075.336093,54,8286.83637
-815740.944513,10,8287.025741
-479942.627946,5,8287.126295
-488436.76884,5,8287.22551
-494368.368014,5,8287.318678
-471650.428159,5,8287.407034
-502219.008373,5,8287.504522
-481568.87977,5,8287.601274
-494417.179376,5,8287.707482
-492118.409216,5,8287.812186
-471777.421104,5,8287.907735
-802633.320736,9,8288.09009
-476062.419718,5,8288.18481
-638999.481585,8,8288.335076
-482007.995625,5,8288.425472
5249684.030975,36,8289.128238
-730043.921043,9,8289.297691
-465745.704657,5,8289.396638
-477343.506305,5,8289.494614
-580971.700733,7,8289.634735
-647699.378711,8,8289.782833
-497853.160336,5,8289.877682
-488827.202774,5,8289.966036
-472212.14532,5,8290.067636
5074536.436343,37,8290.740369
-799421.28945,9,8290.903824
-570884.316267,7,8291.02589
5405942.494608,27,8291.521645
-729460.388194,9,8291.691442
5373164.645296,35,8292.334277
-483420.656677,5,8292.424647
5377558.398406,32,8293.043044
-1057081.708359,13,8293.291163
-482180.011735,5,8293.388468
-767044.877364,9,8293.552108
-547128.733258,6,8293.691488
-704697.215519,9,8293.867253
5132773.895271,36,8294.570375
4929506.53828,66,8295.873169
-762136.686338,9,8296.054612
-496493.361692,5,8296.163784
4925745.674295,50,8297.133227
-707657.569951,8,8297.287923
5389446.534784,26,8297.78812
-886614.430533,11,8298.01188
-594225.651195,7,8298.145666
-590708.394606,7,8298.27841
5394533.40285,30,8298.862312
-1359049.383568,18,8299.21202
-499153.716071,5,8299.309576
5389200.145126,28,8299.842509
-496659.801805,5,8299.936801
5142221.49117,36,8300.629713
-492949.376224,5,8300.731881
5090324.682214,37,8301.4485
-1032116.300359,12,8301.672013
5421272.789283,26,8302.157264
4218758.943354,50,8303.133031
5063963.797278,36,8303.823519
-522868.886103,6,8303.938832
-482282.39587,5,8304.041567
5286339.300092,39,8304.774719
-571794.544374,7,8304.909055
-1149869.384039,14,8305.174801
-547812.135159,6,8305.284251
-733726.306328,9,8305.447924
-496412.966879,5,8305.532474
-492980.951106,5,8305.623233
-837976.149375,10,8305.811334
-943011.841837,12,8306.023364
-486276.206104,5,8306.11447
4342860.304259,50,8306.998755
5447532.81969,24,8307.443958
-572468.05039,7,8307.568657
4823369.789254,40,8308.332188
-492182.065068,5,8308.434852
5303953.201103,33,8309.095384
5355210.032851,42,8309.913485
-702374.977057,9,8310.085619
5266426.663629,51,8311.062185
-495188.752052,5,8311.157326
-483312.938073,5,8311.248963
-497121.720806,5,8311.344138
4856753.742752,41,8312.139
-773689.704932,9,8312.295174
-1190790.432655,15,8312.574154
-873351.633564,11,8312.786615
-498612.263901,5,8312.883099
3867348.768079,54,8313.864604
-502545.23843,5,8313.957169
-499551.217082,5,8314.054889
4734093.752871,56,8315.08911
-503123.945084,5,8315.185695
5237261.058462,38,8315.901212
5256126.215918,33,8316.531246
-483401.439367,5,8316.622406
-870666.264118,11,8316.830792
-502302.460251,5,8316.924836
-926792.100751,12,8317.16747
4841934.111655,42,8317.943351
-489398.203957,5,8318.034163
5281042.467059,54,8318.997385
-493676.312432,5,8319.088294
-478018.264902,5,8319.179115
5386675.36302,36,8319.839749
-492556.922595,5,8319.930832
5677474.21917,51,8320.89412
4955593.20083,37,8321.604131
5304142.38547,35,8322.300459
5322180.762322,50,8323.263752
-501761.08756,5,8323.354696
5354895.842414,29,8323.875791
5345335.375716,34,8324.475751
-768726.442368,10,8324.663797
4572103.054349,43,8325.46492
-475422.50848,5,8325.557068
-553666.790626,7,8325.705418
-501137.413739,5,8325.796991
-490521.376636,5,8325.893408
-672888.376243,9,8326.069442
-484792.898678,5,8326.17223
5817175.327185,48,8327.093817
5076228.096891,40,8327.881407
-1282689.84068,17,8328.196218
5330096.278896,36,8328.8871
5374732.925789,34,8329.517527
-582784.196906,7,8329.658426
4297206.016414,47,8330.553934
5245724.225589,34,8331.196245
-486443.288343,5,8331.292803
-495817.977209,5,8331.402272
-804593.840514,10,8331.595767
-490752.283374,5,8331.69883
-479290.799025,5,8331.790114
-616179.788945,8,8331.953675
-518157.384057,6,8332.068658
5371290.345438,27,8332.608663
3932788.67378,56,8333.698932
-490199.998698,5,8333.795972
-806907.110019,10,8333.995562
-497799.872756,5,8334.098461
-492188.816708,5,8334.189942
5316313.261299,52,8335.189581
4653340.993275,43,8336.031914
-560756.052161,7,8336.171326
-731582.342058,9,8336.347271
-487994.061624,5,8336.443704
-500489.731546,5,8336.534583
5213892.003544,34,8337.189806
-500278.336257,5,8337.292977
-414540.660121,5,8337.389472
-575066.844056,7,8337.535732
4920124.022891,38,8338.281817
-818755.754113,11,8338.498487
-499302.676675,5,8338.595621
-502858.65248,5,8338.692977
-488199.657868,5,8338.789344
-1266803.863785,16,8339.099902
-481691.255181,5,8339.188773
4865472.933858,41,8339.962662
5266301.451017,32,8340.564874
-489503.559071,5,8340.661419
-927977.540087,12,8340.892058
4332361.631471,48,8341.807616
5174630.891876,37,8342.488803
-502367.160272,5,8342.582376
5211270.044048,48,8343.521979
-1046061.310216,14,8343.795171
-725718.752305,10,8343.988404
5600723.172277,75,8345.406729
5298903.865407,34,8346.01877
-675298.577925,8,8346.163762
5213158.511621,42,8346.915232
-471842.504879,5,8347.000576
5393666.155384,28,8347.515697
-978497.611235,12,8347.745461
4825011.908991,42,8348.521254
-493563.424693,5,8348.618631
4959318.646561,37,8349.321396
-722737.937558,9,8349.49099
-799734.607677,10,8349.678608
-718990.271898,9,8349.857318
4546312.992046,45,8350.709019
-494874.930207,5,8350.799637
5568617.014295,42,8351.593693
4970171.545209,39,8352.357038
4515816.466806,47,8353.254132
-616427.650661,7,8353.381144
-950655.12492,12,8353.611789
5248381.566986,33,8354.226362
-492858.727299,5,8354.315196
-494449.934296,5,8354.406022
-526762.011228,6,8354.51438
-775713.232236,9,8354.672354
4260021.017191,62,8355.805672
-518771.170811,6,8355.920793
-488010.627886,5,8356.014997
5074149.34051,35,8356.660018
-503027.327694,5,8356.750479
-469869.190316,5,8356.847889
-484467.269862,5,8356.950446
-509494.563542,6,8357.059497
5095831.744497,37,8357.762977
4225755.403181,52,8358.780887
-821331.561225,10,8358.969034
5244496.5191,32,8359.576103
5178533.152385,34,8360.238318
5282097.666238,41,8361.01084
-822421.446048,10,8361.201414
4761937.65681,42,8362.00482
5597851.705268,42,8362.793778
5174120.455584,34,8363.446491
-563641.629388,7,8363.580085
4944346.870099,40,8364.346156
-785120.41073,9,8364.519676
5107784.532403,39,8365.294757
-680154.236986,8,8365.440666
-471460.35783,5,8365.537606
-706707.548872,8,8365.683341
5400873.514363,29,8366.228611
-489066.868565,5,8366.331559
-484327.863173,5,8366.428202
-121833.150822,6,8366.537259
-745447.4747,9,8366.701337
-482017.359029,5,8366.798177
5037436.105929,37,8367.506776
-1177397.584518,15,8367.807307
5840154.376123,80,8369.367381
5260618.459963,37,8370.082636
-512424.17751,6,8370.197626
4499742.342803,50,8371.158554
-491930.764487,5,8371.258744
-694685.485781,8,8371.422777
-479671.408405,5,8371.518617
-567608.921403,7,8371.653364
5277670.664797,30,8372.233408
4633352.840614,45,8373.094002
-498299.375881,5,8373.190872
-464748.633798,5,8373.293964
-487610.743267,5,8373.397689
4361001.478507,50,8374.386286
4503678.309595,45,8375.251888
-848993.677621,10,8375.451868
5218382.919488,37,8376.178962
-502702.002136,5,8376.275476
5061244.377175,36,8376.975276
-803759.387275,10,8377.186312
5279765.471496,34,8377.82096
-502397.233211,5,8377.905522
5148989.36885,47,8378.766009
3844428.474731,54,8379.766443
4975916.277243,42,8380.566357
5173083.04784,38,8381.293528
-809851.038084,10,8381.481412
-667837.923695,9,8381.653883
5224150.517605,35,8382.344224
4062871.126975,50,8383.347573
-495385.863513,5,8383.444909
-458040.241898,5,8383.547423
-681038.346132,8,8383.699462
-490060.632535,5,8383.801759
-477256.714659,5,8383.898728
-513214.666962,6,8384.014504
-485772.498929,5,8384.111436
-489346.278722,5,8384.201811
-868755.073174,10,8384.390065
4725527.100612,77,8385.856356
-503402.972904,6,8385.965086
4233975.61172,50,8386.904531
-758419.400898,10,8387.092649
-716147.506389,9,8387.268437
4371333.964683,54,8388.322604
-650723.652869,8,8388.474359
-495858.077436,5,8388.570951
-541677.321861,6,8388.686461
-485179.746594,5,8388.78341
-752521.116828,9,8388.968461
-494355.893446,5,8389.062526
-713154.001901,9,8389.237817
-623498.441873,7,8389.371362
-492503.941664,5,8389.474189
-491979.077475,5,8389.564997
-498052.918394,5,8389.661931
4474995.655347,46,8390.564632
4970179.184366,39,8391.313208
4870353.220807,39,8392.061461
-501438.849876,5,8392.159055
-485608.212669,5,8392.249382
4345875.679179,47,8393.140397
-482398.100679,5,8393.239695
-868852.347804,11,8393.449503
-1006280.104641,12,8393.679361
-566576.369213,7,8393.814225
-696984.559776,8,8393.970774
-701767.980173,9,8394.139883
-496824.49367,5,8394.240238
5766265.569135,56,8395.303336
-506797.308747,6,8395.41918
5364599.288668,31,8396.0274
5043320.671197,36,8396.721842
-1278688.617327,17,8397.055202
-710883.426941,9,8397.221604
-489862.939981,5,8397.314082
5107822.790504,37,8398.018341
-489375.44147,5,8398.109687
6536885.834147,120,8400.466532
5221631.861939,38,8401.181986
-803832.46412,10,8401.363402
-494268.002821,5,8401.466815
5137626.047309,33,8402.116572
5364067.716113,33,8402.744996
-520728.942319,6,8402.86059
-460608.08639,5,8402.963237
4570261.053438,65,8404.240377
-728200.371726,9,8404.411515
5335870.41401,41,8405.181438
-719746.937536,9,8405.350897
-943025.840971,12,8405.587644
4967867.810844,38,8406.314368
5141947.999523,40,8407.084003
-1045893.997286,13,8407.328455
5278175.120628,41,8408.108352
-833748.63055,10,8408.303643
-479660.555709,5,8408.393283
5384048.59189,30,8408.987363
4582604.650094,46,8409.859404
-667131.562902,9,8410.035098
-494482.733055,5,8410.132586
4982641.845235,38,8410.84106
-704847.779341,9,8411.016818
-699366.809036,8,8411.156591
-1031648.202528,13,8411.391847
4422274.367852,43,8412.156502
-691299.929579,8,8412.308051
-500859.315573,5,8412.398894
5319594.565158,30,8412.939053
-491007.529509,5,8413.029123
-487445.086433,5,8413.120361
-793677.75565,9,8413.289347
-502555.23684,5,8413.380577
-488759.278913,5,8413.471216
-491140.826335,5,8413.56726
-488723.230338,5,8413.659038
6044045.541515,76,8415.089384
5420490.67453,26,8415.592224
5279145.032033,30,8416.155972
5189367.387023,47,8417.034587
4356504.166429,48,8417.943542
-473990.030354,5,8418.052954
-502529.34824,5,8418.143493
-579362.89907,7,8418.276591
-497022.64291,5,8418.368632
5391070.485416,28,8418.888828
4113351.470086,50,8419.786165
5179519.283076,33,8420.380508
5458215.993253,28,8420.882421
5139735.660272,33,8421.48217
-551599.60252,6,8421.597697
5035169.943237,36,8422.264356
4899163.642342,42,8423.048707
-494998.356394,5,8423.137121
-493121.4467,5,8423.227605
-520783.922163,6,8423.348738
-490280.295295,5,8423.45161
-935973.250247,12,8423.671742
4731178.075061,44,8424.512846
5457213.556388,38,8425.233306
-490404.535105,5,8425.324135
-488166.541806,5,8425.421217
5081941.462922,36,8426.100004
-777289.295586,9,8426.275844
-500348.057878,5,8426.380082
3972623.843512,66,8427.615349
-748792.36481,9,8427.784993
-557202.476828,6,8427.895653
-706474.503221,9,8428.064119
-806575.354402,10,8428.251109
5004854.108293,40,8429.003083
5518803.744169,40,8429.729675
4855328.190626,44,8430.511713
5278886.666232,32,8431.093452
-479227.854964,5,8431.197129
-492760.458101,5,8431.287664
5423563.189231,33,8431.917891
5274240.34807,37,8432.633762
-499101.008643,5,8432.731509
-867997.378912,11,8432.941461
5336803.853709,37,8433.644763
-495367.516291,5,8433.735781
4162943.812867,49,8434.668788
4155053.105248,51,8435.650478
-763673.996309,9,8435.832076
-496393.142561,5,8435.929032
-555209.143603,6,8436.056727
-898909.548963,11,8436.268884
5291042.651074,47,8437.188311
-790665.092313,10,8437.385811
-482526.840149,5,8437.480643
-496627.566238,5,8437.572894
4299998.876404,47,8438.413795
-501730.522525,5,8438.504844
-491747.594244,5,8438.589794
-852552.541323,10,8438.771079
-766752.493853,10,8438.952913
-489375.547214,5,8439.044071
-563849.097843,7,8439.177674
5288337.460876,35,8439.837684
5036353.438931,37,8440.534646
-787973.432761,10,8440.716706
-490457.102162,5,8440.813872
4511828.790967,45,8441.667923
-491260.67897,5,8441.768507
-813068.848571,10,8441.952574
4930899.814344,37,8442.713181
-480776.564883,5,8442.803817
-759642.437303,9,8442.964927
5067848.701431,36,8443.606901
4507993.581959,48,8444.479873
5509184.827827,31,8445.046247
-486386.997365,5,8445.144144
-1065610.973682,13,8445.400892
-503092.906061,5,8445.485954
-774642.210004,9,8445.661688
-464632.351874,5,8445.75882
-496591.400934,5,8445.849026
-1000485.818109,12,8446.073761
-493636.557127,5,8446.178313
4384833.811357,49,8447.103845
5386302.595629,42,8447.891589
-486422.553123,5,8447.990216
-494388.814039,5,8448.079399
-644850.909624,8,8448.231059
5423318.88681,28,8448.758377
-588010.133863,7,8448.897698
-726495.334591,9,8449.061012
-491440.880009,5,8449.157753
6444612.145469,88,8450.794365
-496855.094902,5,8450.884859
-492229.469358,5,8450.985111
-722459.45616,9,8451.157625
-493710.064769,5,8451.248435
-747082.054553,9,8451.418062
-484072.327786,5,8451.515507
5400204.996557,28,8452.04876
-578500.838809,7,8452.175824
5192120.976311,36,8452.848206
-480720.414838,5,8452.945611
4880856.760845,43,8453.744992
-728305.107847,9,8453.921219
5011243.399735,41,8454.702895
4609363.906932,51,8455.671747
3738765.450156,59,8456.799303
-491952.42433,5,8456.890483
5364521.804492,31,8457.491524
4242005.28304,50,8458.447605
-893158.936014,11,8458.653602
5029867.252509,40,8459.419399
5209009.316236,34,8460.071575
-563779.395089,7,8460.208662
5359883.683789,35,8460.881695
-494325.972445,5,8460.968905
-737495.188724,9,8461.147658
-807540.828667,10,8461.338894
-502650.571114,5,8461.429672
-871129.847964,10,8461.631869
-483077.624285,5,8461.725998
-513277.381304,6,8461.841513
-501267.793699,5,8461.944375
-694919.387688,9,8462.120177
-495529.722523,5,8462.217227
4691188.835069,41,8463.00493
5184047.156991,34,8463.640857
-753712.781161,9,8463.810859
-650724.347856,8,8463.956342
5022131.394334,40,8464.739717
-489904.131984,5,8464.836265
-488990.758796,5,8464.932175
3258376.982748,63,8466.174901
-906681.465486,11,8466.388729
-480691.59459,5,8466.48347
-750389.410008,9,8466.653874
4125341.02499,48,8467.58586
-1168720.461385,15,8467.876927
5388904.986911,28,8468.428574
-495801.265479,5,8468.53444
-488399.904477,5,8468.629028
-502525.731684,5,8468.725445
-496373.760059,5,8468.828487
-790051.911587,9,8468.996879
5225027.017051,43,8469.843316
-795717.057694,9,8470.022618
-472205.087191,5,8470.125507
-476025.02066,5,8470.228686
4468271.362758,47,8471.119143
-749139.292495,9,8471.294921
-830370.546631,11,8471.50556
5120703.480534,35,8472.180765
-710639.257608,8,8472.333435
5446462.203937,29,8472.882114
5428524.77162,24,8473.343132
-577943.090209,7,8473.477456
-482106.43805,5,8473.567325
-496304.129031,5,8473.675983
5133510.376718,41,8474.452716
5228265.63613,34,8475.097494
-491737.163036,5,8475.203716
5143467.73051,37,8475.906462
-862953.416133,11,8476.118367
4388534.176924,58,8477.314073
-490127.943861,5,8477.414932
-865937.773107,10,8477.609557
4975168.47157,35,8478.269604
4780975.826107,41,8479.051991
4978332.896557,36,8479.748437
-757303.39421,9,8479.912692
-494563.904708,5,8480.014868
5307130.183543,42,8480.784337
5282228.452184,35,8481.469933
-496920.527806,5,8481.572633
-616325.859047,7,8481.699724
-857250.53673,10,8481.893404
-780358.49821,10,8482.081591
-495839.640389,5,8482.178269
-615871.16743,7,8482.31191
-511911.77484,6,8482.426697
-498660.339519,5,8482.523814
4226166.939805,51,8483.500153
-830421.083334,10,8483.693447
-502631.819826,5,8483.790274
-707900.262411,9,8483.972282
-588791.270505,7,8484.105773
4278435.517087,47,8485.014379
5324731.692687,35,8485.713583
-493944.785898,5,8485.808272
-773653.402235,9,8485.978285
-679942.883183,8,8486.134023
-493095.366169,5,8486.233287
-691438.15866,8,8486.396612
-495466.16248,5,8486.4931
-489946.936475,5,8486.590022
5335064.333212,31,8487.189884
4226768.099111,48,8488.105054
5712034.275374,44,8488.950632
-465141.187338,5,8489.043971
-688141.298331,8,8489.207714
-449852.68042,5,8489.298561
4813335.558607,99,8491.195554
4947121.384232,37,8491.909617
4420388.424902,47,8492.813427
-584419.934987,7,8492.948922
-931250.942832,11,8493.158957
-484995.108571,5,8493.249943
-483925.023672,5,8493.347049
4931110.403049,65,8494.584445
-484728.271733,5,8494.680001
-502060.696378,5,8494.776589
5244552.930805,42,8495.58282
-495847.189563,5,8495.680154
-496086.933716,5,8495.772857
-838504.430692,11,8495.98259
5414724.509634,33,8496.631558
5030302.121687,39,8497.414076
5812311.137336,56,8498.412659
-497764.677629,5,8498.491833
-766350.411003,9,8498.648971
-481283.46772,5,8498.739809
-797829.72621,10,8498.91621
5295212.404977,35,8499.564101
-474552.206019,5,8499.65483
-486694.984311,5,8499.745818
-479977.41253,5,8499.837039
-858823.469416,10,8500.018597
-488600.606729,5,8500.10971
5233178.235263,36,8500.800319
-483504.824077,5,8500.897687
-960245.318647,12,8501.13406
-825037.236246,10,8501.339845
4767937.069022,40,8502.109124
-1279990.026643,16,8502.431217
-838993.681319,10,8502.636228
5066806.892918,35,8503.269042
5371886.813118,34,8503.878493
5323634.890353,38,8504.582045
5237777.509827,34,8505.218388
-489941.989221,5,8505.315436
-1041611.291056,14,8505.575905
-476006.821378,5,8505.676768
-489058.834633,5,8505.769633
-496741.790855,5,8505.866568
-499259.081836,5,8505.972171
-919868.842164,11,8506.187774
-500209.436323,5,8506.284842
5331995.235059,33,8506.91508
-501231.714806,5,8507.011958
5337307.175486,31,8507.605661
5302082.798155,42,8508.412346
4038300.891171,53,8509.411908
5408327.049329,28,8509.938516
-475308.099672,5,8510.03594
-502205.407893,5,8510.132943
5271095.940649,38,8510.847957
-968389.464697,12,8511.072117
5274653.379477,36,8511.757174
5257161.710004,33,8512.375044
-615428.878832,7,8512.508433
5053756.120313,38,8513.229305
5047830.930272,42,8514.047571
-497678.466703,5,8514.150515
-493228.798537,5,8514.253731
-982114.887747,12,8514.490102
-722672.328736,9,8514.659137
-474352.819198,5,8514.762482
-655127.039767,8,8514.916311
-1285224.942258,17,8515.231616
-751181.287972,9,8515.398899
-483976.964561,5,8515.501396
5366361.415199,30,8516.067702
4775443.074882,40,8516.822443
-497363.279037,5,8516.922563
5028493.495403,39,8517.658768
5034869.012198,36,8518.374336
-491077.223359,5,8518.467967
-705517.743896,9,8518.640845
-599980.449403,7,8518.774146
5274882.934087,36,8519.459195
-697471.053158,9,8519.622484
5376055.252393,37,8520.33388
-524141.327965,6,8520.446832
5293172.252917,35,8521.162079
-485418.285015,5,8521.265211
-487845.442254,5,8521.367686
-699776.485354,8,8521.537608
-502231.191741,5,8521.648663
-905077.240538,11,8521.85502
-861668.565639,10,8522.046556
5156993.797602,37,8522.755156
5519179.744359,55,8523.809927
-1061523.515936,13,8524.04622
-909285.773369,11,8524.252202
4473023.240227,43,8525.076876
-474547.149325,5,8525.173626
5427712.081471,30,8525.767477
-801990.688756,10,8525.966927
-517363.827655,6,8526.076455
5168016.469871,37,8526.793303
-484897.655132,5,8526.882282
4916011.147214,39,8527.627576
-493795.170681,5,8527.724429
-495229.171054,5,8527.825793
4020595.749209,53,8528.861255
-657407.694682,8,8529.01553
4858647.088212,39,8529.790992
-508692.139458,6,8529.912156
-499177.49255,5,8530.008896
-479158.489161,5,8530.105952
-667639.269737,8,8530.269883
5409880.605802,25,8530.766872
-487271.992605,5,8530.869978
-492871.958481,5,8530.9733
-484381.636189,5,8531.069511
-733496.175324,9,8531.245745
-496027.397215,5,8531.348665
4706081.356699,57,8532.450883
-731976.782886,9,8532.62715
5340542.017118,30,8533.154096
5411032.266932,28,8533.644916
-495324.882305,5,8533.736485
-487878.482486,5,8533.820938
5389192.70378,26,8534.293623
5373410.122014,29,8534.820481
-453000.062519,5,8534.911657
-954623.673587,12,8535.129451
-496517.908528,5,8535.22097
5409572.211098,28,8535.759688
-494721.218699,5,8535.863335
-619908.288485,7,8536.00252
-804245.941262,10,8536.202404
4905801.224712,41,8536.996162
5389222.397214,39,8537.747801
5284050.031153,37,8538.468766
4583529.482259,41,8539.26287
-600423.960356,7,8539.389476
-715294.421036,9,8539.559681
-485511.133022,5,8539.65669
5401034.813024,29,8540.201987
4952983.349849,41,8540.947089
4278714.853659,55,8541.959933
5546371.514117,41,8542.711046
-499011.925515,5,8542.801308
-723601.938761,9,8542.9714
-804640.596903,10,8543.171378
4785873.40781,44,8544.007297
5235344.564643,38,8544.722856
-485100.623801,5,8544.819538
-471888.475118,5,8544.910702
5422988.490911,26,8545.413497
-617919.732472,7,8545.553
-809666.91706,10,8545.740674
3878939.92308,54,8546.789108
4128547.988012,67,8548.073822
-827148.394356,10,8548.255576
-493982.567519,5,8548.358443
-663909.815038,8,8548.510407
-915434.377783,12,8548.752598
-493515.560006,5,8548.843419
-560081.804325,7,8548.976922
-482434.236371,5,8549.073954
-1270517.018254,16,8549.370351
5363880.163007,35,8550.042971
-1031373.055173,13,8550.297725
5244210.976949,31,8550.867803
-520740.148479,6,8550.982533
-716079.965939,9,8551.14619
4749050.109422,42,8551.940111
-472688.43309,5,8552.03723
-874990.244287,10,8552.22502
-496240.123753,5,8552.322129
4063123.555394,54,8553.339526
-571169.453735,7,8553.479734
-667758.041849,9,8553.643028
-791274.842666,9,8553.812663
5388820.625729,39,8554.557857
-740014.014619,9,8554.721536
-488268.013095,5,8554.8246
5070483.221444,36,8555.521599
4959365.101296,38,8556.248791
-454237.007498,5,8556.345557
-651259.023188,8,8556.496203
5067224.62958,36,8557.203094
-484466.228832,5,8557.313657
-494302.986962,5,8557.415111
5357067.779462,48,8558.290046
-472179.932808,5,8558.38037
4843387.604267,38,8559.073965
5312327.237348,45,8559.91721
-630650.978938,7,8560.055087
5187107.009162,39,8560.834669
-487223.625602,5,8560.943359
5054409.377425,36,8561.654555
5752351.209002,51,8562.676674
5404700.814506,31,8563.259847
4256794.475101,47,8564.114862
5205513.12554,39,8564.829347
-837314.03123,11,8565.029255
-668996.559218,8,8565.180653
5279709.512117,32,8565.792816
4603294.733778,42,8566.581241
-517466.661313,6,8566.696048
-769369.837477,10,8566.898411
4944802.031712,50,8567.847188
-499758.766069,5,8567.950157
4551946.290368,46,8568.890863
-621481.364416,8,8569.047257
-599755.275312,7,8569.174257
4169578.145036,53,8570.20428
-635882.554443,8,8570.36227
-488578.864983,5,8570.46229
-489977.981333,5,8570.555688
4120260.111262,52,8571.549668
4974437.723119,40,8572.313296
5535747.058956,46,8573.188824
-501672.111053,5,8573.289164
-720821.822647,8,8573.440154
-649315.778929,8,8573.58596
-491856.79385,5,8573.677052
-719195.564163,9,8573.847982
5199402.193026,43,8574.688499
5823067.179968,56,8575.767237
-489182.504633,5,8575.864525
-499547.548711,5,8575.955437
5026272.542995,37,8576.67012
5114195.685919,38,8577.37954
-544204.716207,6,8577.488172
-476686.99636,5,8577.585165
5472864.354768,57,8578.659533
-490732.903358,5,8578.749357
-475463.532447,5,8578.841034
-469136.007667,5,8578.939296
-637799.995173,8,8579.088099
-493099.635117,5,8579.182988
-501881.072095,6,8579.297307
-469627.565493,6,8579.416256
5052563.090622,34,8580.055263
-490935.530509,5,8580.148781
-727529.229001,10,8580.349318
-722493.390727,9,8580.515799
-559822.345487,7,8580.646461
-705489.34695,9,8580.807703
-826378.482363,10,8580.987477
5123847.847246,35,8581.614476
-806223.332945,9,8581.779966
-462476.325062,5,8581.870252
-629225.560946,7,8581.99755
-489063.672876,5,8582.087021
-497508.158944,5,8582.175879
5149688.541314,33,8582.782207
-876051.687962,11,8582.994154
-747621.284507,9,8583.163115
4925482.16097,41,8583.949328
5406591.211735,29,8584.499959
-800432.588024,10,8584.687574
4786955.044305,42,8585.495261
4512407.926166,49,8586.426512
-488585.869469,5,8586.529749
5242454.507879,34,8587.178386
-657962.877172,8,8587.332758
3980327.644579,54,8588.366026
5002438.459382,40,8589.117214
-495591.754981,5,8589.208107
-499561.334242,5,8589.313888
-489065.289899,5,8589.414351
5287988.601002,34,8590.050305
5070005.957914,38,8590.765612
-501967.11392,5,8590.856797
-492393.671075,5,8590.953337
-702299.633749,8,8591.099115
4944204.991559,41,8591.843077
-479012.230339,5,8591.928954
4844434.307248,44,8592.722788
5409097.344811,26,8593.189607
-823076.905161,10,8593.377698
-817731.807318,10,8593.571763
4246309.510377,48,8594.504413
-797338.619613,10,8594.692419
5268838.883072,34,8595.328959
-497193.264966,5,8595.419917
-502520.038011,5,8595.516263
-501138.717814,5,8595.613375
-997547.081753,13,8595.865308
5084406.07702,32,8596.486024
5688574.111906,41,8597.316759
-470338.551905,5,8597.413735
5310525.520663,37,8598.128979
-988186.146851,12,8598.364823
-630733.281173,7,8598.510495
-481627.338055,5,8598.601559
-502497.900581,5,8598.698006
5310334.075869,40,8599.469324
-590239.137224,7,8599.594732
-490139.645698,5,8599.691714
-521957.988206,6,8599.801178
-665092.503218,8,8599.952254
5717007.94634,49,8600.910064
5038910.534036,38,8601.649463
-483862.734252,5,8601.752306
4065737.321168,49,8602.728171
4993188.693489,52,8603.730369
-604676.595378,7,8603.861367
4787386.949504,57,8604.921743
4101088.319556,59,8606.045499
-973496.776783,12,8606.26696
-746646.9129,9,8606.443122
5342788.781604,34,8607.109153
-488408.19104,5,8607.207115
-816939.229847,10,8607.393802
4904088.464257,41,8608.133553
-902220.804255,11,8608.321512
-487704.033513,5,8608.411876
-492685.949196,5,8608.497208
-1112975.395905,14,8608.751186
-604862.150911,7,8608.872383
-775296.735377,9,8609.042303
5124946.425563,51,8609.975771
4974638.092365,41,8610.727105
-767513.370792,9,8610.902539
-485112.827156,5,8610.99343
-495739.808832,5,8611.090841
4467521.15929,46,8611.981067
-495954.897099,5,8612.072434
5414742.206569,28,8612.599134
5158101.149191,36,8613.278514
-766937.210344,9,8613.465953
-490101.662641,5,8613.563242
-502455.273793,5,8613.659878
-516242.720449,6,8613.775835
5527100.534806,31,8614.375401
6333502.31551,93,8616.157081
-495031.344212,5,8616.259291
-568150.116002,7,8616.399199
-472807.863437,5,8616.50139
-494847.67497,5,8616.592838
-487950.8425,5,8616.689966
-772754.646007,9,8616.871327
-913189.838064,12,8617.126278
5331998.336805,43,8617.992628
-710528.893546,8,8618.150976
-744036.619884,9,8618.319824
-490334.900193,5,8618.423247
-485604.000634,5,8618.514144
-792560.202046,9,8618.683304
-731051.740872,9,8618.853503
-674834.770052,8,8619.004846
-476201.515232,5,8619.102143
4733131.689749,42,8619.895429
4533880.150121,46,8620.767957
5300590.463219,32,8621.374314
-789629.589057,9,8621.537896
4850581.529677,39,8622.248815
-500625.476054,5,8622.350489
5134036.999525,34,8622.979722
-502542.910651,5,8623.071103
5318862.765457,38,8623.761651
-753528.743118,9,8623.931477
-495231.147384,5,8624.023951
-486490.007399,5,8624.117703
4862994.039624,82,8625.676618
-454320.026536,5,8625.773979
-648666.364828,8,8625.925165
-764603.25745,9,8626.094546
-495028.971264,5,8626.192081
-866366.354679,11,8626.410901
5214143.953221,35,8627.07061
-458350.327909,5,8627.171898
-484524.615234,5,8627.264397
-500742.24151,5,8627.367559
-489752.938579,5,8627.464074
-493392.038831,5,8627.55495
-496976.126548,5,8627.652325
-491521.598243,5,8627.748948
5089902.357443,37,8628.45241
4322204.421189,50,8629.428225
-494027.127403,5,8629.52479
5199043.854817,60,8630.652206
5376304.108567,60,8631.821594
-486252.901316,5,8631.918776
4892218.95904,42,8632.706458
-610621.444264,8,8632.857522
5127631.84851,48,8633.772433
-472171.754,5,8633.874473
-502382.965155,5,8633.968513
-766936.985061,9,8634.136008
-487617.235533,5,8634.227218
-800858.127189,10,8634.433398
-502839.510684,5,8634.528723
5809620.266264,76,8635.997016
-494845.039492,5,8636.087838
-493512.170183,5,8636.184266
-132785.143918,7,8636.318378
-488888.672549,5,8636.414944
-487951.21253,5,8636.521962
5407420.400009,28,8637.045034
4149616.769325,58,8638.141864
4740408.61614,45,8638.994473
-605654.80654,7,8639.125116
5370826.897542,35,8639.783719
4086269.237304,51,8640.777741
-494585.634832,5,8640.868827
5202217.131199,42,8641.650758
-480953.042595,5,8641.74789
-494391.148169,5,8641.844371
5274857.490393,35,8642.50535
-692879.863286,8,8642.650299
5116642.004278,36,8643.323437
-617832.734743,8,8643.480474
-682514.598751,8,8643.625868
-449099.857771,5,8643.729448
4746216.026375,43,8644.553735
-499229.311388,5,8644.656348
5170836.753611,36,8645.322586
3776411.15211,55,8646.377314
4969462.370239,42,8647.207684
3213678.275513,64,8648.413712
-1166548.844746,15,8648.698008
5540760.124213,35,8649.364685
5266222.837038,36,8650.037515
4913861.715177,41,8650.819065
-590989.725462,7,8650.949394
4541939.759295,46,8651.828815
-849340.848728,10,8652.020354
5613802.597399,47,8652.912261
-497015.764808,5,8653.012995
-889492.605483,12,8653.246968
-482717.040506,5,8653.338664
-695635.944827,8,8653.492074
-461346.760224,5,8653.588464
-522970.467078,6,8653.703518
4793845.018749,46,8654.582143
5614760.955188,54,8655.601135
-853077.912244,10,8655.794124
4785481.766353,64,8657.018634
-496740.100912,5,8657.115314
-498892.822989,5,8657.206708
5317682.203023,39,8657.94564
-525245.714777,6,8658.061357
-487931.275408,5,8658.157647
-870656.525554,11,8658.357837
5251137.233741,32,8658.945397
-497033.378682,5,8659.042284
-872629.775068,10,8659.224102
-480091.631079,5,8659.321401
-738151.683431,9,8659.497127
-861860.189922,10,8659.685315
3898582.519514,52,8660.666364
-618772.369141,8,8660.823889
-492906.74291,5,8660.921118
5310392.842063,38,8661.638941
-825182.578069,10,8661.839086
-456114.379422,5,8661.933113
-494550.807802,5,8662.023904
-495268.354629,5,8662.121917
-487178.355682,5,8662.211591
-496361.062451,5,8662.308424
4613287.373408,69,8663.593622
-481943.209356,5,8663.690179
-892300.780028,11,8663.902493
-925931.53169,12,8664.127281
-707729.668244,8,8664.276064
-502686.645667,5,8664.376327
-479090.899832,5,8664.469068
-471073.741644,5,8664.562793
5333296.246781,33,8665.199312
-491610.982933,5,8665.296255
4754604.167007,43,8666.144682
-460236.905784,5,8666.241395
-496965.248819,5,8666.333229
-654978.728515,8,8666.49208
5222431.42222,40,8667.235581
-492078.362023,5,8667.338316
4963320.390759,43,8668.156473
-503244.98289,5,8668.253528
-560957.642412,6,8668.369985
-487907.537274,5,8668.465512
5397907.315121,30,8669.029194
4184100.883204,54,8670.065733
4497409.141832,48,8671.029274
4692080.516297,46,8671.919799
5050916.732168,37,8672.628492
-612498.913109,7,8672.762194
-488549.318166,5,8672.864802
5272068.933292,85,8674.466429
-495214.05138,5,8674.561903
-494214.800119,5,8674.654694
-480705.129779,5,8674.743789
-716110.328505,8,8674.88574
-709768.747034,8,8675.036619
5013462.663686,46,8675.883148
-945625.927572,12,8676.097342
5205968.500355,33,8676.688586
-479378.912872,5,8676.779884
-617403.045449,7,8676.913197
-491010.870501,5,8677.004156
-494664.297203,5,8677.113103
5366028.207218,42,8677.924986
-476239.604713,5,8678.009652
-502786.84496,5,8678.106747
4896994.274956,40,8678.822124
-502672.401908,5,8678.912732
-493719.367275,5,8678.997896
-470535.144493,5,8679.095982
5303035.093077,38,8679.827947
4983485.785152,41,8680.574839
-885449.587443,12,8680.792103
-801901.872473,10,8680.988381
-721844.033344,9,8681.155227
-684324.217826,8,8681.312657
-478739.000499,5,8681.41778
-502555.633063,5,8681.512227
-736827.286576,9,8681.688127
-547461.130933,6,8681.809225
-670609.117743,8,8681.973198
-746290.7392,9,8682.142887
4830997.538084,44,8683.027787
-483099.380238,5,8683.13038
-496950.564097,5,8683.227856
-488625.61214,5,8683.331183
5824355.581072,52,8684.312916
-601998.524734,7,8684.44591
5363944.120561,32,8685.063869
4761431.901745,40,8685.784875
-627507.404267,8,8685.930593
3405375.228994,61,8687.033854
-500994.61759,5,8687.130085
5109125.946236,36,8687.772251
4144945.299519,50,8688.736002
-152263.807614,8,8688.893408
-486208.604537,5,8688.990239
-492605.906586,5,8689.081594
3945799.632942,63,8690.281355
5814778.865287,51,8691.275063
-479445.426954,5,8691.365922
-733941.608089,9,8691.535424
-484160.687111,5,8691.626814
-495760.902569,5,8691.717309
-965796.189147,12,8691.953467
-941970.932086,12,8692.172014
5344012.767192,31,8692.759505
-970843.956343,12,8692.996408
-707527.520628,9,8693.165664
-502820.355314,5,8693.262687
5075987.895079,38,8693.959805
5309227.913163,39,8694.686871
-824695.264224,11,8694.898749
-831660.388421,10,8695.090677
-488738.105479,5,8695.187113
-771229.674395,9,8695.359303
-502623.515208,5,8695.456254
-554843.386262,7,8695.594769
-479655.760589,5,8695.694748
5754795.907666,47,8696.583613
-489726.533762,5,8696.680709
4907983.659394,37,8697.395769
5330077.672893,44,8698.249882
-496504.74326,5,8698.340672
4991311.155057,39,8699.089555
-631552.227198,7,8699.22882
-502116.151915,5,8699.316663
-1059082.964163,14,8699.589239
-458734.606152,5,8699.686192
5460686.489958,48,8700.6072
-570819.998629,7,8700.740348
5236609.398914,33,8701.374189
-493705.718646,5,8701.473691
5214224.24919,51,8702.452576
-509595.48792,6,8702.57075
-491587.737456,5,8702.667786
-581763.340904,7,8702.807518
5325014.833052,35,8703.476418
5377190.62948,35,8704.152383
5450867.476954,29,8704.70965
-502536.283102,5,8704.812903
-481505.41065,5,8704.903896
-481337.159633,5,8704.9949
-1058501.268232,13,8705.250244
-447734.343124,5,8705.340174
-761698.312661,9,8705.521818
5679812.070369,62,8706.642654
-805988.899594,10,8706.823674
-512281.907456,6,8706.928224
-483063.779999,5,8707.012585
4791532.688791,41,8707.757212
5391161.492918,40,8708.497408
-471780.326249,5,8708.588219
-465993.995038,5,8708.679094
-487547.815628,5,8708.769932
-664183.526733,8,8708.915664
5344228.719511,32,8709.527645
-502652.088421,5,8709.633931
5310738.115005,32,8710.258661
-1015162.742345,12,8710.479312
-1465741.33617,20,8710.866829
3616057.998466,58,8711.969836
-1488327.881895,20,8712.351414
5405681.77576,44,8713.220214
-501942.230154,5,8713.315016
-490762.112881,5,8713.412169
-476448.378216,5,8713.514622
-496453.543182,5,8713.611744
-494427.572039,5,8713.702745
4538113.039075,47,8714.614488
-462745.254486,5,8714.708838
5275928.268508,37,8715.423895
5062840.290488,50,8716.374963
-503011.879196,5,8716.466549
-1121569.374566,14,8716.747122
5441636.731364,25,8717.220479
-498801.75019,5,8717.320529
-1119438.02289,15,8717.611304
-1307604.721708,17,8717.92661
-501387.509815,5,8718.023149
4904420.577343,39,8718.769039
-776642.21383,10,8718.963038
-502644.647177,5,8719.060663
4509955.17187,49,8719.97497
3674266.008172,57,8721.0718
-798046.971815,10,8721.271837
-776529.896529,10,8721.468586
5222011.083787,31,8722.053011
5239307.526881,46,8722.951822
-492381.554591,5,8723.040974
-502759.188494,5,8723.131806
5407707.653171,32,8723.759926
-503355.746038,5,8723.84724
4193631.419285,49,8724.762139
4972901.419855,38,8725.489341
-495590.164058,5,8725.588625
-482300.644894,5,8725.695516
4977613.168905,38,8726.416677
-886357.002333,11,8726.627357
-487311.619779,5,8726.719407
-725515.212926,9,8726.906984
4795720.501971,41,8727.68332
-490723.973799,5,8727.780532
4785235.288172,41,8728.55582
-784923.026262,9,8728.72509
-492074.15196,5,8728.822049
-725900.192941,9,8728.997682
-748230.215746,9,8729.167512
-611875.695642,7,8729.300672
-483497.611541,5,8729.403888
6082000.40495,69,8730.72459
-492452.09688,5,8730.821849
-502648.293848,5,8730.927619
5005659.128039,37,8731.682478
-495046.641944,5,8731.785827
-1052945.590481,13,8732.034436
-488403.752343,5,8732.128464
-849477.740677,11,8732.330933
5145046.610336,34,8732.985422
-691997.17584,8,8733.139178
5212216.574145,35,8733.809487
5332061.289379,45,8734.663091
-868399.02594,11,8734.869581
-588376.194687,7,8735.003402
5135975.39278,33,8735.621485
5736042.230991,58,8736.803355
-492834.341282,5,8736.912532
-620327.160518,7,8737.063851
-492838.193834,5,8737.168838
5029719.302897,68,8738.409924
-556254.481845,7,8738.542588
-487206.267709,5,8738.633185
5095039.329582,38,8739.317617
5462612.375466,29,8739.856975
5524203.498149,57,8740.936102
-501567.894356,5,8741.034257
-804086.57804,10,8741.22582
-740213.01213,9,8741.402391
-495830.987965,5,8741.499425
5366566.063998,44,8742.366201
-710952.303335,8,8742.535431
-706587.824242,9,8742.724212
-459579.983691,5,8742.820303
-772718.770581,10,8743.008386
-520068.152552,6,8743.117287
-484230.723575,5,8743.217188
-493402.41307,5,8743.316859
-864161.783908,10,8743.517694
5211189.254154,48,8744.444523
4901037.102205,41,8745.220377
5279032.009505,34,8745.904817
-777535.541354,9,8746.074501
-500376.377635,5,8746.178084
-808241.128441,9,8746.347254
-722164.448027,8,8746.498527
5265406.138914,36,8747.171759
-851322.919842,10,8747.353559
-743477.207529,9,8747.523563
5308564.098051,36,8748.226159
-1028371.696937,13,8748.455873
5315258.380593,31,8749.026511
-487582.661177,5,8749.110687
5345598.810562,37,8749.783544
-475013.11204,5,8749.877617
4514111.868957,47,8750.735294
-739253.937122,9,8750.904735
4503571.498933,47,8751.783216
-491178.87576,5,8751.879802
-729907.102302,8,8752.025679
5298511.915842,34,8752.688665
5359799.828612,33,8753.328078
-481557.087062,5,8753.425316
-836043.615098,10,8753.620003
4838837.167299,38,8754.358541
-495267.253758,5,8754.463187
4917352.341353,37,8755.152548
-494944.426386,5,8755.243566
-486394.896309,5,8755.342462
5026486.929907,38,8756.073583
5173248.467896,33,8756.736345
5414274.009416,24,8757.21878
-481047.185177,5,8757.325839
-460777.751645,5,8757.431501
5511569.484165,36,8758.127917
-747627.330714,9,8758.309633
5110492.066583,40,8759.103655
-475030.120931,5,8759.206277
-494980.012312,5,8759.303792
3913380.229653,59,8760.455102
5088926.426761,36,8761.152036
4994986.785387,38,8761.890759
5337473.570912,37,8762.648357
5150692.664701,41,8763.448265
5190797.514712,31,8764.030223
5240362.049194,44,8764.854545
-455711.910582,5,8764.95158
-785044.756233,9,8765.127114
-553086.403089,6,8765.243738
-492233.858641,5,8765.339972
5615784.967379,44,8766.1934
-482646.143868,5,8766.290976
-1040617.675723,13,8766.544717
-505363.29962,6,8766.666118
-475486.725934,5,8766.765113
4526873.19655,44,8767.593446
-484343.131794,5,8767.696401
-796917.627006,10,8767.884567
-574566.097889,7,8768.023489
-490741.231769,5,8768.120673
5176364.433423,37,8768.830135
4048660.52307,54,8769.862245
5118820.611066,67,8771.162649
-487460.338707,5,8771.253374
5355699.211489,32,8771.878079
-479424.573455,5,8771.970864
-481557.574697,5,8772.062654
-720917.15519,9,8772.222866
5147667.8938,35,8772.853127
5692657.002511,58,8773.920111
4904811.90969,38,8774.641518
4997879.246247,37,8775.337829
5391625.195827,28,8775.883679
-495338.274018,5,8775.974046
-740435.894235,9,8776.149999
-889508.229156,11,8776.368566
-476710.913384,5,8776.477685
-589101.026481,7,8776.605172
-578234.442032,7,8776.743872
-706984.710307,8,8776.895038
5198105.866719,33,8777.525639
5027075.456625,39,8778.253251
-490308.461277,5,8778.337407
5659256.260068,80,8779.907105
5339720.717085,32,8780.501432
-486986.692922,5,8780.597601
5369042.828511,31,8781.155217
5409342.543091,25,8781.592918
5272131.661841,31,8782.167208
4891156.82072,40,8782.912468
5059854.463265,38,8783.603766
-888165.834218,10,8783.797608
-599174.442135,7,8783.924579
-846273.992682,10,8784.124593
5068006.729487,34,8784.797192
-729461.260503,9,8784.967414
5054145.624678,37,8785.694183
-480593.584576,5,8785.791292
-516495.299107,6,8785.900776
5041065.476215,42,8786.682317
-491217.124399,5,8786.773112
-502582.368557,5,8786.87026
-695903.34804,9,8787.039824
5305014.32052,32,8787.652036
-925612.764841,12,8787.888222
5260887.171007,36,8788.591124
-636640.967363,7,8788.730097
-501384.05424,5,8788.827298
-493409.877581,5,8788.924444
-494156.190962,5,8789.014993
-726383.180731,9,8789.184569
-485483.964893,5,8789.275445
5450264.656398,31,8805.952362
-770713.410418,9,8806.115917
-1367130.784015,18,8806.474056
5638978.660495,46,8807.35836
-494274.166337,5,8807.455754
-477558.322432,5,8807.55836
5447744.568169,41,8808.364414
-612787.256875,7,8808.504001
5358126.741511,35,8809.182729
5195493.923543,37,8809.885133
4918262.838346,41,8810.673202
-786437.948043,9,8810.843115
4993886.122011,72,8812.244093
-490937.533577,5,8812.344074
4912477.594571,36,8813.049062
5132997.352913,37,8813.760619
-737324.212352,9,8813.933483
-927044.616356,12,8814.157872
5433381.63477,27,8814.691004
-488503.51358,5,8814.787893
-490419.420371,5,8814.890491
-621670.894985,7,8815.032176
4582808.16331,48,8815.981585
5229246.116784,33,8816.623961
-804628.232396,10,8816.824011
5423173.501331,29,8817.369068
-453901.907674,5,8817.460461
-584599.744218,7,8817.593709
-417175.576148,5,8817.684901
5248232.263906,37,8818.393403
4817320.036473,40,8819.145221
5357601.849431,36,8819.84153
-616071.137895,7,8819.9751
-792228.163784,10,8820.168534
4879487.899254,37,8820.866276
-467390.017546,5,8820.963183
-632645.353817,7,8821.096607
4703058.688653,54,8822.126532
5062158.693975,36,8822.811196
-482651.241205,5,8822.907965
-484386.402012,5,8823.013601
-501474.48771,5,8823.108682
-495928.263405,5,8823.205091
-492018.860534,5,8823.30196
5416760.660464,26,8823.804638
-502464.909621,5,8823.902219
-573698.918771,7,8824.035504
-854656.508514,11,8824.235026
-502399.087199,5,8824.326202
5307936.618726,31,8824.889514
-479774.432981,5,8824.974673
5304825.513716,31,8825.544536
-781158.847036,9,8825.712219
5354891.826719,31,8826.271555
5434265.514191,28,8826.787639
5249677.666543,39,8827.507629
-577976.334154,7,8827.640813
-475276.698613,5,8827.738804
-802260.546779,10,8827.925747
-727397.721208,8,8828.083419
5295994.499814,36,8828.771332
-842278.275117,10,8828.955888
-773492.29685,10,8829.145445
-492077.933889,5,8829.247192
5433803.586701,36,8829.943379
5393891.329882,28,8830.465098
-498385.132054,5,8830.555816
-742260.562665,9,8830.73729
4057394.615282,57,8831.84657
-498975.51514,5,8831.943359
5253058.23933,30,8832.525316
-490592.100815,5,8832.616136
5357782.871246,40,8833.383744
-796960.071487,10,8833.567656
-481719.031702,5,8833.676869
-1098062.121538,15,8833.967229
5119764.95815,35,8834.622982
5290798.827937,33,8835.240285
5842119.901383,47,8836.130816
-462313.550168,5,8836.228131
5311454.088278,32,8836.851623
5163648.962559,34,8837.496565
-491090.308728,5,8837.591716
-613714.813892,8,8837.74722
5152260.678698,41,8838.522796
-489171.710702,5,8838.6216
-492239.961996,5,8838.727035
-470638.366544,5,8838.821146
-671889.995351,8,8838.973039
4374484.650891,45,8839.839896
3944303.660257,64,8841.063499
-602505.690034,7,8841.196714
-627499.209667,7,8841.330089
-502834.096082,6,8841.445153
-882674.760312,11,8841.651582
-502721.108902,5,8841.748094
5340289.688156,31,8842.330469
-455655.343533,5,8842.419672
-645492.413885,7,8842.542044
-493923.317097,5,8842.6268
-601417.916669,7,8842.754122
5233597.152984,33,8843.342099
-693560.909173,8,8843.481186
-497279.271236,5,8843.57854
4244515.926382,49,8844.530358
-610661.549467,7,8844.660762
5144032.692688,41,8845.432908
5438659.629718,30,8846.02046
-582058.544353,7,8846.147795
5102219.168901,34,8846.82685
-1376835.821674,17,8847.160115
3833990.977811,56,8848.232176
-510790.265816,6,8848.353644
5351003.262734,36,8849.063121
-629369.205746,8,8849.214558
-502967.985102,5,8849.305454
-876544.298172,11,8849.517111
5164549.945352,34,8850.153395
5297149.40986,38,8850.874906
4174085.927905,51,8851.846347
-488454.836138,5,8851.944918
-1336119.412102,17,8852.262651
-1403316.587628,19,8852.619987
-707934.252071,9,8852.801612
-1192511.390463,15,8853.088958
5031837.466774,40,8853.856024
-472779.270814,5,8853.953252
-472237.036484,5,8854.044164
4814446.839093,44,8854.880386
-788958.225545,10,8855.067689
5201012.125265,36,8855.765146
5368575.325624,33,8856.383296
5392681.343765,36,8857.104166
-481964.095802,5,8857.20826
-496348.38225,5,8857.316599
-487569.887085,5,8857.413985
-503104.966975,5,8857.516455
4247620.248955,68,8858.776668
-682426.761408,9,8858.940014
-726596.021314,9,8859.103842
-493935.453209,5,8859.194833
-518958.894151,6,8859.303952
5378031.330867,37,8859.993335
-491815.972257,5,8860.08592
3936281.213199,52,8861.097842
-482249.941142,5,8861.19457
-457212.577148,5,8861.285386
4824141.396544,41,8862.075816
-494868.6827,5,8862.173504
5460232.266332,63,8863.351564
-859168.41551,10,8863.530223
5132856.060783,41,8864.273137
-500828.115,5,8864.364061
-585377.721167,7,8864.490877
4489605.581825,44,8865.297125
-481844.043271,5,8865.38836
-814780.303916,10,8865.588283
-487061.847134,5,8865.685509
-622216.442958,7,8865.824341
-496223.885589,5,8865.914959
4563772.06157,45,8866.830514
5470938.766513,28,8867.369651
-710797.245591,8,8867.515228
5224336.251559,35,8868.181461
5396613.788051,32,8868.802906
-976006.756329,12,8869.023714
5308133.249956,34,8869.647847
-487766.997704,5,8869.745077
4846853.286511,42,8870.508785
-478311.273772,5,8870.599665
-495622.046418,5,8870.694573
4212195.891211,51,8871.67835
-459763.690316,5,8871.787377
4951172.366793,38,8872.550837
-496658.760895,5,8872.641505
5291647.553222,36,8873.339127
5328446.960526,32,8873.95673
-450815.480732,5,8874.050971
5158816.887466,37,8874.7563
5268197.32368,40,8875.526724
5021775.625284,37,8876.228908
-486673.77863,5,8876.320207
-492251.531067,5,8876.417048
-704455.559764,9,8876.586516
-482206.324086,5,8876.683784
-769572.443491,9,8876.853524
-496074.431209,5,8876.943929
-637988.722545,8,8877.101727
-793166.65337,10,8877.297709
4911370.544857,41,8878.071063
-482071.700649,5,8878.168455
5242447.355925,36,8878.866721
5338222.21286,34,8879.494118
5175110.788397,35,8880.14395
-463687.281571,5,8880.246488
3722667.243143,58,8881.362693
-502561.338167,5,8881.458593
-567907.517224,7,8881.586107
-613107.074046,7,8881.719371
5317869.370353,38,8882.42218
5329469.823516,32,8882.992298
-488258.691397,5,8883.082728
5284758.147977,64,8884.264825
-759034.061336,9,8884.434014
5318363.406801,35,8885.088815
-494202.489956,5,8885.185388
5321612.05339,38,8885.912827
-483019.863517,5,8886.004055
-600415.489076,7,8886.137539
3894108.586534,52,8887.142869
-502750.715746,5,8887.240217
-487493.065558,5,8887.336747
-490379.422107,5,8887.428245
5388385.122732,30,8887.997636
4921169.187363,41,8888.790945
-492970.699876,5,8888.894051
-497592.376193,5,8888.991448
-683867.300108,8,8889.14905
-704432.235914,9,8889.313613
5814934.088919,52,8890.306249
-484486.611769,5,8890.403216
-494984.998807,5,8890.504626
-566512.391947,7,8890.634235
-499065.956215,5,8890.728503
-502488.471424,5,8890.824679
-747941.172029,9,8890.99674
5076764.195758,38,8891.706243
-496632.773098,5,8891.809153
-489068.404566,5,8891.906589
5038355.267213,44,8892.736698
-605034.415863,7,8892.869356
-478899.699207,5,8892.966284
-456324.707749,5,8893.065789
-495071.752481,5,8893.160629
3820051.432791,83,8894.759908
-642145.515138,8,8894.918099
-487945.890486,5,8895.014832
5333934.764459,36,8895.699308
4696471.757596,42,8896.493238
-494143.513287,5,8896.590177
-769976.629405,10,8896.790802
5240686.473654,35,8897.45113
5112445.725691,35,8898.11707
-823230.051506,10,8898.311733
-486956.021378,5,8898.402375
5098706.796243,52,8899.383747
-468894.625988,5,8899.48706
-656090.675395,7,8899.626475
-608282.17297,7,8899.765547
-486970.474127,5,8899.862573
-487771.069697,5,8899.959956
-492757.21202,5,8900.056457
-549212.855893,6,8900.178073
-496741.528692,5,8900.26242
5217550.937178,33,8900.887054
-797012.582604,9,8901.056208
-617821.715346,8,8901.208057
-494834.278961,5,8901.310688
-471777.427554,5,8901.395655
5095828.399109,36,8902.104923
5365759.912205,37,8902.801931
-843479.950104,10,8902.989434
5120955.791209,49,8903.929238
3843144.797471,57,8905.001536
-492547.012497,5,8905.098175
-494593.485763,5,8905.18368
-540586.940472,6,8905.304309
4728953.643704,42,8906.104562
5195175.698618,35,8906.771286
-500204.180481,5,8906.874145
-891350.018596,11,8907.092046
-558415.831364,7,8907.225721
4027886.371305,70,8908.504604
-621739.714217,7,8908.625198
-874493.203214,10,8908.800968
-1110724.285026,15,8909.06144
-887062.691748,11,8909.24974
-475997.197146,5,8909.340128
5186708.235872,37,8910.007304
6318175.569131,108,8912.073531
5122683.002297,37,8912.788765
5201704.541317,39,8913.557961
5333535.182685,32,8914.170015
3815866.653491,53,8915.209342
-498399.02418,5,8915.309452
-482086.153778,5,8915.406358
-479084.809478,5,8915.510701
-722702.150108,9,8915.67896
4871813.188254,39,8916.428551
-637092.496167,8,8916.575627
-886933.913497,11,8916.799819
-494079.139256,5,8916.909467
5117244.251503,37,8917.636091
-486080.96342,5,8917.727492
-486073.034512,5,8917.817966
-817671.043019,10,8918.000257
-645125.678624,7,8918.121038
4751887.804985,45,8918.933573
-500664.533928,5,8919.017921
-563366.388752,7,8919.151485
5220086.120966,31,8919.71793
-483615.701961,5,8919.80581
5437251.254086,57,8920.952807
-495504.863029,5,8921.042053
5240306.913065,35,8921.714544
-666126.703789,8,8921.872451
5422115.481935,26,8922.388265
4776579.683081,40,8923.145194
5285666.678692,38,8923.875265
5381343.323534,30,8924.453465
-479234.533162,5,8924.54679
5185511.007585,38,8925.265513
-502307.877025,5,8925.363015
-480348.427412,5,8925.459906
-883576.965843,12,8925.682332
4213673.336352,51,8926.64161
-805204.1292,10,8926.829359
5227856.548473,37,8927.532345
4547214.640641,45,8928.386371
-487818.593384,5,8928.4773
-760857.26002,9,8928.640866
-780870.605431,10,8928.84133
4423120.450531,48,8929.737811
-677576.873793,8,8929.895352
-486046.786669,5,8929.99274
-510498.991646,6,8930.111101
-489437.902085,5,8930.208082
-712918.864696,9,8930.386264
5271587.554511,33,8931.007067
-502583.537916,5,8931.095477
-527099.17349,6,8931.210693
4810314.17021,40,8931.931718
5413992.968526,35,8932.592439
-560543.882931,6,8932.713736
5323079.723206,45,8933.567823
-741098.918379,9,8933.737573
-497137.02846,5,8933.828841
-488632.886706,5,8933.924652
5353349.71529,35,8934.573634
-461435.876847,5,8934.664708
5342227.121086,30,8935.252465
-628873.964615,8,8935.397996
-645637.919387,8,8935.543079
-480020.017671,5,8935.640253
4983981.041508,41,8936.422191
4753716.895835,43,8937.276774
-1052827.923777,13,8937.54339
5156322.185891,35,8938.239762
-474655.664214,5,8938.330943
4752931.093009,41,8939.121005
-783062.384514,9,8939.299953
5050189.029015,34,8939.94913
4929362.15313,38,8940.66683
-755709.093137,9,8940.839952
-493757.60437,5,8940.935631
5441236.843977,30,8941.531782
-491521.478735,5,8941.627696
-623711.561198,8,8941.779363
4370044.722048,46,8942.645841
-501378.85767,5,8942.742303
4576319.363129,45,8943.615303
-502930.255477,5,8943.71626
4264223.05485,48,8944.627008
-512507.967758,6,8944.735985
-908101.711244,12,8944.954436
4034776.859294,100,8946.833589
-716434.033892,8,8946.990786
5276659.054228,36,8947.675411
-747026.894017,9,8947.851088
5361833.077092,60,8948.996178
4803161.101174,38,8949.711338
-495074.719504,5,8949.802642
-495279.585263,5,8949.899386
-495305.92651,5,8949.998404
5096983.807811,37,8950.711391
-796813.198113,10,8950.905273
-468998.795221,5,8951.002479
-485293.198239,5,8951.099274
-1460549.681088,19,8951.463041
5498243.704243,46,8952.333682
-847012.392802,11,8952.550386
5345366.209558,38,8953.271892
-728151.535417,9,8953.444009
5219053.058858,69,8954.777896
5397935.15823,29,8955.322869
-478860.26884,5,8955.408051
-498694.751462,5,8955.510931
-736144.489406,9,8955.680742
5412283.552155,30,8956.238232
-795304.592453,10,8956.419472
-904545.34939,11,8956.619532
4833169.456444,43,8957.395179
-868508.383778,11,8957.595112
-827727.514169,10,8957.777364
5399592.503006,32,8958.401478
-491107.149432,5,8958.498185
-916018.289014,12,8958.718709
5189183.280618,35,8959.408384
5350089.404457,31,8960.019065
-480586.878308,5,8960.116299
-667283.9874,8,8960.267875
-501101.180539,5,8960.362214
-690741.874838,8,8960.510451
-815857.095536,10,8960.69797
-491365.146903,5,8960.794838
-553344.175716,6,8960.923845
5166577.888848,36,8961.612995
4951110.235719,40,8962.382542
-496320.803111,5,8962.479413
-483509.147013,5,8962.570604
-590116.357134,7,8962.710098
-484113.141577,5,8962.800962
-487665.423289,5,8962.90383
-819166.685389,10,8963.085294
-611282.827681,7,8963.219059
5006986.219175,40,8963.970181
-514859.89911,6,8964.079244
4046124.222404,53,8965.024572
5274175.984296,56,8966.030542
-1333470.022632,17,8966.339565
5658591.668405,39,8967.066995
-596230.078145,7,8967.187979
-491282.733714,5,8967.279014
5205293.524402,38,8967.989415
5387980.705935,35,8968.636312
-832826.15027,10,8968.830458
5235190.411642,32,8969.436442
5249751.85513,36,8970.146324
4432272.948274,49,8971.060519
-494954.535646,5,8971.151417
-429554.091879,5,8971.247987
5052949.551303,40,8972.026514
-490753.042394,5,8972.120663
5645817.642989,48,8973.03642
-726329.082729,9,8973.205958
-518908.568131,6,8973.314398
5115793.488752,35,8973.987153
-497811.52518,5,8974.08481
-488605.185545,5,8974.187055
-790468.349131,9,8974.357071
5392751.26371,25,8974.847842
3868613.147907,54,8975.865603
-497065.953727,5,8975.969125
-652669.290698,8,8976.120498
5045856.025887,58,8977.26317
-499997.82363,5,8977.362506
4221040.397188,56,8978.368606
-502897.841875,5,8978.458948
-511937.838796,6,8978.571967
-467581.833503,5,8978.659598
5016255.690355,36,8979.301921
-498159.179852,5,8979.398565
4123699.280376,52,8980.358644
5005347.543522,40,8981.132491
5471881.57878,38,8981.852815
-502568.078369,5,8981.962277
-502854.538435,5,8982.059322
-490578.333284,5,8982.149774
5171208.541047,56,8983.252716
5478671.125855,50,8984.185987
-483582.31141,5,8984.282966
5144216.875961,37,8984.977569
-461987.829325,5,8985.0706
5090457.378472,36,8985.773975
-489358.85704,5,8985.870904
-844659.539341,10,8986.058533
4094929.131414,53,8987.076701
-484953.895028,5,8987.173471
-811121.359054,10,8987.368017
5507269.728674,49,8988.331095
-502536.443376,5,8988.422124
5332104.778157,39,8989.167411
5218250.221213,31,8989.764272
-715891.819875,9,8989.938178
-493205.880214,5,8990.033606
-887969.998064,12,8990.258315
-1391877.152398,18,8990.603814
5271366.315715,34,8991.25825
-615384.139542,7,8991.391129
4325540.532964,51,8992.397078
-502445.399805,5,8992.493965
5032291.906559,36,8993.18517
-486030.294482,5,8993.282312
5391795.043903,31,8993.858927
5004776.080379,39,8994.615339
-648820.103509,8,8994.766818
-494830.686206,5,8994.869408
-680360.378589,8,8995.021346
-1015777.060006,13,8995.269883
5403164.627955,37,8995.98506
-489432.740397,5,8996.075886
-684107.778701,8,8996.233371
5540580.493561,42,8997.05133
-446415.866321,5,8997.154588
5148605.522791,33,8997.790919
-669017.539374,8,8997.964129
-495533.077205,5,8998.057239
-845107.876074,11,8998.287724
5480980.502048,33,8998.996669
5398978.560743,28,8999.535988
-496811.456829,5,8999.639414
-485140.128573,5,8999.735849
5676852.121206,53,9000.778086
-490271.86867,5,9000.881377
-502683.688295,5,9000.978326
5253610.025185,32,9001.602457
5359577.107729,37,9002.336701
-493166.691081,5,9002.444933
-922278.024305,11,9002.662847
-484259.97318,5,9002.771862
-497847.794438,5,9002.869152
-875002.592937,11,9003.093519
-472267.355304,5,9003.203519
-485570.403249,5,9003.305367
-449476.555841,5,9003.408698
-488203.64041,5,9003.511403
-500284.449055,5,9003.614353
-703518.306436,8,9003.777986
4050826.899599,51,9004.814396
5305136.413781,38,9005.583282
-481635.942264,5,9005.675416
-820356.062494,10,9005.868504
-706724.965468,8,9006.032135
5537352.947511,47,9006.941447
5358169.779941,30,9007.516796
-745044.58255,9,9007.692276
-497211.743142,5,9007.789421
-557424.834707,7,9007.928986
-477110.0271,5,9008.02573
-471746.261029,5,9008.122485
-501789.797648,5,9008.215302
-626134.700176,7,9008.358205
-496102.887374,5,9008.450195
5150506.490868,36,9009.135081
-782649.85767,9,9009.310945
-496112.60715,5,9009.401574
4089359.637414,53,9010.43144
4980546.584211,35,9011.13449
-799334.01542,9,9011.303889
4723312.816497,41,9012.116542
-497188.890095,5,9012.21916
-658021.919606,8,9012.364947
5237512.228352,32,9012.989455
-490927.641386,5,9013.085817
-475176.5381,5,9013.200954
-480363.306641,5,9013.30497
5424567.723595,27,9013.831091
-485090.949167,5,9013.934932
-653239.770363,8,9014.087014
-804829.527692,10,9014.27342
-501341.216392,5,9014.372511
-480126.136583,5,9014.46713
-494102.940007,5,9014.571861
-486397.587363,5,9014.667141
-501492.19229,5,9014.757942
5049250.552591,35,9015.479756
-629099.756648,7,9015.606672
5119809.032963,39,9016.400228
4931140.481881,42,9017.231562
-495292.032585,5,9017.321909
-923622.965746,11,9017.545999
4276169.851926,46,9018.437084
-624933.792133,7,9018.573251
-1132383.777294,14,9018.824861
-876095.401113,11,9019.030583
5351302.727603,34,9019.697246
4899170.81856,38,9020.41231
-835633.338398,10,9020.599775
-491096.518842,5,9020.703266
5120583.672475,38,9021.450603
5632563.857749,54,9022.497884
5285387.399474,36,9023.205921
5407922.580664,27,9023.734313
-498651.921125,5,9023.823803
5561475.051527,49,9024.747496
5369397.29095,32,9025.356791
-476650.105118,5,9025.454186
-775942.505471,10,9025.653883
5350005.568983,61,9026.823954
-610938.694151,8,9026.988281
-593796.445059,7,9027.114456
5404683.729443,28,9027.647485
-738170.232687,9,9027.835336
-476428.397706,5,9027.93234
5366109.088048,30,9028.52026
-491907.335953,5,9028.611429
4623153.451576,43,9029.471479
5427010.87234,26,9029.987415
-479897.629051,5,9030.089866
-502553.066543,5,9030.187012
-513603.34089,6,9030.314346
5352285.125059,50,9031.271551
5175609.788372,34,9031.938246
-489858.679564,5,9032.042379
-487706.862637,5,9032.137849
5365675.148827,35,9032.804392
-453017.000796,5,9032.895315
-760256.696983,9,9033.071166
5347199.949903,32,9033.684114
4948533.955045,37,9034.379962
-607257.542847,7,9034.519486
-844314.208803,10,9034.701228
-496632.285208,5,9034.804308
-489438.877629,5,9034.895111
5297765.25565,39,9035.616297
-479795.165936,5,9035.712089
-670240.675165,8,9035.865588
-1007263.741084,13,9036.125268
4418716.568331,45,9036.968138
-665241.013909,8,9037.137292
4976289.399254,38,9037.83419
-564169.720408,7,9037.961926
-562787.66493,7,9038.082973
3975600.683018,53,9039.022246
5244402.636788,35,9039.652193
-477336.462418,5,9039.743022
-458562.647303,5,9039.832622
4914980.911859,41,9040.607575
-865768.449905,11,9040.817569
-623210.933626,7,9040.955667
-697197.388469,9,9041.130697
-474412.5477,5,9041.224063
-502846.704386,5,9041.314867
5275598.570654,47,9042.242499
-830588.404749,10,9042.463886
-476932.7112,5,9042.57337
5172718.930951,40,9043.297061
-497639.964274,5,9043.379083
4993708.755158,38,9044.05767
-511776.139552,6,9044.161072
-494883.239199,5,9044.245488
-1144492.498475,14,9044.494488
-490056.141759,5,9044.590967
5295058.955102,35,9045.233936
5298554.84985,41,9045.996858
5363761.389331,31,9046.602901
5046733.979142,40,9047.403201
5184825.595027,35,9048.09997
-833891.977448,10,9048.300938
-1143046.476949,14,9048.560196
5084620.180103,43,9049.396866
5166169.930983,36,9050.081208
4840885.44835,41,9050.85079
-502609.433028,5,9050.947812
-846567.605077,10,9051.143457
-539797.754479,7,9051.275101
-883990.220056,11,9051.487148
-737837.982086,9,9051.657804
4150600.024486,50,9052.614486
-925758.53542,12,9052.83879
-638296.955961,7,9052.965973
5023409.878495,37,9053.67481
5427070.96246,33,9054.256473
-476143.108014,5,9054.34135
4010004.606072,53,9055.287146
5069188.636937,38,9056.000183
-491021.371003,5,9056.099088
-856857.268515,11,9056.292624
-490287.528775,5,9056.395582
-1054917.275602,14,9056.666498
3963823.988561,54,9057.701613
5067546.434708,37,9058.413964
-1109152.985111,14,9058.677204
5155095.596542,51,9059.674005
-502497.310999,5,9059.783079
-728328.246804,9,9059.983387
4957252.390737,37,9060.692065
5090909.681738,35,9061.365093
5276554.026121,39,9062.104339
-518600.024204,6,9062.222047
-486553.585944,5,9062.317012
4724452.58326,44,9063.176977
-474321.487722,5,9063.274184
-491615.972074,5,9063.36482
4367300.775981,75,9064.861399
5180529.071162,36,9065.56481
-484528.245716,5,9065.661245
5065628.380286,39,9066.425414
-476358.407373,5,9066.517901
-631846.076019,7,9066.649386
-493923.915133,5,9066.752057
-516509.159366,6,9066.867472
4946103.242536,37,9067.576103
-905729.013316,11,9067.784279
-496466.617851,5,9067.873488
-651122.558003,8,9068.024953
5408556.23357,30,9068.606625
-486606.346329,5,9068.703671
-886146.990765,12,9068.933461
-576952.497559,7,9069.073087
5321652.82154,35,9069.77659
-501344.664745,5,9069.879439
-499553.874832,5,9069.970117
-480667.865207,5,9070.081688
-473189.542738,5,9070.188279
4337777.913173,49,9071.139541
-500566.171991,5,9071.230468
-518372.637803,6,9071.345611
4385808.226732,50,9072.321693
-483552.691694,5,9072.411852
5387783.770531,41,9073.18435
-709459.900193,9,9073.351252
-448637.930691,5,9073.448121
-482326.156534,5,9073.551214
4289947.408436,51,9074.543297
-734602.439925,9,9074.712237
-902727.033207,12,9074.933124
-498985.091576,5,9075.029789
-486060.785016,5,9075.127324
-482657.073167,5,9075.224133
-605375.095979,7,9075.359214
-714467.52111,8,9075.508819
-473575.564578,5,9075.606007
-633998.41818,7,9075.759264
5381061.834794,28,9076.290265
5357989.704403,34,9076.933226
-780023.296193,9,9077.108704
4118116.468422,51,9078.091894
-502449.090732,5,9078.187183
5315398.73499,39,9078.916898
5012316.199512,36,9079.605213
5250540.458687,58,9080.715393
5137673.77579,35,9081.375199
4489506.170384,46,9082.247175
-491898.051708,5,9082.344394
-574788.641416,7,9082.480915
-734051.808911,9,9082.642677
5189017.319325,38,9083.320124
-499639.77328,5,9083.414533
5272468.14956,35,9084.041235
-502421.979986,5,9084.135167
5099554.908956,44,9084.945964
5294965.421633,32,9085.541735
-498133.193126,5,9085.63675
5104701.429071,36,9086.313787
-699800.618534,8,9086.464683
-488783.392812,5,9086.561964
5016602.069421,34,9087.210311
5116635.530113,36,9087.907537
-503433.543823,5,9087.998284
5369446.519657,33,9088.652387
5222744.025974,65,9089.895234
4335303.655378,47,9090.791721
5664541.069812,46,9091.676731
-803808.839125,10,9091.870747
-611398.788235,7,9092.003939
-491696.27393,5,9092.109681
-711234.735417,9,9092.288951
-476338.901867,5,9092.381504
-713478.080654,8,9092.536666
5272599.278627,39,9093.289588
-486581.384271,5,9093.385611
-654896.662277,8,9093.543525
4401792.487463,46,9094.427891
5266255.34135,32,9095.027934
-730898.192503,9,9095.215159
-500702.253708,5,9095.312566
-496312.400035,5,9095.403461
-491653.382056,5,9095.49442
4730831.01515,42,9096.290563
-487153.594349,5,9096.385189
-501588.112678,5,9096.482121
-764179.102182,9,9096.651617
5202249.412388,44,9097.534938
5338241.696114,39,9098.227283
-738524.72279,9,9098.382771
-625443.159199,7,9098.50572
4898575.035028,36,9099.151369
-486736.593829,5,9099.24716
-499344.638218,5,9099.335971
-499666.597077,5,9099.426893
4928791.612808,39,9100.14926
-479948.733449,5,9100.245126
5259512.164815,33,9100.857618
-474958.777584,5,9100.948194
5340127.240622,42,9101.753677
4385371.036838,46,9102.667122
-473316.736699,5,9102.760396
4935651.200619,37,9103.463031
5033364.299964,35,9104.119029
-483986.932954,5,9104.208711
-830053.679613,10,9104.38447
-517452.082783,6,9104.49352
4441161.425211,44,9105.281271
-703980.057511,8,9105.432184
5850326.374095,71,9106.741473
5397215.36497,30,9107.305087
-466385.851109,5,9107.401614
4938581.101095,38,9108.148425
-476733.493389,5,9108.245543
4418027.257711,47,9109.141136
-934222.239927,12,9109.377393
-851739.444253,10,9109.574718
4778828.412969,39,9110.316657
-829665.285072,10,9110.516898
-494003.679095,5,9110.616819
-488479.735207,5,9110.71324
-648313.745223,8,9110.868224
5218831.159926,35,9111.5531
-483752.502047,5,9111.646827
-472321.74367,5,9111.74129
5058715.181631,40,9112.502101
-625781.867302,7,9112.631911
5347124.055409,47,9113.530183
-484542.963775,5,9113.626926
-479756.149012,5,9113.722293
-561537.90197,6,9113.837809
5178732.469638,36,9114.522428
-489264.230889,5,9114.619664
-571104.007838,7,9114.764391
-484595.215368,5,9114.855891
-469602.689897,5,9114.959646
-494793.563918,5,9115.049745
5268780.999226,37,9115.770425
-981724.319247,12,9115.998825
5031361.550141,35,9116.667585
-541383.361689,6,9116.782349
-580859.916153,7,9116.916313
-483499.523547,5,9117.013246
-490475.053297,5,9117.119409
-500609.180163,5,9117.213061
-854722.588917,10,9117.412649
-492222.965877,5,9117.509893
-493908.556184,5,9117.606449
5360809.603034,34,9118.249254
-491400.435654,5,9118.346115
-709028.289904,9,9118.521923
5424635.187679,26,9119.021233
5156519.670281,35,9119.679139
-743970.680522,9,9119.843063
5327086.398467,32,9120.466887
5344910.672874,30,9121.0123
-579790.239689,7,9121.14562
-945251.821556,12,9121.371124
-490761.100627,5,9121.461246
5398682.206993,31,9122.055025
-474441.367123,5,9122.15214
-639329.140111,7,9122.279334
5308171.246495,41,9123.036285
-654165.203094,8,9123.193846
-483454.306288,5,9123.285217
-482213.656083,5,9123.382313
5356594.979593,33,9123.999749
3818096.825091,57,9125.072423
-501396.478451,5,9125.170106
-980107.412456,12,9125.387883
-627026.952983,7,9125.526904
-694026.783333,8,9125.678911
-498136.329607,5,9125.771862
-978864.14568,14,9126.029809
-502637.382872,5,9126.127283
-565001.154213,7,9126.266072
5285478.425836,34,9126.909468
-474763.878181,5,9127.006072
-489268.049261,5,9127.100994
-971684.114987,12,9127.333103
5479288.570367,49,9128.242265
-815952.241709,10,9128.435981
-985691.626513,13,9128.68041
-471906.517119,5,9128.770393
-488241.118932,5,9128.86581
-586475.053221,7,9128.999198
-495507.374223,5,9129.089039
-768712.819095,9,9129.254222
-480938.537823,5,9129.351148
5412203.258031,25,9129.799587
-499486.794676,5,9129.890375
-492573.748242,5,9129.975219
5048630.90293,37,9130.678122
-449751.16687,5,9130.768799
-482412.68173,5,9130.87495
5773145.11233,55,9131.926096
-466334.34191,5,9132.029598
-498765.624616,5,9132.13272
4904252.183423,39,9132.878021
-498032.161626,5,9132.968518
-670230.623506,8,9133.132551
4228163.518285,62,9134.344225
5421854.111365,27,9134.853591
-490473.460321,5,9134.950238
-858113.400713,10,9135.145281
4443182.167249,46,9136.053255
-493361.89298,5,9136.156294
5338404.735502,34,9136.798352
-490409.715603,5,9136.897469
-500812.885721,5,9136.993988
-599633.714847,7,9137.131511
5426453.343444,32,9137.753142
5254384.251017,35,9138.416556
5241349.365882,42,9139.222572
5434743.486321,31,9139.811202
5359349.895258,30,9140.36182
-502795.42789,5,9140.461751
-493489.840143,5,9140.555717
-495935.480588,5,9140.64669
-485325.801363,5,9140.736848
-625590.114113,7,9140.866499
-492763.639539,5,9140.955817
5393088.799992,30,9141.519329
5098824.390541,39,9142.246468
5473391.128399,34,9142.876577
-489325.500092,5,9142.967598
-840760.799152,10,9143.155732
-797070.8671,10,9143.349598
-820706.218286,10,9143.542871
-483317.929219,5,9143.641741
-968093.835383,12,9143.859903
-567402.461698,7,9143.979606
5158527.233775,36,9144.640198
-479146.806033,5,9144.737319
5286263.062663,32,9145.300706
5417248.168101,31,9145.870278
-904469.528311,11,9146.076339
5038763.611078,44,9146.924854
-495384.538242,5,9147.021703
5130549.56141,45,9147.896016
5369939.103574,35,9148.566688
5159361.748829,35,9149.233439
-501275.947593,5,9149.336319
-952247.554575,12,9149.566477
-736365.384199,9,9149.73552
-482069.908939,5,9149.833214
-573536.182685,7,9149.966095
5270286.377743,34,9150.615202
-863237.602012,10,9150.808949
-970594.696533,12,9151.027225
-729967.050818,9,9151.202639
-497579.46524,5,9151.305927
-742629.081501,9,9151.487682
5333445.789471,34,9152.142288
-495019.33357,5,9152.236246
-623226.63811,7,9152.372545
-633662.633378,7,9152.50878
-922846.371632,11,9152.724016
-699492.354233,8,9152.888674
5470378.345809,56,9153.951175
4885297.009391,42,9154.743273
-492256.600115,5,9154.832704
-804365.519252,10,9155.01478
5364558.594942,32,9155.608558
5441542.886108,44,9156.441966
-486759.681442,5,9156.533876
4545501.880935,47,9157.414908
-498123.71957,5,9157.512122
-484240.780065,5,9157.602033
-497556.731067,5,9157.695164
-485714.673347,5,9157.784137
4727079.06112,42,9158.529778
5305705.935389,33,9159.135053
3878162.69196,58,9160.214141
-488516.798373,5,9160.305012
-412809.217203,5,9160.395406
-798313.727403,9,9160.559291
4938536.930549,40,9161.305093
-486667.760427,5,9161.401824
-496804.079531,5,9161.498511
5021563.501306,35,9162.164853
3395131.154066,60,9163.286178
-473555.052946,5,9163.38348
5238145.21782,38,9164.049751
-738108.801661,9,9164.219648
-470425.68928,5,9164.313331
-502884.540662,5,9164.40744
-735219.697259,9,9164.570742
-483893.439542,5,9164.661688
5669554.299814,50,9165.588915
-495289.433618,5,9165.691754
-488517.108692,5,9165.783327
-495622.928008,5,9165.879922
4167564.146015,50,9166.818991
-795664.126352,9,9166.983268
-488123.587163,5,9167.074061
4825120.079318,39,9167.819055
-521433.6243,6,9167.934491
-623085.401407,7,9168.067689
-521491.506256,6,9168.182773
5387560.561593,32,9168.818807
-499688.752511,5,9168.916054
-1173920.405972,15,9169.201255
-482939.788047,5,9169.291461
-598048.333673,7,9169.431201
4983494.417524,37,9170.133794
5152371.529378,35,9170.813078
-493609.560325,5,9170.910842
-929206.277014,11,9171.1219
-587723.683906,7,9171.249362
-502996.692754,5,9171.346132
-489175.822866,5,9171.442875
-496059.00121,5,9171.533633
5424400.507118,24,9172.000234
-500340.984291,5,9172.110227
-718378.51064,9,9172.279025
-616443.519622,7,9172.418736
-639230.997386,7,9172.552833
-498831.928993,5,9172.649321
-488100.675694,5,9172.745888
-498089.270303,5,9172.836527
4716160.107736,41,9173.621092
-788196.412718,10,9173.812149
3575033.399556,59,9174.927253
5225143.415426,34,9175.588574
-476321.768636,5,9175.678611
5090920.389527,38,9176.405991
-495471.112958,5,9176.507854
-488358.198303,5,9176.599243
4552103.60153,43,9177.424209
-700182.984922,9,9177.587878
-495870.885806,5,9177.678333
5306749.781326,32,9178.278407
-488740.352819,5,9178.375483
4903299.559148,39,9179.102644
-523761.035881,6,9179.230118
-497720.395242,5,9179.327378
-610781.578891,8,9179.478353
5362064.929326,32,9180.078295
-514607.623283,6,9180.193567
-688241.213051,8,9180.345018
4093542.917502,72,9181.702256
5041493.667286,36,9182.392991
-497016.580229,5,9182.484474
5388795.048572,34,9183.121743
-1054778.618932,13,9183.36251
-753015.270297,9,9183.520133
4885916.331172,42,9184.277835
-501950.956162,5,9184.368769
-803500.531286,10,9184.544637
5430045.692338,24,9184.962825
5364470.49918,29,9185.483887
-491835.608701,5,9185.574909
-594525.671353,7,9185.708046
5088658.118371,41,9186.513695
-501010.370663,5,9186.604659
-804534.726192,10,9186.79245
5361436.257936,30,9187.338109
-1458591.911616,18,9187.689427
-494206.705124,5,9187.780177
-1022648.626006,13,9188.029019
-603684.227712,7,9188.168546
5402832.589352,29,9188.720004
5185427.49662,36,9189.404666
-837523.733117,10,9189.590873
-494839.467591,5,9189.683068
-476968.497017,5,9189.768471
-461924.53089,5,9189.863213
-496202.102564,5,9189.950055
-496053.682005,5,9190.040917
5413629.41424,33,9190.640759
-502234.633202,5,9190.725605
5014020.722788,37,9191.410544
5291751.500766,39,9192.137774
-627775.370172,8,9192.276944
4234592.319626,50,9193.240098
5063262.772356,39,9194.009723
-501029.038724,5,9194.108576
4472870.227158,47,9195.028349
-457258.30691,5,9195.125604
-624948.729831,7,9195.258547
5323090.789895,30,9195.840013
-477967.612994,5,9195.93673
-683083.563233,8,9196.08868
5788734.863598,52,9197.149081
-771436.167304,9,9197.331129
4989348.293211,38,9198.052163
5429811.732021,30,9198.621697
5338939.283827,33,9199.227795
-881498.244918,11,9199.439361
-779821.241229,9,9199.615291
5228809.773786,37,9200.31222
-492149.311005,5,9200.405175
4991550.568035,39,9201.179108
-693033.558848,8,9201.337069
4535258.915023,48,9202.32441
5261954.323249,32,9202.948356
5526566.221367,52,9203.96031
-652965.609682,8,9204.124589
5430715.767018,25,9204.596936
5156092.034423,37,9205.293468
4777610.324423,48,9206.154304
-589603.347773,7,9206.281423
-733585.324287,9,9206.439263
5326634.791839,34,9207.063046
-494864.002014,5,9207.155658
5244974.769273,33,9207.759662
-484571.815684,5,9207.851051
-487345.989413,5,9207.94207
-489623.489241,5,9208.051292
4521399.818234,48,9208.990251
-880200.937758,11,9209.220594
5118900.419481,36,9209.881092
-494952.826834,5,9209.975646
-489119.430198,5,9210.062799
-496721.410571,5,9210.153257
-488780.324035,5,9210.24468
-492805.370978,5,9210.335489
-122065.372802,6,9210.442472
-755444.679062,9,9210.602078
-496844.336284,5,9210.686446
-752545.729128,9,9210.850185
-941146.877909,12,9211.068729
5310253.64771,32,9211.662531
-485050.451697,5,9211.759233
-470601.434096,5,9211.85007
-488288.426055,5,9211.947376
4695654.111692,41,9212.73536
-499122.603809,5,9212.83855
5123716.069047,37,9213.52297
5196198.53525,35,9214.171694
5382587.47713,33,9214.801746
5854620.225872,86,9216.437819
5002829.977877,38,9217.189223
5315608.65077,39,9217.922201
-499651.038378,5,9218.01305
5550768.68122,40,9218.740677
-751466.097235,10,9218.922442
3922464.594215,53,9219.90399
-485456.407134,5,9219.995007
-673740.329346,8,9220.151986
5185977.998232,33,9220.788914
-1023957.850842,13,9221.045314
-496142.293236,5,9221.133943
5380430.560942,28,9221.677311
-1003228.912703,12,9221.903718
-484871.189146,5,9222.000694
5398655.940016,28,9222.558022
4935143.279724,51,9223.473016
4939161.139513,41,9224.188102
3650119.532586,57,9225.218217
-621363.328275,8,9225.357638
-490855.964196,5,9225.460979
-791624.294243,10,9225.650215
5264955.215024,35,9226.329015
-470110.308394,5,9226.418391
-475414.788033,5,9226.521427
-890920.25341,12,9226.745569
-478011.418848,5,9226.845775
4743687.81947,43,9227.669199
-773028.350457,9,9227.830163
4907295.963565,38,9228.551207
5285255.225545,41,9229.320849
-483961.365463,5,9229.430916
-497661.947914,5,9229.527453
-495808.024118,5,9229.624327
-959029.051233,12,9229.860209
5147939.640859,39,9230.599712
5106569.439587,37,9231.278413
5292531.208329,32,9231.890638
5389455.743351,38,9232.636137
5147980.829913,34,9233.284799
5057917.348704,37,9233.998957
-478954.623737,5,9234.089869
5301794.146498,79,9235.592723
-474400.573851,5,9235.6841
5418142.569503,40,9236.459691
-494120.816219,5,9236.562845
-499461.086771,5,9236.653688
-491000.895908,5,9236.744113
4979346.283758,38,9237.477304
4926316.21878,40,9238.254589
4905276.806784,41,9239.048036
-485490.258632,5,9239.142497
-480707.399989,5,9239.241025
-777617.435822,10,9239.428953
-607222.682506,7,9239.562373
-502805.652042,5,9239.661996
5314044.691943,33,9240.295467
-489800.257186,5,9240.392802
-1114431.846754,14,9240.659103
-921136.757393,11,9240.868608
-486855.539832,5,9240.962307
-802885.979595,10,9241.144019
3656935.675452,57,9242.228356
5342882.994283,31,9242.828514
-725214.090993,9,9243.00422
4838155.156355,57,9244.091342
-450994.811696,5,9244.179946
4249431.284912,49,9245.119112
-492252.72539,5,9245.216012
4053108.338036,52,9246.197514
-484111.392483,5,9246.307296
5564039.13881,35,9246.992133
5324103.452263,40,9247.767394
-486533.394658,5,9247.864515
5447427.069648,27,9248.373372
-485355.019093,5,9248.470375
5384097.209174,30,9249.044842
5213642.25,36,9249.743279
-501282.635096,5,9249.847353
5389418.629925,34,9250.512216
5282291.910755,33,9251.130899
-502320.26106,5,9251.229814
-494702.42705,5,9251.330582
5548533.553095,55,9252.4031
4891426.289842,37,9253.118328
-873434.037048,11,9253.324185
-834684.66525,10,9253.524464
3886201.387155,53,9254.54205
-826665.130005,10,9254.730456
-495031.130195,5,9254.833502
5399790.336505,27,9255.372599
-1026931.811208,13,9255.630297
-634461.070421,7,9255.754503
4940118.830667,45,9256.61505
-611924.344855,7,9256.756345
-500419.585267,5,9256.850852
-502650.268322,5,9256.941728
-494256.370142,5,9257.041622
-494186.211323,5,9257.129984
-486520.582082,5,9257.220402
5103290.637236,35,9257.881526
-494848.42587,5,9257.97819
-482184.310239,5,9258.075306
-779624.530512,9,9258.23921
-1099239.203282,14,9258.524035
5826236.031012,50,9259.505578
3714901.126773,57,9260.620577
-484294.542126,5,9260.717561
-1047538.788402,13,9260.966548
-688658.414276,9,9261.141575
4857330.072351,67,9262.42039
-810386.929303,10,9262.632314
4002177.578782,50,9263.674857
4224821.018326,47,9264.577597
-900057.678175,11,9264.790929
-498821.138962,5,9264.886603
-488887.357593,5,9264.983823
-649413.432586,8,9265.135273
-491868.206501,5,9265.229837
4868396.745149,40,9265.983474
-1177803.430632,15,9266.274255
-489625.514871,5,9266.37728
-568885.496882,7,9266.512801
5292640.400208,34,9267.252424
5738000.550442,64,9268.540715
-494792.831916,5,9268.641269
5035660.121001,36,9269.328545
4330396.559469,49,9270.261902
-488948.993514,5,9270.358742
-898567.114424,11,9270.570611
-484142.238563,5,9270.65951
-553958.932985,6,9270.758363
5098759.771842,35,9271.407049
-501176.872023,5,9271.503996
-826424.433809,10,9271.679501
-852554.997312,10,9271.861583
4904685.608526,38,9272.564261
-865489.511459,11,9272.761145
-483952.097415,5,9272.849315
-585694.647678,7,9272.976216
-490418.904675,5,9273.067596
-762798.833027,9,9273.238391
-646840.009036,7,9273.364604
5457037.612241,33,9273.990913
-558786.502788,7,9274.127926
4691043.918479,69,9275.428503
5204024.432775,34,9276.067008
4072000.337273,53,9277.109887
-857302.258723,10,9277.30935
-809119.254507,10,9277.491247
-490183.846202,5,9277.581971
-483667.33529,5,9277.679131
-710578.192577,9,9277.840159
-636134.787957,7,9277.963458
-1118906.315738,15,9278.236191
-479175.978936,5,9278.333529
-494919.997813,5,9278.436702
-487545.785629,5,9278.545552
-814877.42961,10,9278.727105
-589786.552996,7,9278.860796
-499482.817069,5,9278.953484
5332362.546085,46,9279.813258
5193986.0637,54,9280.848404
-488130.838148,5,9280.945406
-495872.988185,5,9281.036207
-488352.569627,5,9281.133263
5142537.250697,37,9281.830156
-469507.514717,5,9281.926661
4729706.824633,41,9282.743012
5277568.378309,32,9283.308465
-470105.094937,5,9283.393796
-791842.648198,9,9283.562893
-502589.728682,5,9283.64807
-692214.681019,8,9283.793153
-487275.422111,5,9283.884379
5400765.378239,29,9284.405436
-477615.468442,5,9284.496596
-501788.384491,5,9284.593825
-685281.568228,8,9284.737353
5242112.584746,34,9285.363146
5236029.424926,34,9286.029846
-501014.877356,5,9286.120224
-503161.702751,5,9286.217137
-709256.565632,8,9286.3748
-479511.507317,5,9286.483971
4886056.978643,39,9287.229149
-780385.434926,9,9287.405266
-478712.922981,5,9287.507856
5042175.027499,37,9288.224883
-484293.545133,5,9288.320318
-639187.842891,8,9288.465436
-551190.382212,6,9288.58668
4828076.04454,39,9289.352585
5324642.046024,39,9290.121377
-1088476.522762,14,9290.39304
-696522.938599,8,9290.553878
-706304.429679,8,9290.701815
-1015526.202765,13,9290.95962
5413765.712634,27,9291.477099
-725121.895631,9,9291.659505
5104518.427872,46,9292.495721
-491353.485344,5,9292.586112
-486474.965851,5,9292.67694
-558258.441347,7,9292.798593
-658785.016963,8,9292.937965
-1152498.00375,15,9293.210193
5351980.935595,35,9293.858597
-498067.376229,5,9293.949531
-637388.893802,7,9294.076843
-618637.05013,7,9294.198049
-485372.981309,5,9294.301416
4900977.292838,49,9295.242035
-487589.526311,5,9295.331597
-624455.650579,7,9295.471091
-902370.632472,11,9295.682794
5225260.53241,32,9296.276814
-487797.916327,5,9296.367903
5259143.288598,39,9297.09552
5365274.939215,48,9298.03392
5553501.880237,40,9298.797534
-493794.144702,5,9298.894445
5259552.041741,36,9299.573556
-837864.779631,11,9299.780418
-490111.744848,5,9299.870126
4999299.698886,36,9300.549545
-480299.575072,5,9300.633557
4505404.799456,63,9301.818763
-481862.713892,5,9301.913042
4949753.260732,38,9302.670155
4465901.694849,50,9303.607136
-495674.774932,5,9303.700288
5383381.773111,30,9304.281654
-519250.607207,6,9304.397331
-481946.411482,5,9304.494433
-475000.842513,5,9304.601905
5285518.728393,33,9305.233065
-795646.30113,10,9305.421331
-502544.689751,5,9305.530451
4425379.842865,51,9306.499876
-452846.431248,5,9306.597614
-592107.129701,7,9306.736184
-492448.598986,5,9306.839415
3826241.3477,61,9307.990588
-502148.612157,5,9308.094018
5297601.361827,67,9309.378563
-488091.029639,5,9309.469438
5391271.486138,29,9310.020674
4945026.849692,36,9310.703385
4228823.972249,56,9311.761299
-481607.76613,5,9311.854818
-860787.051155,10,9312.046425
-482877.35961,5,9312.135858
4895418.457536,41,9312.929579
5212751.914634,31,9313.517318
5140666.280576,40,9314.268335
-780611.981762,9,9314.439003
4697098.05253,42,9315.231913
-611632.082183,8,9315.378116
-764976.798343,9,9315.553885
5409425.627501,30,9316.113996
5486574.545009,43,9316.934801
-578369.385961,7,9317.062409
-485418.445606,5,9317.15938
-477863.748633,5,9317.256007
4564671.486371,46,9318.135027
5354072.243927,36,9318.82571
4300156.731769,48,9319.73475
5375562.302865,29,9320.304294
5197639.498424,35,9320.995429
-502385.140034,5,9321.086102
4725118.735247,40,9321.855817
-162582.062178,6,9321.970894
4644820.988564,70,9323.328159
-474195.019007,5,9323.427332
-491807.649218,5,9323.516279
-502929.298102,5,9323.612965
-479224.123807,5,9323.70969
-1025853.537168,13,9323.970236
-721058.842127,9,9324.140406
-503079.171706,5,9324.242999
-498473.500678,5,9324.340081
-757356.448703,9,9324.512052
-699376.835975,8,9324.667645
-482533.344439,5,9324.76412
5302086.700599,32,9325.351827
-603539.334828,7,9325.472982
5301295.014789,34,9326.088629
-485953.504165,5,9326.17655
-546593.725621,7,9326.297636
5148102.290803,36,9326.957767
-493388.230701,5,9327.04913
-482760.31001,5,9327.134069
5415125.349042,31,9327.709595
5417101.551801,27,9328.236695
-502369.025175,5,9328.33386
-483472.751465,5,9328.430624
-465241.368114,5,9328.527664
-570348.475645,7,9328.662589
-665094.644429,8,9328.812461
-754568.49978,9,9328.988421
-482889.311907,5,9329.091391
3667109.072322,57,9330.218557
5410523.199679,26,9330.720958
-925293.923804,12,9330.958527
5275162.799757,33,9331.587665
4507322.162443,44,9332.417896
5407367.209582,30,9332.98761
-491183.101676,5,9333.078793
5148989.677492,52,9334.066727
-487056.732886,5,9334.163575
-501133.442102,5,9334.26217
-493282.065603,5,9334.363024
-497212.020119,5,9334.466009
-512983.788375,6,9334.593654
5122288.057646,34,9335.272237
-490784.383722,5,9335.379234
-485473.847184,5,9335.471956
-459573.383667,5,9335.569429
-502496.985277,5,9335.660289
-486956.608592,5,9335.762795
-488572.620957,5,9335.85426
5231270.431094,36,9336.55054
5404863.807986,30,9337.145642
-750944.561202,9,9337.326516
-766327.082198,9,9337.502689
-630533.285622,7,9337.629431
-752067.012666,10,9337.805363
-487714.958168,5,9337.890168
-575268.963545,7,9338.017594
5322293.725371,38,9338.689787
4614005.915654,46,9339.520321
4895733.582394,38,9340.222961
-502155.374251,5,9340.313847
-486895.720262,5,9340.404815
-472861.076239,5,9340.502167
-488759.516238,5,9340.598629
5286951.862698,36,9341.271358
5356947.788452,33,9341.889585
-609520.233915,7,9342.035234
-828036.639514,10,9342.223141
5326641.209618,46,9343.13214
5112244.734619,39,9343.895188
-725024.838379,8,9344.05341
5411462.421313,27,9344.562204
4549953.441793,45,9345.410673
-1553571.01864,20,9345.792162
-649904.049112,8,9345.943866
4172379.532678,49,9346.882781
5244782.270914,34,9347.537583
-474715.237978,5,9347.640538
5059169.124317,37,9348.35585
-644371.480905,7,9348.489039
5424591.057712,25,9348.990971
-634078.456373,7,9349.128224
-885012.353146,11,9349.326384
5389770.094388,27,9349.846285
-502021.353303,5,9349.943447
-1038388.045713,13,9350.198978
-486338.68187,5,9350.294783
-746729.153592,10,9350.48635
5441234.343013,27,9351.021939
-753436.054948,9,9351.185728
-954825.788096,12,9351.40986
-489723.492437,5,9351.501898
5341096.82616,38,9352.227832
-1130307.103334,14,9352.49493
-494831.331193,5,9352.591361
-494654.383531,5,9352.688509
5045011.54455,40,9353.452102
5132568.106476,36,9354.130697
-448487.741966,5,9354.228158
-495613.802109,5,9354.320888
-494299.729149,5,9354.421228
5387350.472142,30,9354.990855
-733862.102869,9,9355.167183
-498737.528062,5,9355.263691
5264209.602794,37,9355.967039
5210844.30325,37,9356.663946
5717599.996455,51,9357.627453
-500757.797758,5,9357.718146
-482262.525628,5,9357.81489
-461781.659467,5,9357.906265
-475750.02411,5,9358.002625
5242791.973684,42,9358.815021
5359319.262273,32,9359.427098
5009822.482464,38,9360.135979
5233092.954573,33,9360.748134
5294602.988502,32,9361.354257
4429906.40087,46,9362.250942
-502583.141949,5,9362.347996
5381433.587786,35,9363.014646
5389384.168158,30,9363.590188
-1025106.876417,13,9363.832224
5114923.70305,34,9364.480839
-914063.966014,12,9364.723257
-501535.276183,5,9364.814398
-470380.504273,5,9364.917051
-484464.075488,5,9365.01605
-609522.55748,7,9365.141364
-487862.886312,5,9365.238299
-813061.047774,10,9365.426079
-488476.246374,5,9365.517115
-497524.241618,5,9365.638355
-498387.868885,5,9365.736302
-482563.599982,5,9365.837992
-742871.895718,9,9366.008543
-473261.786303,5,9366.105164
-469789.935353,5,9366.20791
-709263.522963,9,9366.379479
5280911.191198,57,9367.462376
-484046.565083,5,9367.553374
5478917.493422,37,9368.255947
4908597.990508,40,9369.020159
-493759.226364,5,9369.111227
5360891.319196,37,9369.836766
-612315.078859,7,9369.972873
5211762.309853,61,9371.135103
-1076329.550492,14,9371.401083
-650821.328282,8,9371.558864
-841019.98788,11,9371.771235
5521064.44813,34,9372.419241
-839114.402789,10,9372.607317
-774132.470491,9,9372.777578
-821804.012399,10,9372.95847
5498102.131348,33,9373.552306
4905631.462941,38,9374.26134
-648743.687217,8,9374.412779
-495674.550921,5,9374.498103
-655929.524325,8,9374.643683
-482116.161027,5,9374.740371
-499277.737886,5,9374.83101
-1014003.168196,14,9375.079414
5011338.876586,39,9375.82523
4858794.574617,40,9376.58545
4696528.451144,59,9377.757905
4380569.450655,49,9378.709616
-492106.455295,5,9378.81296
5149426.323713,33,9379.448752
-716248.099897,9,9379.624919
-493788.142301,5,9379.715629
-502298.470052,5,9379.806229
-494137.152831,5,9379.903089
4867261.292879,40,9380.673362
-488548.546356,5,9380.76405
4596024.231253,45,9381.654657
5437402.896585,27,9382.158046
5048166.881405,37,9382.86021
4837145.281445,42,9383.678416
-1057581.003634,13,9383.927053
5372638.077063,38,9384.660171
-594698.155422,7,9384.787474
5362482.739832,29,9385.339863
-488378.493563,5,9385.441973
4695844.055672,42,9386.241781
-753161.740094,9,9386.405728
-878061.408509,11,9386.623827
-926599.378364,11,9386.830314
-500259.086385,5,9386.926576
-730361.830089,9,9387.090667
5359397.783779,34,9387.738791
5325371.412442,33,9388.375009
5335060.930553,34,9389.011693
-490659.323587,5,9389.102728
-487539.452377,5,9389.205259
-961864.187004,12,9389.429355
5187968.30635,36,9390.128562
-771840.68896,9,9390.301824
-490629.290244,5,9390.40751
-495216.929952,5,9390.501823
5300660.825176,35,9391.162806
-476440.486305,5,9391.253798
5298804.10677,43,9392.078134
-757947.287121,9,9392.24149
5021118.005231,37,9392.958666
-712259.782874,9,9393.12616
-804484.375377,10,9393.313768
-843521.052721,10,9393.504797
4544535.359731,46,9394.376235
-1313910.038179,17,9394.695437
-492540.389639,5,9394.792835
-485618.232439,5,9394.883538
4117450.8621,51,9395.907704
-481676.155331,5,9396.010805
4486553.292406,45,9396.87261
5284748.047503,37,9397.598284
-733572.55383,9,9397.760222
-1165373.281041,15,9398.022546
4789849.784553,72,9399.296362
-491536.928354,5,9399.391759
4209625.231235,56,9400.422237
-442135.145833,5,9400.525494
-500567.01869,5,9400.634282
-488111.971099,5,9400.737367
-480347.303177,5,9400.846471
-502673.489634,5,9400.943369
-824386.732243,11,9401.161659
-693378.103132,8,9401.316418
-741078.469057,9,9401.49451
5332367.103825,32,9402.107026
-887331.348638,11,9402.355343
-502457.298479,5,9402.465129
5736138.495176,40,9403.203663
-472402.033575,5,9403.294599
5262896.375353,33,9403.906641
5306918.395487,37,9404.57068
-497537.502862,5,9404.658075
-475870.675796,5,9404.754643
-474535.064408,5,9404.845796
-586357.450382,7,9404.970102
5318156.824569,35,9405.62177
-766071.21591,9,9405.797588
-943872.860163,11,9406.015298
-851282.633093,11,9406.227346
-487600.545885,5,9406.32487
5421067.184892,26,9406.821228
5346375.638495,32,9407.430513
4266734.786382,47,9408.306201
-471840.821784,5,9408.39723
-759871.628461,9,9408.574403
-826697.963385,10,9408.780978
-818231.388084,10,9408.972274
5328502.726557,38,9409.69947
-477587.682563,5,9409.808658
-1066321.68223,13,9410.057337
-491619.68242,5,9410.151973
-493773.588024,5,9410.244991
-502054.285124,5,9410.342091
-803286.33168,10,9410.524225
5316308.933071,34,9411.17848
5233610.865154,33,9411.802856
-488379.225416,5,9411.905942
5392429.350834,30,9412.482586
5254336.907966,49,9413.408697
-502566.700973,5,9413.507098
-1126002.61671,14,9413.778508
-845035.428392,10,9413.966205
-520128.935324,6,9414.084354
4898524.653266,38,9414.811281
4963635.89856,38,9415.517338
-677962.749159,8,9415.668408
-496416.28148,5,9415.771598
4280265.022937,62,9416.968114
5018153.032925,36,9417.650113
-494950.09909,5,9417.741424
-463827.397169,5,9417.838657
4918132.367919,41,9418.650562
5279688.351768,36,9419.341061
-495350.347589,5,9419.438114
5267174.904481,35,9420.111064
-496857.418022,5,9420.207786
4706342.902798,42,9421.010354
4680526.594598,44,9421.862254
-546308.831137,6,9421.976915
-1193581.614092,15,9422.27429
-497795.737981,5,9422.370802
-495384.314234,5,9422.462142
4357837.505408,50,9423.419423
-669434.385098,9,9423.595671
4784490.961684,40,9424.340802
5376087.279948,32,9424.940992
-485573.341502,5,9425.038392
4704541.722856,45,9425.879905
-731560.756472,9,9426.057772
-1074362.248942,13,9426.292055
5730937.443149,53,9427.291801
-728966.923314,9,9427.473248
5261155.946435,32,9428.079602
-1123428.380556,14,9428.342583
4889785.181308,40,9429.085796
-712943.616472,9,9429.261407
5224213.973228,52,9430.230503
-904328.984111,11,9430.43714
-551985.681096,6,9430.548211
5409066.767001,28,9431.061191
-502544.666119,5,9431.152081
5409366.088531,26,9431.624892
-479286.203638,5,9431.720907
-478647.895452,5,9431.806564
-1141487.968327,15,9432.086766
-521308.376975,6,9432.198629
-735587.078919,9,9432.365576
-464507.329942,5,9432.449042
-777454.206238,9,9432.611946
5242825.804597,33,9433.207042
5194693.113659,39,9433.951637
-744773.327324,9,9434.11732
-902895.201557,11,9434.333468
4818199.855847,39,9435.078794
-486378.29045,5,9435.176101
-680764.641414,8,9435.327128
5106473.072913,36,9435.999519
4080028.49753,52,9436.993403
-487943.290717,5,9437.090669
-494361.18648,5,9437.187328
-468705.320363,5,9437.284381
-674695.234003,8,9437.441914
-615182.419165,8,9437.599339
-465685.905931,5,9437.696234
-730459.155058,8,9437.848014
-728325.871923,9,9438.017531
4034652.445367,58,9439.120502
-482894.558059,5,9439.211318
5160188.928748,35,9439.877918
-492787.469368,5,9439.975386
5348068.755173,32,9440.592985
-486084.311738,5,9440.68997
-502709.982938,5,9440.786897
-571198.016844,7,9440.926545
-502512.267482,5,9441.029546
-479829.135849,5,9441.129874
-656116.790384,8,9441.278165
-847863.287951,10,9441.459495
5133715.558935,34,9442.0715
-814723.556246,10,9442.253824
4556504.829555,44,9443.047801
-1043232.135151,13,9443.296163
-497511.623443,5,9443.386493
-494953.162749,5,9443.489923
5291900.323917,33,9444.096204
5328856.294722,35,9444.762572
-559967.383071,6,9444.874254
-564623.445804,7,9445.004859
-458086.629279,5,9445.101872
-494991.763189,5,9445.198956
-827575.024071,10,9445.393745
5395340.476028,47,9446.289963
-469240.556315,5,9446.380105
4207549.093531,66,9447.64349
5390909.972585,29,9448.192538
-1044684.636274,13,9448.447037
-484863.781063,5,9448.543626
-779550.773736,9,9448.713742
-650096.06388,8,9448.864746
-495281.810816,5,9448.961664
-488836.177926,5,9449.059124
-468187.082293,5,9449.150031
-636717.625537,7,9449.283084
-498260.132078,5,9449.37997
-506402.525311,6,9449.489184
-490204.83052,5,9449.586188
3993582.182045,52,9450.573804
-720952.902801,9,9450.749575
-904974.277726,11,9450.955671
-483636.778439,5,9451.046428
-904819.33932,11,9451.258289
4301863.96552,49,9452.179757
-1049039.951461,14,9452.448599
4873920.929684,62,9453.579165
-501272.554774,5,9453.67667
5259308.342461,35,9454.337337
-897142.151569,11,9454.537216
-748597.188851,9,9454.706625
-472660.849625,5,9454.803351
5414635.490252,24,9455.252312
5169513.845478,35,9455.924432
4455860.013063,48,9456.858019
-495291.583801,5,9456.957268
5220220.050771,54,9458.032221
-654461.299427,8,9458.180327
-477712.665108,5,9458.269858
-496844.283502,5,9458.367195
-777816.835457,9,9458.550739
-493709.78428,5,9458.64561
-655366.959034,8,9458.804391
-969667.743686,12,9459.039697
-678983.611125,8,9459.19111
4376477.122498,50,9460.16668
5048965.80946,39,9460.92212
-512857.266116,6,9461.039379
5651265.411503,51,9462.03972
-722066.97137,9,9462.225253
5405865.26727,27,9462.779054
-489675.478307,5,9462.875622
4903792.075441,48,9463.736103
-502641.82292,5,9463.820814
5271857.493896,39,9464.535453
-728475.709742,9,9464.699979
-552423.882774,6,9464.820887
-516442.736388,6,9464.929909
-496675.831572,5,9465.020981
4071034.278097,50,9465.94787
4344107.158541,52,9466.972671
5067654.453545,39,9467.747795
5287968.10265,44,9468.573568
-502717.152783,5,9468.668698
-497207.34413,5,9468.772072
-650875.412222,8,9468.92295
5218107.000167,32,9469.530334
-631805.598551,8,9469.675285
-490463.539114,5,9469.777287
5432828.812293,28,9470.286705
-498361.368152,5,9470.376972
-497498.985432,5,9470.462117
4918321.12718,39,9471.159323
-600298.003689,7,9471.2871
5037919.095363,39,9472.001397
-800362.659391,10,9472.189544
4717714.921309,51,9473.158848
5398382.410215,29,9473.723339
-487152.722565,5,9473.81375
-498871.071591,5,9473.910497
-494275.291519,5,9474.015759
4881503.147911,40,9474.771312
-492994.588616,5,9474.865668
-489519.603976,5,9474.958976
4420785.940893,46,9475.849915
-673323.86486,8,9475.996618
-475189.437795,5,9476.087159
-486649.784664,5,9476.182642
-835318.636686,11,9476.383198
-833754.60802,11,9476.576889
-505362.962208,6,9476.692365
5033222.977104,35,9477.334568
4950254.385677,38,9478.031279
5031737.676424,36,9478.74113
4934787.457906,37,9479.473516
5133194.362612,35,9480.157872
-755960.360824,9,9480.327632
-880833.138881,11,9480.550528
5323691.266277,32,9481.188318
-800794.236143,10,9481.394671
-499252.940411,5,9481.491483
-451123.683557,5,9481.58862
-488456.221858,5,9481.703782
-495171.091187,5,9481.800799
-498050.501554,5,9481.897413
-497627.226357,5,9481.994505
4284175.324495,48,9482.945897
-475246.791276,5,9483.036927
4188300.260838,48,9483.951526
4232775.762344,57,9485.042702
-487202.46239,5,9485.139607
-502707.184499,5,9485.236335
5264053.816484,31,9485.878536
-483705.242714,5,9485.982104
-997270.505716,13,9486.244355
-497924.930107,5,9486.339392
-478958.454504,5,9486.436347
-489233.391451,5,9486.539454
-478139.377162,5,9486.636076
-502441.924508,5,9486.734221
-647166.548374,8,9486.890477
-905322.479501,11,9487.116737
-497737.750468,5,9487.216007
-728896.890101,9,9487.400162
-1020821.722162,12,9487.624154
-486321.262604,5,9487.719545
-460688.808333,5,9487.814627
-485244.786481,5,9487.914688
-483070.911731,5,9488.00646
-460136.674743,5,9488.096495
-672601.342847,9,9488.266255
-749720.768363,9,9488.430075
-451019.57869,5,9488.520669
-487717.49628,5,9488.617984
5386033.248814,34,9489.26042
-465560.713474,5,9489.363021
5217702.062869,32,9489.993225
-1626867.600851,21,9490.381768
5192996.916093,33,9491.035902
5004503.321174,40,9491.829865
-567576.109849,7,9491.965595
4872866.619736,40,9492.732767
5682020.555716,44,9493.568639
5485062.897434,38,9494.290141
-473771.188355,5,9494.393334
5477682.492924,38,9495.153952
4735019.440008,43,9495.992605
-478777.486341,5,9496.089992
-1113296.438375,15,9496.374611
-481105.199183,5,9496.483507
-497974.208397,5,9496.574459
-482071.119316,5,9496.665387
5291969.619841,35,9497.337886
5354363.389255,32,9497.950173
5392972.770055,35,9498.610817
-495003.691994,5,9498.707241
5340759.682912,35,9499.386419
-489298.649857,5,9499.486608
-606752.467824,7,9499.6168
5330795.842964,29,9500.168164
-478003.112549,5,9500.283444
-808809.671496,10,9500.477076
-463365.346741,5,9500.567869
5351481.055542,32,9501.180302
5269714.693743,36,9501.858794
-501552.432214,5,9501.955441
-487196.608296,5,9502.052347
-863430.758763,11,9502.277086
5757370.708952,50,9503.240055
5380649.934039,31,9503.833955
-499957.490104,5,9503.937433
5300832.183085,37,9504.652113
-498742.566991,5,9504.751362
-709928.332251,9,9504.919007
4975885.719105,39,9505.679631
5037317.752314,37,9506.40145
-676571.968277,8,9506.554762
-495922.755671,5,9506.652215
-490607.05089,5,9506.755007
-687568.711287,8,9506.900253
4694041.806545,47,9507.811891
4457871.041786,48,9508.785138
-774265.488403,10,9508.973216
-786567.843638,9,9509.163257
5432957.330566,39,9509.912421
5330990.256633,34,9510.554992
-783243.205691,9,9510.724437
4935202.239257,37,9511.445594
-491439.654869,5,9511.542631
-468435.697911,5,9511.64534
4876304.694516,43,9512.445489
-491593.693709,5,9512.536356
5040317.877247,37,9513.251519
-638513.159354,8,9513.408645
5298832.976154,33,9514.057307
5427474.366253,28,9514.590427
5277180.344871,58,9515.711876
-686483.582828,8,9515.86674
4932591.895365,40,9516.638968
-851588.314885,10,9516.832001
-720886.525408,9,9517.012744
4435064.538205,47,9517.92663
5162345.273897,39,9518.602071
5379058.011208,41,9519.323097
-497931.578584,5,9519.42608
5347139.915281,37,9520.153972
-1248202.165103,16,9520.450213
-491914.204469,5,9520.545489
-492717.105955,5,9520.638366
5207845.913878,53,9521.662823
-934750.284194,12,9521.901844
4892450.771743,42,9522.759488
4857172.175736,39,9523.498397
-565733.311677,7,9523.619647
-473626.679964,5,9523.704955
-486283.341811,5,9523.807534
5309426.400023,30,9524.346687
5422497.180712,31,9524.928636
4457703.34963,47,9525.813145
3674364.155684,56,9526.896525
4292937.940899,47,9527.831815
-858839.312772,10,9528.031393
-726494.433026,9,9528.207446
-478600.241804,5,9528.3107
-489296.734903,5,9528.419711
-494012.400218,5,9528.519197
-571200.182086,7,9528.64957
-487146.756077,5,9528.752865
-487491.528384,5,9528.849835
-615150.210058,7,9528.989341
5045872.407104,36,9529.667392
5480994.442462,51,9530.632206
5336554.874506,35,9531.303706
5435998.141922,28,9531.831221
-495236.08915,5,9531.92761
4588237.445824,44,9532.792718
4609044.074031,43,9533.654764
5323814.50758,35,9534.345977
-490530.907371,5,9534.436497
4949428.338374,37,9535.170103
4307630.559289,46,9536.055008
5408674.54748,103,9538.023954
4790753.585485,40,9538.800379
4147646.311723,53,9539.812143
-706179.868703,9,9539.993387
-494806.728183,5,9540.090368
-1034752.856458,13,9540.332928
-502764.787225,5,9540.430465
5332793.902378,39,9541.16937
4647635.139534,42,9541.968865
5084063.673637,35,9542.623461
5480579.744801,54,9543.641889
5081214.754667,37,9544.369107
-489611.684611,5,9544.475007
5784381.23785,85,9546.076851
5061608.200713,37,9546.774434
-479943.38582,5,9546.877797
5350157.298753,32,9547.471573
-844695.549213,10,9547.659137
-625024.83418,7,9547.799052
4135511.385856,53,9548.805664
-472620.746794,5,9548.904044
4325882.74629,49,9549.82875
-490834.32805,5,9549.925936
-691178.69813,8,9550.080424
-513863.9829,6,9550.194665
5737822.548039,62,9551.374075
5430665.877177,26,9551.889455
5464332.208117,40,9552.657049
-498661.41151,5,9552.752213
5147450.924594,52,9553.769341
5407542.461052,30,9554.343204
-482735.305574,5,9554.440149
5199164.589679,37,9555.14364
-502577.416139,5,9555.234644
-486033.635195,5,9555.331408
-760856.580644,9,9555.500775
-569155.19917,7,9555.627879
-821385.27028,10,9555.813085
-483762.336004,5,9555.912779
4359957.578785,70,9557.264141
5384973.031489,30,9557.82156
-484421.234211,5,9557.91981
-730780.300026,9,9558.082474
-523009.509036,6,9558.197625
4468370.7308,47,9559.09279
-473299.283205,5,9559.188284
-1442135.325162,18,9559.530428
5150596.444777,34,9560.173389
-616182.503622,7,9560.308957
-503898.77361,6,9560.427497
-488034.991869,5,9560.524729
-615338.67761,8,9560.676024
-492221.913477,5,9560.77148
-498577.945035,5,9560.87007
-490246.075835,5,9560.968558
-592102.967903,8,9561.124192
5155339.829446,38,9561.839694
-683412.535054,8,9561.997309
-500702.26884,5,9562.094614
5405037.524889,28,9562.63762
-496688.166783,5,9562.730172
5173635.554658,35,9563.403339
5120291.558019,37,9564.112005
-501316.789657,5,9564.203542
-502560.386007,5,9564.299662
-499646.270749,5,9564.391085
-481444.061255,5,9564.488796
4351155.173,51,9565.463416
-832992.803789,11,9565.669179
5159300.876799,34,9566.323524
-498522.360416,5,9566.420523
5042308.932622,38,9567.153807
-494496.144813,5,9567.250833
-490386.205773,5,9567.347816
5441306.00878,45,9568.154283
4193917.450488,50,9569.062668
5422926.517344,26,9569.530222
-474380.503306,5,9569.620592
4911534.948655,39,9570.341712
5210890.425352,35,9571.007861
-494817.028647,5,9571.105527
4814571.11323,47,9572.008483
-563633.451062,7,9572.141436
-490054.949246,5,9572.232488
-482360.616784,5,9572.329462
-488515.605501,5,9572.444546
-501765.766699,5,9572.543412
-672400.370599,8,9572.693052
-799654.690484,10,9572.887
-1170793.776326,15,9573.177869
-671634.992046,8,9573.330734
-632991.314789,7,9573.464956
4468905.289156,44,9574.310782
-858392.482702,10,9574.504423
5077203.310002,35,9575.15925
-772935.179996,11,9575.378298
5327809.50818,37,9576.037994
-503065.605249,5,9576.12852
-502971.919139,5,9576.219865
4361920.01317,45,9577.059786
-483168.613595,5,9577.159042
-493020.945316,5,9577.261664
5419403.775473,28,9577.807703
-676807.849484,8,9577.964675
5344823.705165,39,9578.698028
-503308.656389,5,9578.789173
-689816.442624,8,9578.940783
-858365.979898,11,9579.147047
-720673.96108,9,9579.32219
-492319.123198,5,9579.413254
-667040.764415,8,9579.564801
5425761.264274,40,9580.316028
-502383.746818,5,9580.407142
-489033.211233,5,9580.504393
-557215.914476,7,9580.631398
5284213.410559,31,9581.218756
5088919.728337,50,9582.19171
-497643.963262,5,9582.292048
-782396.591856,10,9582.510035
-1376798.880341,17,9582.812747
-1028444.537313,12,9583.031008
-842783.925962,11,9583.225095
5157516.821144,39,9583.937403
-488206.088031,5,9584.02458
4595673.880589,47,9584.873437
-132210.731518,6,9584.984134
5326280.789646,33,9585.606082
-612381.083493,7,9585.746192
-503366.585689,5,9585.842509
-703810.10616,9,9586.027945
5322180.875788,30,9586.594007
4716694.374679,41,9587.376063
-493371.907649,5,9587.469424
-573566.991323,7,9587.594243
5120147.032655,43,9588.424367
4800018.055072,41,9589.199693
-449989.854086,5,9589.285013
4272277.997822,71,9590.672593
-753306.077136,9,9590.842519
5101861.514164,37,9591.551424
5289401.124553,33,9592.1875
-498011.885747,5,9592.284729
-738786.50895,9,9592.46001
5261886.138402,34,9593.117552
-776337.148881,9,9593.284421
5219151.562754,36,9593.987658
-692421.324089,8,9594.151068
4485891.454932,44,9595.018019
-495903.132224,5,9595.108282
-488690.145114,5,9595.19909
5086845.866843,60,9596.333006
-681610.094564,8,9596.489834
-484286.588722,5,9596.587597
5114701.91299,33,9597.217435
-722079.16082,8,9597.369333
5108077.373969,38,9598.0837
5277093.297583,36,9598.765373
-729694.842441,9,9598.944783
5288696.915555,36,9599.647299
5441064.328133,34,9600.30148
-758916.363087,9,9600.477663
5271061.332072,34,9601.119571
4834535.134941,45,9601.967993
4446858.931636,49,9602.901234
5185512.076408,34,9603.563342
4605665.430562,45,9604.416523
-629140.617338,7,9604.555965
5114120.512853,37,9605.25321
4509709.363401,50,9606.222364
-612861.092654,7,9606.361955
4921634.251149,37,9607.077172
4029647.616246,50,9608.046767
4955319.832059,41,9608.828205
4923899.505688,42,9609.623654
-829670.734325,11,9609.827874
-483387.540937,5,9609.924814
4834341.993701,39,9610.68268
5394605.282336,31,9611.263856
5712696.155749,44,9612.100418
4105008.446515,52,9613.114687
-759920.060626,9,9613.284151
-622232.281204,7,9613.417973
-790467.774119,10,9613.615182
-518096.480578,6,9613.730171
5390397.918217,30,9614.305981
-475660.541152,5,9614.400771
5085273.64269,35,9615.057796
-495539.540595,5,9615.148389
5303833.947011,36,9615.81474
-502726.060056,5,9615.905735
4811038.066236,41,9616.649065
-501383.755252,5,9616.736169
5476362.139387,49,9617.629492
4282455.110925,49,9618.519708
4913360.092663,36,9619.190907
-491824.600899,5,9619.281647
-495318.112217,5,9619.381215
-502665.029707,5,9619.475489
-620010.742247,7,9619.608299
5385171.657023,26,9620.105681
-496428.881671,5,9620.202685
-816570.27552,10,9620.384229
-502855.691265,5,9620.480922
-494762.617719,5,9620.578069
-560672.853381,7,9620.705471
5172382.797842,34,9621.367747
-458684.542958,5,9621.464523
-706820.717407,8,9621.620934
-493429.918055,5,9621.717348
5205562.03983,36,9622.402901
-502505.43864,5,9622.497191
-502512.045982,5,9622.590241
5409830.946097,34,9623.244259
4185269.798639,48,9624.15385
5402482.719236,33,9624.777581
5136152.168016,37,9625.472108
5056085.804953,37,9626.183264
-497309.704932,5,9626.274437
5409915.513024,29,9626.814081
4893693.883582,39,9627.583315
-778387.851108,9,9627.760788
5285410.055167,36,9628.457475
-496721.17403,5,9628.549693
5274407.653186,38,9629.250125
4047750.395237,53,9630.267901
6023037.809418,76,9631.703824
5398875.157947,24,9632.163803
-512536.943349,6,9632.273387
-492427.460727,5,9632.377275
4270813.951515,51,9633.364561
4958474.509705,42,9634.164203
4404829.885878,48,9635.091594
-483517.284389,5,9635.188666
5012119.140398,42,9635.976348
-723780.266612,9,9636.152159
-520035.5951,6,9636.26728
5370824.091906,27,9636.788458
-496345.789497,5,9636.885086
5201723.022216,34,9637.58232
5721418.59933,52,9638.505615
5254299.30739,33,9639.091085
5287130.494327,33,9639.691097
-767186.642445,9,9639.860406
-495927.040266,5,9639.951513
5070941.313956,40,9640.70393
4897826.045515,41,9641.472764
5288431.049037,36,9642.181855
-498122.563775,5,9642.291153
-502863.848415,5,9642.405602
5093749.337991,56,9643.424355
-468874.791556,5,9643.508574
5688645.337293,81,9644.95109
5328238.020084,64,9646.163264
4509133.498138,42,9646.975397
-485663.228305,5,9647.071933
-498039.687091,5,9647.162986
-494977.911822,5,9647.268413
4568012.792658,41,9648.048016
-671921.960515,8,9648.193174
-713253.559744,9,9648.350714
4415872.273468,52,9649.326146
-623395.39093,7,9649.459427
-495459.441129,5,9649.556364
-672967.388089,9,9649.757123
-484324.514623,5,9649.850861
4910080.457038,38,9650.550506
-486015.048913,5,9650.641621
-471503.461738,5,9650.731861
4997756.305935,37,9651.392871
5386082.194926,27,9651.895798
-675978.316874,8,9652.047191
-935124.945357,12,9652.259114
-498944.421133,5,9652.35002
4965458.372257,41,9653.123029
-501100.236835,5,9653.216485
-145640.028266,6,9653.325972
-497955.543401,5,9653.416825
-502447.788604,5,9653.513757
-496807.030364,5,9653.604232
-488606.172968,5,9653.701509
-818805.07963,10,9653.889345
-590073.519993,7,9654.022768
5027716.805393,40,9654.780154
5007214.498448,38,9655.489188
-908266.094846,12,9655.707422
-727222.208384,9,9655.871044
-481645.458995,5,9655.961651
-498800.577009,5,9656.065165
-500611.092515,5,9656.155907
-973078.542895,12,9656.392208
5414230.770425,27,9656.907191
-700699.843651,8,9657.05925
-998329.680719,12,9657.289068
-501933.445655,5,9657.380351
5404784.062917,30,9657.931175
-501134.988638,5,9658.028569
-886428.500324,11,9658.24035
4894075.064783,60,9659.361359
-624740.64221,7,9659.500548
-851969.632486,11,9659.714112
-482128.069124,5,9659.804403
5376418.919186,36,9660.512481
-654426.143556,8,9660.664303
-501119.028711,5,9660.767251
5131929.021649,37,9661.463995
5047093.441527,36,9662.155022
-489886.610508,5,9662.245724
4626929.248461,43,9663.091595
4882553.60393,41,9663.882071
-574212.139454,7,9664.012805
5325980.239363,33,9664.639337
5317979.49032,33,9665.300467
-822891.462934,11,9665.512369
5414049.928372,23,9665.948325
-485351.200138,5,9666.052405
-485353.898366,5,9666.148571
5265949.059901,59,9667.267205
4929772.673759,41,9668.069731
-483895.283612,5,9668.16635
-764142.962096,9,9668.330743
-495680.398565,5,9668.427345
-486733.214786,5,9668.524267
-991411.275877,12,9668.754603
4913505.085669,42,9669.554395
-493984.048537,5,9669.645604
-497309.472183,5,9669.742215
4131724.218084,52,9670.711805
-483763.088541,5,9670.809768
-636179.028479,8,9670.953762
5179709.340382,46,9671.838962
-494810.956244,5,9671.929925
5020143.772102,39,9672.68728
-488131.74803,5,9672.777822
-767871.061783,9,9672.953893
5257849.858131,37,9673.68758
-1153373.282677,15,9673.984713
5144716.96665,50,9674.953682
-712785.001519,8,9675.111037
5314837.786204,35,9675.78786
-527985.946438,6,9675.904806
5123568.519368,35,9676.577854
-464233.210577,5,9676.675112
-815238.738048,10,9676.856505
-488198.995142,5,9676.959542
-770479.193256,10,9677.153087
-622357.988981,8,9677.299005
-496814.907013,5,9677.395467
-501520.65646,5,9677.48635
-487376.542998,5,9677.58954
-592826.249536,7,9677.716907
5312090.952614,30,9678.280489
5335206.161545,33,9678.916492
-501130.402785,5,9679.00739
-482542.974525,5,9679.104513
-620858.970782,7,9679.231621
-555911.609433,6,9679.340808
-497649.073866,5,9679.437993
4414076.145972,56,9680.492241
-1020873.661231,13,9680.734624
-490584.637967,5,9680.831408
-743970.171345,9,9681.001186
4837906.030735,38,9681.728518
-790968.253506,10,9681.9223
-905518.646062,11,9682.134229
-937538.113008,12,9682.358615
-480426.527335,5,9682.45601
-494988.30922,5,9682.552862
-705095.065527,9,9682.735046
-480719.634035,5,9682.831623
-486047.099011,5,9682.928451
-800037.849783,10,9683.122389
-840861.598421,10,9683.309904
-476609.128274,5,9683.401225
4908681.213346,39,9684.134757
-643331.302718,7,9684.267563
-494765.433656,5,9684.352604
-498481.468996,5,9684.449631
5435624.25149,28,9684.970753
-543254.427706,6,9685.092185
-488024.284882,5,9685.188784
-477533.427231,5,9685.280092
-495069.940679,5,9685.370853
-452082.483917,5,9685.461209
-1254269.100763,16,9685.75244
4167330.754823,51,9686.715874
-502081.975159,5,9686.818957
4613667.464372,45,9687.673717
-485249.565771,5,9687.776847
5435585.193632,26,9688.2793
5123516.020081,31,9688.860816
-482688.066833,5,9688.958571
-775536.379975,9,9689.152206
-1349966.620342,17,9689.472703
-499376.071259,5,9689.567579
-767450.081761,9,9689.733481
-496269.120226,5,9689.830566
4665060.186133,56,9690.884906
5248670.324669,37,9691.600704
-558436.417575,7,9691.733408
4018137.655025,52,9692.724144
5190405.035797,37,9693.394194
3676104.192247,58,9694.444825
5346380.00878,61,9695.539143
-771304.855231,9,9695.708746
-490138.414567,5,9695.799357
-493545.970336,5,9695.896605
-484113.564581,5,9695.994924
4295565.405148,65,9697.248219
-502940.424453,5,9697.354224
-472424.437549,5,9697.45373
-495011.551817,5,9697.550951
-498639.446394,5,9697.641951
-475761.360043,5,9697.732542
-479646.992201,5,9697.826992
-701185.527398,9,9697.9995
5250024.379548,57,9699.029828
-714223.678367,8,9699.181172
-495934.740411,5,9699.265596
5598874.456389,48,9700.14472
4961617.925166,38,9700.853407
5325027.55049,35,9701.526113
5072613.857753,47,9702.453602
-564443.700371,7,9702.602819
5424091.904809,25,9703.047035
-494744.909401,5,9703.132372
-497050.723926,5,9703.222827
-472689.819293,5,9703.313639
-525778.499893,6,9703.417119
-494834.874149,5,9703.515393
-488276.053909,5,9703.598779
-734561.908976,10,9703.774608
-804681.023329,10,9703.955858
-1281384.631793,16,9704.247333
-736825.797921,9,9704.404691
5154959.850343,44,9705.212866
-702918.35807,8,9705.356244
5391519.729036,30,9705.901295
-484607.557937,5,9705.992086
4721910.017476,44,9706.828706
-472736.877276,5,9706.925763
-483566.748301,5,9707.028998
5398107.515544,37,9707.719753
5297666.094709,40,9708.489195
-495389.849636,5,9708.591884
5343336.193625,48,9709.513279
-476972.302422,5,9709.610538
5275620.14904,34,9710.259419
-755016.989961,9,9710.434376
-669598.353742,8,9710.585996
-550931.327804,6,9710.700932
-499911.212912,5,9710.792016
4962127.472403,58,9711.906697
3844942.29815,55,9712.979319
-461481.67234,5,9713.070595
-500006.711106,5,9713.17307
5333631.442837,34,9713.837617
5696961.246586,55,9714.864059
4093457.778993,56,9715.930902
5266822.999172,37,9716.638523
5368092.642211,37,9717.305047
5281126.361475,34,9717.930054
-478046.92312,5,9718.027615
-455484.588051,5,9718.11855
-460355.844199,5,9718.2149
-474639.603026,5,9718.305776
-493670.671454,5,9718.396663
5520948.342105,64,9719.627073
-734672.028572,9,9719.812525
-748919.4997,9,9719.984879
-818414.171359,10,9720.178709
-501560.857428,5,9720.275177
5253310.317898,100,9722.23301
-1074108.434595,14,9722.511691
-800645.005533,10,9722.699159
5308103.490615,31,9723.308375
-494568.22198,5,9723.402602
5076059.834178,35,9724.081223
-659664.192254,8,9724.23875
5298831.065965,33,9724.881453
-927829.831352,12,9725.117385
5394061.511296,31,9725.723698
-492870.544846,5,9725.8202
5073421.015034,36,9726.535743
4943873.901882,38,9727.305355
-1007287.892924,13,9727.553652
-542242.189813,6,9727.680542
-494950.180004,5,9727.771638
5391306.118936,27,9728.28703
-476336.753352,5,9728.383397
5408283.139051,28,9728.923273
-898819.354459,11,9729.129231
4719652.956223,41,9729.886672
-498197.253061,5,9729.977414
-476087.562666,5,9730.074546
-482738.389255,5,9730.177562
-492875.729459,5,9730.274168
5154244.51468,36,9730.95901
5133526.927019,37,9731.692651
5325654.407939,31,9732.316437
-868932.323085,11,9732.535298
5317667.171088,31,9733.122496
-753995.483825,9,9733.304047
4184818.556428,48,9734.225487
5271669.469547,73,9735.626378
4799375.995929,40,9736.418734
-494342.353656,5,9736.510198
-492983.39062,5,9736.606916
-463183.692378,5,9736.709867
5049684.116048,38,9737.480058
-692690.157164,8,9737.631351
4020121.581996,58,9738.751827
-759121.365382,9,9738.924345
5336142.965506,33,9739.540046
-508909.568131,6,9739.661476
5745087.645246,48,9740.585836
-723858.21795,9,9740.752062
5334396.481596,32,9741.390965
-502693.419227,5,9741.479066
-495037.328268,5,9741.576065
5429196.14308,23,9742.01851
-502870.720425,6,9742.152449
-818096.61865,10,9742.339467
-485802.683956,5,9742.430419
5700812.142447,48,9743.357824
-481239.330086,5,9743.454479
-787281.594952,9,9743.630389
-490603.22894,5,9743.721016
4603130.826558,42,9744.557586
-495432.987738,5,9744.654297
-922003.659257,11,9744.878614
-876163.930192,11,9745.090613
5399381.530293,57,9746.179658
-499918.03502,5,9746.272164
-672358.08057,9,9746.442525
-481678.957015,5,9746.535716
4533362.940515,49,9747.496273
-634933.711421,7,9747.629851
-610933.196166,7,9747.781411
-773441.197995,9,9747.950783
-769337.128177,9,9748.132894
5317150.147339,35,9748.833986
5344056.340193,35,9749.520348
5118559.971642,33,9750.223545
5321078.473806,38,9750.954751
-483717.197106,5,9751.049579
-501310.942184,5,9751.144797
-806897.100091,10,9751.338314
-485193.147858,5,9751.429241
5415960.387469,28,9751.968579
5359272.8334,54,9753.010913
5160933.759708,37,9753.732053
-476572.305904,5,9753.83761
-490564.160231,5,9753.926267
-470745.790215,5,9754.023082
4277054.994629,49,9754.944645
5344104.697148,33,9755.586275
4857628.652471,40,9756.362325
5335046.789016,33,9756.992544
5413253.291753,28,9757.580511
-489579.358539,5,9757.677492
5420526.148979,26,9758.167998
-942642.083782,12,9758.404075
-893658.874229,11,9758.61067
-493816.048285,5,9758.707263
-491932.537539,5,9758.810066
4409793.26518,49,9775.020603
-1051908.568156,14,9775.302834
-634171.696641,7,9775.444891
-493310.381397,5,9775.536142
5201400.263729,40,9776.323446
-802106.738057,10,9776.505148
-517977.561704,6,9776.614221
4383915.208922,46,9777.487813
-1208174.479152,15,9777.76599
-631154.959781,7,9777.899395
-495143.05436,5,9777.996833
5271112.714327,35,9778.668925
4355594.394918,47,9779.565708
-491405.50022,5,9779.668586
-1495758.38092,19,9780.019828
-711589.023924,8,9780.171289
5323332.421031,32,9780.783418
-485942.586519,5,9780.886248
-490044.91526,5,9780.983694
5376717.576162,29,9781.535033
-501664.380183,5,9781.632306
-492071.153691,5,9781.736058
-486609.820015,5,9781.832238
-859594.194815,11,9782.038128
5297272.898336,39,9782.783211
-493041.085563,5,9782.880602
-834093.490597,10,9783.062404
-919676.292219,12,9783.301071
-705792.664562,9,9783.476307
-570245.305633,7,9783.613637
5407244.427243,27,9784.140463
-851960.007684,10,9784.340904
-862920.935486,11,9784.544485
-559989.590226,6,9784.643816
-1027896.023056,13,9784.880152
4264691.624027,50,9785.784778
-489907.420846,5,9785.874113
-586379.484484,7,9786.006859
-482273.318617,5,9786.093428
5192822.688024,35,9786.752721
4145664.065763,49,9787.674177
5295121.287819,32,9788.292139
-888561.222025,11,9788.509656
-483200.894083,5,9788.600948
-655699.183944,8,9788.746368
-495437.031835,5,9788.842962
5330473.644691,34,9789.491337
4836084.823265,42,9790.309462
4765607.715266,42,9791.103317
-502895.968663,5,9791.200725
-730762.530845,9,9791.376136
5423742.521167,27,9791.891607
-623428.391812,7,9792.018616
-138641.646602,6,9792.14562
-710150.579715,8,9792.30345
5308137.779849,36,9793.000431
-502515.48766,5,9793.097
5325901.370573,35,9793.770098
-502643.677918,5,9793.867475
-496228.779442,5,9793.976097
-528694.105431,6,9794.109429
-728811.768476,9,9794.285612
-467784.848332,5,9794.388285
5599796.62822,44,9795.248225
-669627.0525,8,9795.399992
5356263.591111,30,9795.96323
5333108.941761,32,9796.594016
-492836.405239,5,9796.684781
-793549.42971,10,9796.876603
-496474.471977,5,9796.96932
4179228.593978,51,9797.951357
-801843.182227,10,9798.138741
-781496.215771,10,9798.333337
5432097.051287,49,9799.296376
-497924.703696,6,9799.418278
-492673.064706,5,9799.514397
-477148.145951,5,9799.611731
-496794.428377,5,9799.708464
5059787.079792,36,9800.387647
-479054.961283,5,9800.47822
-1111659.329594,14,9800.739439
-477856.274422,5,9800.830312
5229858.493294,34,9801.45383
-475138.357712,5,9801.550765
-491859.766349,5,9801.641422
5052331.956233,76,9803.108655
-730727.169571,9,9803.283607
-496698.784058,5,9803.385815
-757125.867541,9,9803.55635
-730209.815635,9,9803.726029
-837890.644016,11,9803.93242
5429038.190074,46,9804.792729
-729782.502956,9,9804.962294
-1069235.886183,13,9805.199191
-490980.730644,5,9805.295654
-486763.743535,5,9805.386574
5405797.93196,25,9805.847424
5237583.94094,34,9806.453042
5421946.780603,51,9807.37423
5413538.173252,28,9807.895591
-705861.324845,8,9808.04113
-482775.277084,5,9808.137656
-498620.651009,5,9808.241535
-476650.48664,5,9808.344491
5398149.892117,42,9809.150324
-489966.842685,5,9809.247303
-492765.481126,5,9809.343908
5219008.076116,38,9810.064903
-489448.574725,5,9810.162297
-652840.990726,7,9810.303447
-986327.330908,12,9810.525942
-1299704.748435,16,9810.83456
4464277.952754,45,9811.677177
-560017.810853,6,9811.79195
-487885.516034,5,9811.889204
-502486.691569,5,9811.98594
5395469.429258,38,9812.734772
-1078661.407063,13,9812.979918
4901711.744584,42,9813.785795
4966076.02424,45,9814.646521
-632455.585657,8,9814.797434
-488478.085093,5,9814.89483
4569188.659728,51,9815.859844
-632409.641949,7,9815.985601
-415033.483748,5,9816.082546
-762718.497368,9,9816.251924
4752563.309866,57,9817.397249
5367513.192217,34,9818.0036
5520549.374546,51,9818.924275
-1182838.417413,15,9819.18507
-613343.829252,8,9819.342745
5277940.863275,54,9820.360884
-479574.549666,5,9820.457609
-559163.615458,7,9820.588254
5343823.372512,34,9821.221112
5413550.856458,30,9821.797292
-1027637.732635,13,9822.051374
-479202.176061,5,9822.148547
-669629.698399,8,9822.307743
-706537.94375,9,9822.488456
-790303.174321,10,9822.683236
4885688.077176,37,9823.342086
5385625.928383,51,9824.262984
-848238.540399,10,9824.451273
5343585.553273,34,9825.075109
-568187.180576,7,9825.208511
-674286.185485,8,9825.37468
-493280.743358,5,9825.469059
-605292.195321,7,9825.602651
-746525.454497,9,9825.784133
4836105.726909,45,9826.627134
5440546.60299,25,9827.099504
4372916.46839,57,9828.17778
-493772.063943,5,9828.274942
-820238.962861,10,9828.462671
5207085.205678,39,9829.196364
-470820.768642,5,9829.298779
-564103.075441,7,9829.438489
-580948.139213,7,9829.55994
5385528.859724,29,9830.104912
-572732.485851,7,9830.244327
5466405.343408,29,9830.790649
-491627.496587,5,9830.886464
-487812.378912,5,9830.984061
4947880.283707,45,9831.82599
5213472.108107,33,9832.468939
5452794.983151,27,9832.971539
-726449.34731,9,9833.141251
-506516.681164,6,9833.256485
-569186.182023,7,9833.395353
5029080.809445,56,9834.486606
-479099.129015,5,9834.577315
4986291.471449,36,9835.274309
4748828.436377,41,9836.062415
5213049.441354,35,9836.746683
-565790.452862,7,9836.87682
4820760.325917,40,9837.638103
5423636.991437,27,9838.164447
-503028.800684,5,9838.261834
-673933.907379,8,9838.424989
-571704.161578,7,9838.567642
-561261.956134,7,9838.705406
5478381.599954,53,9839.710082
-650024.017878,8,9839.855125
-469677.324645,5,9839.946055
-497005.165868,5,9840.030913
-417346.695407,5,9840.122136
-695639.010894,8,9840.273812
4878549.394701,43,9841.055467
4731772.677791,41,9841.800801
-1305109.174394,17,9842.118092
5700888.364587,57,9843.20695
-578605.859328,7,9843.340154
4768421.413556,41,9844.133471
4495078.415925,47,9845.020757
5423865.133646,31,9845.614291
-475088.597178,5,9845.709244
4306715.607718,48,9846.639679
5359855.893078,30,9847.234069
4063153.334942,55,9848.309148
5783837.414118,131,9850.75148
5562805.865096,54,9851.720333
5290736.125111,38,9852.417306
-1265545.855229,17,9852.720582
5833330.498485,53,9853.683825
4777446.121342,40,9854.454151
-462434.187061,5,9854.550429
-494181.875735,5,9854.655766
4849727.336347,40,9855.417695
-553616.145788,6,9855.538412
5167996.280561,36,9856.235037
-698860.644596,9,9856.422194
-985143.045097,12,9856.647611
-502630.505886,5,9856.738451
5386909.465982,30,9857.307628
-491358.912578,5,9857.405093
-613954.717598,8,9857.562835
-473435.586937,5,9857.659527
5401849.051257,29,9858.192766
5512112.52442,39,9858.925575
-499514.587536,5,9859.010373
-502467.849517,5,9859.101263
-611939.601275,7,9859.223031
-663210.651542,8,9859.368439
-489313.925484,5,9859.45935
-724934.064399,9,9859.619168
-1233983.561473,16,9859.895191
5395212.358369,33,9860.489674
-454159.295017,5,9860.586185
-777563.92421,9,9860.749924
5281264.22232,34,9861.45328
-1029766.865188,13,9861.707697
-492699.26302,5,9861.804591
-559831.114451,7,9861.937779
5204077.088576,34,9862.574152
-495196.604627,5,9862.67237
-495157.40172,5,9862.776701
-487061.049818,5,9862.872297
-662254.115232,8,9863.022754
-734140.795585,9,9863.195604
-696219.7569,8,9863.34552
-593971.575604,7,9863.4812
-469834.339598,5,9863.579622
-499985.52933,5,9863.676728
5208247.351079,43,9864.507315
-498917.265286,5,9864.603775
-474882.505527,5,9864.701169
-501848.840704,5,9864.797812
5232577.210734,57,9865.89485
5530253.283181,86,9867.604459
-933535.323686,11,9867.809874
-770970.132147,9,9867.991422
-482639.506587,5,9868.082892
-517066.801764,6,9868.191786
-795030.388317,9,9868.367297
6192308.732865,80,9869.888473
5099903.60533,58,9870.979287
-492933.264332,5,9871.075787
4865322.88874,38,9871.799022
-485491.369139,5,9871.894193
4546624.25388,46,9872.760754
-701076.389768,8,9872.905778
5288054.981798,34,9873.548279
-494437.344542,5,9873.639474
5414236.405561,30,9874.220956
-492587.145608,5,9874.312074
-481433.788045,5,9874.403039
-487502.614007,5,9874.505753
5334736.909401,29,9875.008825
5346334.336315,36,9875.651206
-495465.658811,5,9875.742173
-745650.980125,9,9875.899644
-495403.316251,5,9875.990418
5738603.381117,47,9876.850992
4274725.237409,48,9877.784662
-486170.499183,5,9877.88098
-571647.290984,7,9878.008505
5365581.654631,37,9878.717696
4037606.925792,54,9879.729379
-492497.200502,5,9879.826397
5293508.542839,36,9880.499298
-489702.6982,5,9880.590135
5339905.525597,36,9881.26873
-494472.165849,5,9881.365579
-484409.731655,5,9881.468976
5122046.055657,40,9882.202316
-502898.434518,5,9882.305419
-493557.305496,5,9882.408406
-849788.071183,10,9882.61419
5219852.287069,42,9883.365227
5187278.256773,34,9883.983327
-819170.887603,10,9884.1596
4714401.068916,41,9884.910609
-476118.168191,5,9885.001799
5417658.97013,27,9885.492602
-493553.127247,5,9885.589668
-494589.601966,5,9885.686179
-484763.93108,5,9885.777587
4836636.455335,50,9886.716658
-502522.895232,5,9886.80723
5444704.432979,33,9887.392288
5229263.43435,43,9888.163229
-474812.144719,5,9888.255599
-777280.986495,9,9888.413524
5089640.176372,41,9889.16281
-494413.827732,5,9889.249563
-482443.264539,5,9889.340567
-695729.5214,8,9889.499445
5304534.696155,32,9890.097863
-485598.330176,5,9890.195363
-671681.567567,8,9890.346113
5465676.358623,41,9891.127916
-494430.777827,5,9891.227207
5252312.310109,35,9891.916069
-650386.320342,8,9892.067555
-716194.861004,9,9892.237038
-516458.703836,6,9892.352374
-451205.170528,5,9892.455352
-486872.474262,5,9892.552483
-768649.586756,9,9892.73433
-498152.700132,5,9892.831173
-501679.295073,5,9892.924802
-705807.290391,9,9893.085139
-502661.591492,5,9893.188425
-499171.306415,5,9893.279503
-645970.905574,8,9893.431065
-503348.222669,5,9893.541673
-491745.769791,5,9893.630697
-890636.50421,11,9893.849177
-551110.052258,7,9893.988571
-450438.201048,5,9894.085416
4939414.651621,48,9895.02475
-706101.139783,8,9895.177186
4703461.725399,46,9896.062269
-495180.453737,5,9896.157634
5282321.10812,32,9896.788165
3957503.168325,53,9897.78777
-495477.810005,5,9897.87884
4947122.417109,41,9898.666834
5429251.33964,32,9899.278881
-500155.398795,5,9899.371775
5450541.636613,44,9900.218508
4021608.900773,52,9901.210454
-716501.504286,8,9901.363154
-492098.826811,5,9901.45441
-493047.601996,5,9901.551082
4868825.120967,42,9902.345448
4931750.736911,42,9903.138968
-1236568.129304,15,9903.41392
-619444.623049,8,9903.563664
5438817.462856,24,9904.0202
-500594.44219,5,9904.114579
-767988.998942,9,9904.283929
5377371.952556,31,9904.878175
5303564.984831,31,9905.459945
5255196.19308,34,9906.096373
5092501.052218,37,9906.820866
-803796.24391,10,9907.010575
5098729.756451,35,9907.679554
-449910.409543,5,9907.774478
5585204.503785,36,9908.471805
-502478.8962,5,9908.574754
-1193943.725637,15,9908.865621
4808133.34402,41,9909.665217
-486415.13576,5,9909.762548
-998424.50304,13,9910.004629
-492395.333007,5,9910.101466
-493178.627609,5,9910.198512
-495639.659571,5,9910.295525
5228150.858011,37,9910.992774
-462147.356182,5,9911.090603
-482521.76074,5,9911.198265
5152487.693092,74,9912.6588
-493359.044788,5,9912.750124
-796118.813496,10,9912.931943
-1055594.386054,13,9913.174328
-562586.774907,7,9913.309949
-485355.343001,5,9913.404294
-612468.246056,8,9913.556105
-934356.409906,12,9913.779999
-606789.789783,8,9913.940352
-677355.260774,8,9914.095439
-487120.57478,5,9914.186
5248989.755989,37,9914.883439
5215986.921727,35,9915.54974
-474800.768414,5,9915.648191
4958114.860133,41,9916.410194
-481277.467173,5,9916.507235
-617854.511788,8,9916.65865
-495522.3965,5,9916.761675
-502328.129699,5,9916.858876
-618577.333661,7,9916.992092
4890095.878316,39,9917.736378
-511470.558649,6,9917.846467
-736086.039863,9,9918.016188
4858868.697131,39,9918.761638
5238784.357869,36,9919.441376
5267390.943351,34,9920.094568
5383629.432036,29,9920.65212
-503129.503378,5,9920.750066
-658241.18091,8,9920.900607
5138240.257182,34,9921.554983
4517470.676476,48,9922.465949
-489624.159956,5,9922.573291
-488733.718338,5,9922.676058
4297827.482693,50,9923.621194
-813914.361715,10,9923.80957
-692131.540136,8,9923.961175
-484443.33727,5,9924.051721
-491933.465204,5,9924.142542
-496158.405279,5,9924.242645
-489929.280354,5,9924.342705
5431208.50863,27,9924.869995
5321175.325562,35,9925.536298
4995296.077976,59,9926.663101
-501520.8884,5,9926.766659
5304765.130202,33,9927.452995
-603516.840252,7,9927.596804
4591708.331885,43,9928.40545
-1288364.527539,16,9928.705682
5418672.621075,27,9929.220743
-477641.408655,5,9929.317416
-450556.15916,5,9929.414766
-788849.823581,10,9929.608808
-398286.231321,13,9929.85714
-502443.98756,5,9929.947609
-495903.856922,5,9930.045096
-483562.61106,5,9930.141774
-484515.951048,5,9930.232397
4762414.543813,45,9931.079772
-489630.552923,5,9931.172036
5014945.698781,37,9931.881112
5366342.032886,32,9932.535787
5373541.438753,56,9933.632503
4820190.817293,41,9934.41403
5402536.861046,30,9934.989889
5427702.25278,27,9935.515297
5406781.799847,29,9936.074682
5369741.604033,39,9936.819707
-859850.553058,10,9937.001994
4377391.407023,62,9938.195656
-1172923.550172,15,9938.468149
-989461.925981,12,9938.679997
4462103.196889,56,9939.704448
-502279.600048,5,9939.809572
5426364.594161,24,9940.260524
5278132.261178,34,9940.898435
-494971.401352,5,9940.995013
-909444.358632,12,9941.212971
-502667.630787,5,9941.304324
-741187.276299,9,9941.476745
-496734.817137,5,9941.573922
4109460.668472,49,9942.534762
5395221.34607,26,9943.007135
-478735.092678,5,9943.097695
5439416.095957,27,9943.5707
4602996.474301,41,9944.305297
5290643.065242,33,9944.92828
-499116.10359,5,9945.024716
5366261.490482,28,9945.545706
-827061.254891,10,9945.734131
-494771.138368,5,9945.824959
-664448.353637,8,9945.970223
-566360.451982,7,9946.097257
5186330.968158,49,9947.032093
-1078116.574299,13,9947.276413
-1022120.503485,12,9947.499444
4509473.392064,56,9948.578353
-933310.335786,12,9948.806511
5337796.266002,34,9949.454715
-478588.821661,5,9949.551943
5387907.494337,31,9950.151486
-926308.82093,12,9950.385151
-748609.407121,9,9950.557523
-741280.034537,9,9950.727363
-495724.085516,5,9950.824479
-617539.303133,7,9950.957295
4077497.677672,69,9952.308538
-466836.48563,5,9952.405834
-486814.495618,5,9952.500592
-770912.91396,9,9952.690697
5324518.617328,59,9953.817863
-840347.937696,11,9954.032854
4241128.812601,47,9954.925799
-697239.11412,8,9955.084064
4636476.601624,51,9956.067699
-851810.211531,10,9956.247871
-491934.820009,5,9956.350627
-484999.097977,5,9956.447859
-559052.078047,7,9956.581386
5413934.392109,27,9957.096542
-480460.133408,5,9957.193211
5269013.199108,35,9957.877887
-503097.32621,5,9957.981217
5147112.263284,35,9958.65378
-480952.768429,5,9958.744632
-497747.057207,5,9958.848044
5065491.058909,39,9959.615777
4454763.870953,43,9960.429026
5567359.256767,54,9961.513978
-894024.525611,11,9961.725668
-1041673.065057,14,9961.986742
-596115.12969,7,9962.119922
-490665.1246,5,9962.217883
6064561.584628,81,9963.76801
-470721.724849,5,9963.864955
4991021.207723,37,9964.570202
-502149.328314,5,9964.67687
-682329.142659,8,9964.824492
-492691.607873,5,9964.919924
-501369.074828,5,9965.028788
-701684.69942,8,9965.186577
-742322.683515,9,9965.368434
-1215660.663464,16,9965.677004
-863896.682861,10,9965.864725
-721066.423718,9,9966.034615
5117461.606929,46,9966.928001
-501359.736666,5,9967.022386
5207697.377193,35,9967.689269
5238871.264744,32,9968.28882
-486387.402171,5,9968.381394
-672914.806194,8,9968.518818
4546135.178177,46,9969.361165
-501919.496777,5,9969.458929
-748401.019252,9,9969.640193
-567533.860954,7,9969.767624
-496830.572923,5,9969.865722
-554237.040151,6,9969.973416
-497355.423579,5,9970.06441
5319133.913529,40,9970.839206
5576781.012937,61,9971.991531
4994409.451083,40,9972.754891
-478136.943493,5,9972.851715
5044051.67544,38,9973.57958
5655416.766842,51,9974.573072
-502413.856064,5,9974.676512
-694237.178903,8,9974.833429
4484373.806253,44,9975.706374
-477751.155542,5,9975.803183
-496021.774626,5,9975.899821
-791851.031586,10,9976.087832
5130295.629499,34,9976.748427
5392031.252044,29,9977.306106
4590978.66589,48,9978.233587
-495178.171648,5,9978.329924
4812646.046948,41,9979.106061
-920032.191384,11,9979.313684
-496904.994364,5,9979.414863
4933133.799421,39,9980.178413
-494536.186182,5,9980.269545
4830181.888342,40,9981.044793
-482480.095821,5,9981.147755
-823996.000953,10,9981.342102
-481128.229919,5,9981.439003
-886634.050059,11,9981.651004
4989936.888398,36,9982.348044
-487294.201745,5,9982.444609
-463600.174849,5,9982.535958
3850426.71014,54,9983.602354
-545647.414861,7,9983.736086
4318627.782538,50,9984.696293
4359975.23556,48,9985.613884
-489841.290036,5,9985.710783
5423748.619953,39,9986.450088
-1573771.159491,20,9986.859111
5324766.947267,40,9987.626265
-681951.388893,8,9987.777596
4561129.588912,43,9988.596505
-487257.875825,5,9988.694304
-503073.370013,5,9988.783604
5329382.468375,43,9989.577171
-485299.021132,5,9989.674312
-490204.742451,5,9989.771444
-475693.393706,5,9989.862241
-623807.452114,7,9989.989038
5218255.405396,36,9990.677876
-600773.307413,7,9990.816143
5350003.09939,40,9991.589506
-497149.348847,5,9991.686244
-765371.702451,9,9991.861829
-489148.267668,5,9991.946712
-527223.296788,6,9992.06349
4580785.830337,42,9992.914636
-485158.320685,5,9993.007428
5165417.711032,37,9993.755667
-1286058.665387,16,9994.073703
-625134.879499,7,9994.207168
-475439.312507,5,9994.303753
-489331.85014,5,9994.400914
4592485.124593,48,9995.328268
-481301.499251,5,9995.419116
4070675.44222,55,9996.491804
5329162.831491,31,9997.103805
-717167.483767,8,9997.276043
5421451.564675,30,9997.824935
-567760.302714,7,9997.945826
-587085.474706,7,9998.073329
5227474.678925,34,9998.721766
5226760.805226,32,9999.328914
-493551.773558,5,9999.418154
3857676.100721,53,10000.406046
5387969.812925,32,10001.02421
4804464.200479,47,10001.963434
-489376.538503,5,10002.061489
-688481.85485,8,10002.224174
-494759.333207,5,10002.327448
5109642.572699,35,10002.999673
-611213.142431,7,10003.127393
-500397.757099,5,10003.229879
-678514.739012,8,10003.369361
5298278.43547,53,10004.3087
5376560.602153,34,10004.926621
5388306.721217,28,10005.454311
-498360.56782,5,10005.54587
-480311.016835,5,10005.636044
5476350.355901,104,10007.653644
-516488.060373,6,10007.763073
4803211.122984,39,10008.538348
-477109.830964,5,10008.635246
-666538.996626,8,10008.786741
-680657.755072,8,10008.945273
-685503.449056,8,10009.120116
-485721.939785,5,10009.217445
-482522.94936,5,10009.320555
-618826.105252,7,10009.453944
5662462.892089,39,10010.22333
-560330.922072,6,10010.350943
-563939.829705,7,10010.495756
4420966.066446,105,10012.520348
4788123.586844,40,10013.32635
-1026013.598288,13,10013.580436
4549108.030474,44,10014.416619
-474398.047923,5,10014.513688
5384153.286255,31,10015.119877
-624692.50333,7,10015.259453
4771278.95876,43,10016.077369
-805373.516646,10,10016.271416
-974094.717922,12,10016.495169
5199015.813284,33,10017.14394
-476557.473125,5,10017.24648
-495893.99228,5,10017.343486
-742124.653344,9,10017.50706
-691533.316237,8,10017.652777
5403793.266142,30,10018.228193
5374977.154383,38,10018.978525
-716532.803177,9,10019.149721
-656630.999151,8,10019.30158
4786034.22075,41,10020.106967
4115091.145607,51,10021.082851
-500342.589177,5,10021.179789
5419757.755868,28,10021.718629
5406451.927486,27,10022.224492
-494372.28192,5,10022.319277
4912456.412579,37,10023.047151
-764993.892723,9,10023.215972
-113580.490374,7,10023.349169
-488001.847621,5,10023.445688
5352243.906506,33,10024.070287
-919508.593594,12,10024.300124
5423973.216507,23,10024.74881
-1222012.132624,15,10025.021532
5260002.889999,40,10025.791529
4455783.027348,43,10026.615025
5297877.094844,35,10027.30615
-888004.554529,11,10027.516365
5418084.701789,27,10028.039418
-661289.509707,8,10028.196635
-812186.582593,10,10028.384912
-502369.915285,5,10028.475347
-609138.277834,7,10028.608719
-477404.239021,5,10028.70654
-500349.374281,5,10028.803568
4439910.03928,47,10029.706143
-582908.989865,7,10029.839367
-779151.144963,9,10030.021336
-572927.536192,7,10030.15578
3821228.774301,54,10031.178638
-476410.610531,5,10031.269644
-484983.128774,5,10031.36606
5393748.438933,30,10031.941882
5252046.46867,33,10032.572218
5423755.996403,26,10033.069025
4872271.580254,42,10033.869138
-659385.347867,8,10034.020817
5042313.502923,37,10034.753902
-771060.67376,9,10034.929483
-502634.372262,5,10035.020136
-851032.973356,11,10035.238808
-675598.952659,8,10035.395946
-857667.246902,10,10035.584308
-494447.351808,5,10035.680905
5312429.307038,38,10036.389625
-240536.43432,8,10036.543213
-495874.439575,5,10036.638174
-753332.731438,9,10036.820137
-900768.625108,11,10037.032422
-502519.716024,5,10037.129008
-493954.244066,5,10037.220319
5457820.35253,29,10037.771426
-502843.122375,5,10037.862505
-706580.554762,8,10038.013947
5403929.013681,30,10038.595482
-498968.181614,5,10038.686313
5424494.366339,30,10039.274307
5583072.630894,44,10040.12553
-804350.263423,10,10040.323375
-1158565.68546,14,10040.595874
-592976.897389,7,10040.728576
4522524.168681,47,10041.64187
-490563.281735,5,10041.734659
-488075.701183,5,10041.837683
-497526.890235,5,10041.934418
4998479.559361,35,10042.601183
-502592.303735,5,10042.698797
5123157.509769,36,10043.397587
-494262.956804,5,10043.49477
-715604.579947,9,10043.663697
-488331.985632,5,10043.76506
-501655.869126,5,10043.855625
-850911.20296,10,10044.043644
-490602.946784,5,10044.140692
-494822.668066,5,10044.237518
5178829.784956,46,10045.1162
5366319.834633,33,10045.776911
-475548.141965,5,10045.87378
-499401.134267,5,10045.972557
-502789.541901,5,10046.073455
5259791.834088,34,10046.710194
-491242.568473,5,10046.812588
4106344.953799,50,10047.770549
-859234.01267,10,10047.964654
-786388.968132,10,10048.146438
-734600.381317,9,10048.309597
-475767.345479,5,10048.400826
5499799.951957,48,10049.321889
5111619.042031,36,10049.994541
4975512.89367,40,10050.777452
5345155.471213,36,10051.46697
5410709.278179,41,10052.23066
-1123373.766979,14,10052.497181
-728698.074292,9,10052.673039
4781839.680451,44,10053.509349
4531673.048026,43,10054.333547
4967767.211457,40,10055.097462
-456625.920524,5,10055.196873
-722503.357745,9,10055.37161
-757763.379281,9,10055.533142
-488513.979061,5,10055.636337
-469216.975681,5,10055.72714
5311846.912459,32,10056.351245
-497611.607469,5,10056.454409
4755143.395784,42,10057.298413
5443721.672664,29,10057.82398
-675108.951345,8,10057.971484
-769891.632654,10,10058.138874
-454131.157931,5,10058.229489
4932876.584496,41,10058.96934
-1002389.813919,13,10059.209508
5367122.696449,31,10059.774742
5412387.493667,37,10060.478117
5323561.311924,36,10061.162791
-144428.535648,7,10061.302566
-485366.216571,5,10061.411503
-496429.924382,5,10061.50798
-482024.314794,5,10061.611374
-489666.954285,5,10061.707957
-943292.883023,12,10061.944426
-464496.191624,5,10062.042083
5331043.810727,32,10062.692936
-1267507.137093,17,10063.005166
-494590.206574,5,10063.096035
5203560.895192,34,10063.715164
-496120.125504,5,10063.811163
-1090795.243103,14,10064.053668
3803786.72371,59,10065.135709
4483973.235143,47,10066.018851
-499263.753424,5,10066.107758
5374261.960078,32,10066.725868
-497391.588488,5,10066.83533
5366059.628472,32,10067.485543
-490941.888541,5,10067.57388
-985460.831441,12,10067.816674
4960157.495475,38,10068.539066
-500383.148815,5,10068.631184
-722544.467667,10,10068.828943
4219996.921118,49,10069.798187
-459123.328976,5,10069.896159
-942770.337104,12,10070.128532
-502619.519707,5,10070.222586
5257109.010759,35,10070.889091
-559434.510347,6,10071.012183
5048929.390621,40,10071.764091
-131222.18981,6,10071.877247
5423772.242569,31,10072.46497
5364455.211002,31,10073.07056
-494770.36295,5,10073.161647
4255285.308475,51,10074.143296
-711107.122674,9,10074.312656
-492456.058948,5,10074.403832
-488798.156199,5,10074.500904
-500908.739199,5,10074.591832
5226783.553776,35,10075.273005
4381795.022406,49,10076.201503
5426807.724303,25,10076.670384
4033967.216541,52,10077.651716
-496948.331512,5,10077.754906
-494678.105473,5,10077.851501
-482956.682019,5,10077.942614
5224851.670027,38,10078.657448
5389453.036772,26,10079.16041
5251255.46102,33,10079.790905
5317872.630291,35,10080.463452
-1042876.309226,13,10080.711818
5139042.781764,37,10081.433386
-984351.239671,12,10081.663575
5485085.692982,76,10083.129951
-817505.336708,11,10083.342023
-498504.558096,5,10083.436533
5127234.378532,37,10084.143006
5564086.806915,68,10085.373642
5346992.52271,33,10085.971677
-646708.920126,8,10086.117601
5134222.434118,35,10086.765974
-502085.447025,5,10086.857023
-947228.388476,12,10087.081329
-502977.849878,5,10087.177762
-483079.75533,5,10087.272947
4892989.919787,40,10088.038146
-491492.360545,5,10088.129461
-475586.677461,5,10088.226232
-661849.183609,8,10088.371839
-499523.348329,5,10088.468806
5425755.442226,28,10088.991546
-479054.455955,5,10089.081696
5308157.143147,36,10089.779433
5313198.071506,32,10090.383264
-482059.979143,5,10090.47443
-475601.349779,5,10090.569996
-625925.494801,7,10090.698822
-487946.442949,5,10090.795434
-947824.089682,12,10091.016729
-1048722.230799,13,10091.244302
5753525.737749,51,10092.153217
-556115.412818,6,10092.255785
-502360.222794,5,10092.341233
-491300.885558,5,10092.43123
-732459.585585,9,10092.595606
5313696.71772,42,10093.389823
5456577.720811,51,10094.370848
5400772.990115,29,10094.934832
5465535.904603,28,10095.461488
-461941.389064,5,10095.558924
-674343.397941,8,10095.704179
-491342.516062,5,10095.807202
-839959.979653,10,10096.00703
-486701.212384,5,10096.103925
-477838.024346,5,10096.195293
-477852.830162,5,10096.298215
5371776.273921,39,10097.055242
5338188.957525,32,10097.649484
-616485.258836,8,10097.803096
-490172.622745,5,10097.898115
-490107.842261,5,10097.988654
5294033.931215,35,10098.661107
4129228.689517,52,10099.652521
-492487.077279,5,10099.746452
5443953.373573,43,10100.561407
4623752.739196,48,10101.473221
5210763.042818,38,10102.18202
3705543.7172,59,10103.272864
5220967.329367,37,10103.933146
-489806.754578,5,10104.024478
4293007.190553,48,10104.897343
-491052.472287,5,10104.999986
-496564.362233,5,10105.097447
5332440.659556,33,10105.727537
5385025.274715,31,10106.315649
-494035.308417,5,10106.405661
5159756.407981,36,10107.078201
-492210.391509,5,10107.17548
-498259.994259,5,10107.271968
5104129.288853,39,10108.005452
5359927.743308,36,10108.690616
4425441.179551,47,10109.593688
-658371.493533,8,10109.745173
-759254.331172,9,10109.92634
-897161.794407,11,10110.132967
5380522.783468,34,10110.763038
4298742.129066,47,10111.605508
-493243.955706,5,10111.702476
-672597.240515,8,10111.849706
6217613.045191,67,10113.065451
-910162.090333,11,10113.273694
-762067.449335,10,10113.447634
4236839.951183,49,10114.37506
-474701.155039,5,10114.466619
-479897.215689,5,10114.569504
-495451.971165,5,10114.659303
5329725.219981,51,10115.611216
5362342.347901,33,10116.253601
-489563.358702,5,10116.345366
-502910.703944,5,10116.441291
5320308.762511,32,10117.061876
5362886.386152,31,10117.634813
-495954.606976,5,10117.719639
-493113.145539,5,10117.804376
5473942.292655,32,10118.392158
4238852.467505,50,10119.276968
5310215.596714,32,10119.873499
-649945.885015,8,10120.017533
4261181.095942,51,10120.997941
-417682.625648,5,10121.094993
5371204.886718,45,10121.96758
4509978.779746,49,10122.967996
-711422.482889,9,10123.13114
5246404.874469,34,10123.773721
-560185.320061,7,10123.90669
-836849.246248,11,10124.112718
-506371.72405,6,10124.216217
-498938.475806,5,10124.306644
-489431.726212,5,10124.397514
-677588.484089,8,10124.545584
5307829.849037,33,10125.155038
-473403.697379,5,10125.240342
5353794.831187,33,10125.852045
-480971.136621,5,10125.949296
4998212.617152,41,10126.694319
-489382.712799,5,10126.79726
5082398.86466,40,10127.591422
-896689.514017,11,10127.815844
-499254.954917,5,10127.912847
5294507.384219,32,10128.530921
5196931.040498,34,10129.166885
5453569.751491,41,10129.936337
-485920.592819,5,10130.021186
-494559.571243,5,10130.105902
-698078.485003,8,10130.245364
4905852.163465,39,10130.936449
-785679.921704,9,10131.088139
-502854.047102,5,10131.184613
-478061.932164,5,10131.275539
5275734.003372,33,10131.857291
-477536.867068,5,10131.960356
-788434.440252,9,10132.124428
5196203.189519,61,10133.324836
5240635.315829,37,10134.026738
-501237.759188,5,10134.124109
5361270.349827,31,10134.705499
5416227.874197,25,10135.178237
-486760.965575,5,10135.275499
5270502.004293,37,10135.978416
-496741.792238,5,10136.069547
4774807.997069,40,10136.790114
5117848.616077,41,10137.511473
-480649.849069,5,10137.602081
4284779.180833,49,10138.493237
5375174.89471,33,10139.105356
-693466.093692,9,10139.262927
-730356.296901,9,10139.432557
-857500.58386,10,10139.626538
-462242.656945,5,10139.717273
-495410.983942,5,10139.808182
5155319.470829,40,10140.57738
4788264.486045,53,10141.584045
5067043.675665,37,10142.299559
4892829.599805,40,10143.074962
-618411.277711,8,10143.225691
-502770.958795,5,10143.322644
-498742.201683,5,10143.418953
-490912.629473,5,10143.519479
-937037.141781,12,10143.754384
-489519.601198,5,10143.849742
-502238.987175,5,10143.941173
5396969.458758,27,10144.451344
5082007.111068,36,10145.134977
5025509.095946,40,10145.885921
-770689.894924,9,10146.061682
-550461.235745,6,10146.171097
-500174.408117,5,10146.26798
3985603.324106,52,10147.270841
-474795.629604,5,10147.364518
4973601.155909,38,10148.098057
5268490.207338,33,10148.716456
-490682.720145,5,10148.813582
-462846.570934,5,10148.910394
5313828.566154,34,10149.546604
-517798.938582,6,10149.655156
-480432.440653,5,10149.758652
4297045.210534,50,10150.704083
-830108.853528,10,10150.899821
5176908.719624,34,10151.564312
5395804.377495,36,10152.254746
5040942.486736,35,10152.933862
5314155.099007,33,10153.564309
-809140.484099,10,10153.751881
-504164.549077,6,10153.864448
4532399.884933,46,10154.746078
-502386.18521,5,10154.842459
-478271.117131,5,10154.936446
-500775.757433,5,10155.031158
4086396.051248,51,10156.018175
-487200.006172,5,10156.115563
-519735.430705,6,10156.223989
-452227.983161,5,10156.32181
-482340.882366,5,10156.412418
3929596.986041,52,10157.412499
5174736.343616,34,10158.072353
5252995.466767,34,10158.757424
-516324.502453,6,10158.872617
-692027.795525,8,10159.029864
5210950.146216,35,10159.71475
-494940.482133,5,10159.812086
5116985.808009,37,10160.514471
4446289.8698,47,10161.411508
-497612.173218,5,10161.502405
5527156.384469,50,10162.471885
-800983.034626,10,10162.659845
5061445.590811,37,10163.368833
5275096.449793,32,10163.981092
-497779.177751,5,10164.07784
-502596.954702,5,10164.180433
4861562.902614,40,10164.926351
4337947.183323,47,10165.835712
-474704.831382,5,10165.949413
-877761.099189,11,10166.162906
-163638.799097,8,10166.314391
-732898.17806,10,10166.50189
-485986.844077,5,10166.599002
5281575.335774,34,10167.278372
-487869.931427,5,10167.374438
-1163486.805028,14,10167.641256
-494264.85221,5,10167.74421
-932985.193277,12,10167.977433
5393544.5902,54,10168.986634
-971563.082503,12,10169.222611
-494147.236493,5,10169.31994
5159724.857694,35,10169.986682
3922494.582931,54,10171.006767
5415080.535446,26,10171.513562
-559753.302859,7,10171.653085
4594013.47575,44,10172.483066
-496757.105234,5,10172.580003
5109768.709045,38,10173.300776
5155913.9148,45,10174.137251
-487810.317086,5,10174.234574
4937136.092913,41,10175.001754
5294404.24505,35,10175.68258
-613833.473893,7,10175.815652
-602021.071032,7,10175.949331
-494528.644008,5,10176.064748
-723493.236851,9,10176.239882
5296510.199892,36,10176.91256
5245786.300141,35,10177.597296
-729901.460247,9,10177.755323
5396881.488455,29,10178.270664
-804575.983947,9,10178.427606
3948139.796131,56,10179.439532
5248370.550494,34,10180.076457
-501896.58693,5,10180.167041
-486409.85997,5,10180.258066
5462799.322824,39,10180.984844
-494062.603084,5,10181.075863
-641872.906304,8,10181.233841
-785099.237682,9,10181.412217
5342461.881973,30,10181.967036
-669090.110674,8,10182.124513
-629553.37062,7,10182.264228
-487576.89722,5,10182.360962
4524435.298221,45,10183.202821
-645102.116714,8,10183.348287
-703937.13434,9,10183.505807
3573422.094166,56,10184.523801
5334681.044334,44,10185.336331
-495945.564671,5,10185.43336
5163928.775985,40,10186.209215
5240944.344466,33,10186.832749
-456989.472419,5,10186.924183
-491977.826086,5,10187.020844
-502719.598944,5,10187.111377
4258114.616119,58,10188.210477
5376674.976848,32,10188.820839
5125440.096795,37,10189.517576
-481990.384721,5,10189.608526
4162361.016054,49,10190.567109
3938950.565846,54,10191.610956
-1247034.748389,16,10191.917239
4543101.863226,46,10192.796146
-678753.867221,8,10192.959669
-486437.834411,5,10193.068698
5006205.202149,35,10193.722923
-485936.489389,5,10193.81989
-476862.225223,5,10193.917136
5153666.330805,34,10194.565328
4931899.206822,41,10195.413722
-489828.811913,5,10195.510648
-910404.713079,11,10195.722431
-751893.538105,9,10195.904894
-487977.014259,5,10195.995969
4918613.264899,38,10196.72074
-630808.809855,8,10196.892677
4348086.148344,51,10197.870424
-739087.039861,9,10198.049869
-453197.095889,5,10198.146403
-850842.58878,10,10198.33769
-642079.529009,8,10198.486549
-494234.564269,5,10198.583067
5415780.404126,26,10199.068169
-560690.82596,7,10199.20751
-728127.226112,9,10199.396234
-481659.298572,5,10199.485923
-482171.289481,5,10199.577002
-496629.617456,5,10199.683813
-495981.624968,5,10199.789204
5357109.801318,34,10200.467659
4764295.798491,45,10201.328223
-735009.209854,9,10201.504016
-478807.805645,5,10201.601372
-485536.51739,5,10201.691786
4452416.251482,46,10202.564206
5255681.891935,36,10203.279845
-498769.932941,5,10203.376659
-502212.763674,5,10203.473274
-492799.868927,5,10203.56414
5392337.803389,40,10204.303247
5091583.157667,39,10205.049217
5313388.533484,38,10205.776453
-655007.384135,8,10205.927812
-483491.766635,5,10206.024753
-517690.058378,6,10206.146062
-459484.188492,5,10206.236738
-725080.122804,9,10206.419251
5615738.411503,56,10207.47909
-501213.46781,5,10207.575667
4777530.640955,42,10208.376275
-495022.74402,5,10208.469219
4692390.226103,41,10209.278908
-495280.36766,5,10209.375793
4945528.133393,39,10210.127229
-495769.010364,5,10210.224389
-891945.233038,11,10210.441886
4987521.832556,36,10211.157537
5318171.739493,56,10212.284694
5173341.847949,37,10213.017591
-814610.307384,10,10213.211702
-494426.698789,5,10213.308723
5424623.033659,29,10213.854815
-921255.193234,12,10214.08519
-647004.388912,8,10214.248452
-830183.819848,10,10214.429745
-588053.999691,7,10214.56631
5404032.039764,29,10215.13271
-496785.448556,5,10215.226881
4493239.969095,44,10216.05341
-653003.251466,8,10216.205329
-482438.831633,5,10216.290124
4982727.455539,40,10217.01893
5428066.739953,27,10217.513891
5360268.844106,44,10218.33867
4738477.452814,41,10219.113824
5171550.467967,34,10219.804457
4799121.64924,42,10220.599134
5344480.883109,37,10221.289126
-485436.866132,5,10221.395293
5328471.413331,32,10221.99873
4914630.013134,38,10222.713647
5097375.000103,36,10223.386059
-515287.570495,6,10223.501189
-502523.623454,5,10223.598831
5390915.885301,31,10224.198244
-715810.530579,8,10224.355966
-473864.080157,5,10224.458544
5300109.640237,39,10225.240816
5366113.304959,30,10225.85363
5116734.347909,33,10226.525399
4837940.597413,40,10227.337297
-925761.266341,12,10227.579813
5385484.824379,32,10228.240505
-610859.361774,7,10228.385511
-600906.798255,7,10228.518722
-492672.742378,5,10228.609774
-827484.825552,11,10228.839886
-604195.192796,7,10228.971835
5430439.975523,28,10229.506773
-826017.062948,10,10229.700531
-495742.296895,5,10229.803813
-500099.87452,5,10229.894879
4244744.115764,49,10230.862424
-612676.295496,7,10231.003857
-476156.126942,5,10231.102348
-481192.506858,5,10231.199485
5397390.28869,29,10231.74871
-589799.189387,7,10231.87685
-668053.844803,9,10232.045867
-478050.571138,5,10232.148543
-582162.522907,7,10232.27712
5465435.789422,42,10233.094203
4528039.451852,44,10233.954686
-485828.038779,5,10234.051575
5511900.223343,56,10235.130387
-695427.888429,8,10235.28809
5182160.128713,36,10235.982245
-883807.821539,11,10236.202584
5156341.286859,34,10236.851484
-496190.658837,5,10236.948189
5310651.725698,33,10237.615774
-492537.840622,5,10237.705614
-691382.4915,8,10237.845109
-858081.917496,10,10238.020997
5405296.39265,39,10238.747673
-899747.594652,11,10238.954176
4986936.336326,43,10239.772388
5162724.861573,32,10240.378183
-621735.95486,8,10240.535901
5744506.935576,81,10242.111189
-498977.176773,5,10242.204329
5257222.174463,36,10242.922994
-500889.932278,6,10243.038187
5353951.699577,43,10243.820113
-614645.700383,8,10243.959585
-491464.450144,5,10244.05019
-980243.551988,13,10244.293047
5098429.652312,37,10244.965365
-774297.615258,10,10245.1474
5413155.83515,31,10245.722957
4414363.168714,47,10246.632185
4719328.485089,47,10247.531475
-462213.337874,5,10247.633345
5429662.397465,32,10248.268332
5313454.406303,34,10248.899068
5327687.813464,36,10249.589187
5390744.046623,30,10250.164841
-498163.156517,5,10250.267799
-588337.825809,7,10250.398795
-876553.762346,11,10250.613429
-710195.125534,8,10250.764581
-481889.652078,5,10250.868052
5332292.549969,32,10251.492088
5442095.229815,24,10251.973341
-484466.501792,5,10252.067279
-502907.060731,6,10252.189966
-852819.566229,10,10252.376376
-747466.843849,9,10252.553098
4325686.507764,51,10253.540377
-461908.920107,5,10253.631303
-734607.190986,9,10253.807947
-419076.546846,5,10253.903196
-1105066.774557,14,10254.170661
5267751.60222,34,10254.825322
-502439.386829,5,10254.922086
3618037.227266,56,10255.951898
-488169.467562,5,10256.045033
-496838.178071,5,10256.136983
5352716.014807,38,10256.848865
-804159.46047,10,10257.052018
-495658.961705,5,10257.146212
-503022.155158,5,10257.242499
5316290.610169,31,10257.818679
-480837.321719,5,10257.915516
-480380.188216,5,10258.012506
-204519.600566,9,10258.188466
-300978.248885,8,10258.33938
-469561.342464,5,10258.433723
5418773.848309,29,10258.982086
5120565.492107,37,10259.703896
-749551.781816,9,10259.866445
4845004.402687,40,10260.643041
-475438.995191,5,10260.745891
-977506.657122,12,10260.983868
4806678.707719,67,10262.324084
5398551.033839,28,10262.878675
-596750.226358,7,10263.024237
-495104.28016,5,10263.125573
-613883.274599,8,10263.290539
-500273.452981,5,10263.381577
-616314.054001,7,10263.514832
-479821.666659,5,10263.612082
4206108.878012,48,10264.532618
5347892.167762,35,10265.1937
-611772.336049,8,10265.344669
-728505.097719,9,10265.520642
-746585.174365,9,10265.690607
-513036.365929,6,10265.813034
-480547.076331,5,10265.914616
5386793.172681,28,10266.470764
-734824.998056,9,10266.641875
-663539.625692,8,10266.7929
-839631.522145,10,10266.9932
5000275.802627,37,10267.701987
-490233.460429,5,10267.799118
-862534.594611,11,10268.006355
-551907.657865,6,10268.120878
-494767.818644,5,10268.216996
-497283.626729,5,10268.32004
-758144.756498,9,10268.483981
5407807.600941,30,10269.065716
-502464.32045,5,10269.162289
5294774.387773,32,10269.794606
-485950.17354,5,10269.889623
-801328.614173,10,10270.083973
-482047.389705,5,10270.188045
-992195.683429,12,10270.416777
-729870.854769,9,10270.592807
-708622.699975,8,10270.739474
-484995.154347,5,10270.834888
-560298.012072,7,10270.962536
5172017.368358,34,10271.617247
5525132.611973,49,10272.5682
-496363.749191,5,10272.665399
5540752.307978,46,10273.56829
-780163.312382,10,10273.76242
-888657.663837,10,10273.950085
-498317.389488,5,10274.046902
5118229.993865,37,10274.749488
5404052.414137,66,10276.034927
-492189.193672,5,10276.139158
-736467.2244,9,10276.313371
-842626.516549,10,10276.501104
4751769.220065,41,10277.276892
4393614.340828,46,10278.101467
5191303.191922,46,10278.954774
4705682.685411,43,10279.736893
-592664.672438,7,10279.866097
4505693.598464,47,10280.773524
-498193.130196,5,10280.864402
-788161.175694,9,10281.052803
5287729.822005,33,10281.688436
-494496.13239,5,10281.786188
-487604.603333,5,10281.876404
-487347.648247,5,10281.973194
-495183.878268,5,10282.070973
5161497.726842,35,10282.742817
-518977.336071,6,10282.864278
4172057.510877,52,10283.872457
-825807.96557,10,10284.060603
-498322.360388,5,10284.154967
-870544.370611,11,10284.366708
-860571.110011,10,10284.554724
5148535.721705,36,10285.264036
-739931.97401,9,10285.427402
-634392.700367,7,10285.564082
5335091.30886,35,10286.239141
-485043.706605,5,10286.330456
-629895.708493,8,10286.493815
5159136.999477,35,10287.148146
-491985.992983,5,10287.245807
-691054.668156,8,10287.402848
-483596.517669,5,10287.499683
-486552.151395,5,10287.590909
-482201.933969,5,10287.693596
4903975.30159,39,10288.438857
-502457.580525,5,10288.536
-808706.424224,10,10288.724228
-805187.763069,9,10288.899822
-767092.05012,9,10289.069411
-780181.895108,9,10289.239135
4516271.794935,46,10290.118151
5036882.6985,36,10290.790497
-489902.20756,5,10290.887441
-768968.313521,9,10291.056822
-488757.304638,5,10291.154346
-625980.020503,7,10291.287398
4945444.41949,36,10291.966494
5839501.528984,62,10293.154007
-559694.028158,6,10293.268968
-858775.834531,10,10293.462799
-474968.512757,5,10293.553761
-828294.347833,10,10293.747422
-489914.063868,5,10293.844705
5259637.35339,37,10294.541864
4269377.504872,74,10295.92907
-929068.643882,11,10296.135304
-491687.147894,5,10296.238369
5294644.776467,32,10296.856762
-732258.149191,9,10297.032265
-803865.93413,10,10297.262764
-1132892.926276,14,10297.528685
-499509.11701,5,10297.620055
-949393.419494,11,10297.807542
-486872.007097,5,10297.898602
-636350.282633,7,10298.0199
-557824.817405,7,10298.140812
-486971.243827,5,10298.225539
5399829.015498,28,10298.740608
-494250.870189,5,10298.834121
-483057.881073,5,10298.922979
5862765.631722,85,10300.498444
5236227.634928,65,10301.76529
-493347.83218,5,10301.861991
-494892.878936,5,10301.959012
-814613.320972,10,10302.152431
5345927.02822,30,10302.758773
-810285.213234,10,10302.947387
-742768.645505,9,10303.110288
-718305.812129,8,10303.261736
-491387.711621,5,10303.346525
-487138.449659,5,10303.437248
-459805.78293,5,10303.530359
-1338242.24831,18,10303.843475
-502547.820427,5,10303.940453
4389522.11404,45,10304.758503
-899231.201132,11,10304.958092
-481156.212702,5,10305.060194
-813529.114289,10,10305.255522
-1255337.883322,16,10305.558828
5487543.965606,27,10306.073449
-482461.733291,5,10306.170415
-470853.885206,5,10306.26775
-488809.15839,5,10306.364402
-564913.221528,7,10306.497596
4782668.244593,62,10307.689136
-633721.615734,7,10307.824919
-488068.696797,5,10307.92175
-561879.569593,7,10308.055012
-477407.199898,5,10308.147341
-692346.640968,8,10308.29712
-502412.467088,5,10308.382191
-732864.437156,9,10308.539592
-811506.259503,10,10308.722071
-495915.829833,5,10308.812791
-614993.945927,8,10308.951501
5037297.763466,42,10309.705436
-461735.071726,5,10309.800232
-482360.531508,5,10309.891817
-481625.782202,5,10309.989678
5165770.70386,35,10310.642811
-492025.302987,5,10310.733637
-632175.425263,7,10310.866796
-766119.504339,10,10311.048913
-502435.560559,5,10311.142095
-490875.657702,5,10311.236565
5954589.062633,77,10312.70282
-459040.441536,5,10312.799651
4523685.443036,44,10313.666272
-934055.303982,12,10313.898709
-689210.901843,8,10314.042328
5116301.101134,35,10314.726673
5196442.748761,37,10315.436426
4982657.679876,37,10316.144945
-485510.770724,5,10316.242474
5391842.596759,31,10316.835847
-594807.517649,7,10316.969331
-487633.459385,5,10317.066358
-854777.772098,10,10317.260191
-469651.09823,5,10317.353317
4866745.542474,39,10318.074245
-556242.411287,6,10318.181257
-841667.81082,10,10318.375155
-483077.852824,5,10318.484053
-473651.538168,5,10318.581295
-485567.857186,5,10318.67808
4660031.081341,42,10319.465514
-729601.435182,9,10319.647375
-491057.98024,5,10319.744343
-489834.707014,5,10319.841341
-827307.597017,10,10320.029742
-532437.809114,7,10320.156838
-495350.424408,5,10320.253859
5254647.655868,37,10320.968001
5408113.854076,42,10321.768936
-765379.884151,9,10321.938406
-455054.253974,5,10322.034977
-490430.390235,5,10322.138336
-516668.165738,6,10322.259495
4198697.466456,50,10323.235313
-738677.296033,9,10323.402538
5298928.921568,33,10324.022558
5074228.841799,37,10324.70738
5338026.416634,39,10325.446649
5507134.184301,60,10326.578128
-782402.743022,10,10326.761693
4452843.041749,46,10327.707234
5178122.953679,32,10328.339651
4795674.711697,40,10329.107147
-847674.818387,10,10329.307367
-499130.760576,5,10329.409402
-490439.95095,5,10329.504765
-795775.305922,9,10329.684409
-493235.410868,5,10329.78197
5162827.601662,35,10330.458543
5424019.17197,28,10330.985542
5367249.660242,33,10331.62178
5065527.663697,41,10332.428123
-806945.396262,10,10332.628216
5290434.485544,34,10333.300576
4834823.373709,42,10334.096388
-495947.808294,5,10334.18504
5911148.389872,62,10335.351742
-847939.351138,10,10335.542415
-501177.583155,5,10335.641711
-492413.857428,5,10335.733486
5195451.946683,36,10336.41514
-865131.436497,11,10336.621705
5259694.367795,34,10337.254519
-486995.512761,5,10337.348886
-627379.470046,7,10337.475972
4969662.718304,41,10338.215225
-923284.587699,11,10338.426919
5369050.981164,30,10338.965453
-874986.911153,11,10339.161839
5390298.04261,29,10339.699499
-610581.341422,7,10339.827226
5247422.404808,38,10340.560928
-655373.446516,7,10340.693739
-705589.240324,9,10340.875176
4384494.268465,48,10341.77217
-499686.025843,5,10341.869634
-877363.596343,11,10342.069422
-502857.398254,5,10342.168392
-466165.506778,5,10342.269167
5019762.356912,38,10343.002486
-638646.327574,7,10343.136001
-808351.493962,10,10343.335524
5358931.011913,35,10344.002321
5577578.225773,54,10345.038579
5365483.518306,35,10345.717413
5384249.451437,29,10346.268739
-612037.315951,7,10346.396036
5336177.154239,35,10347.062591
-804495.721126,10,10347.257288
5384119.242004,29,10347.795618
-594631.911493,7,10347.923703
-1034976.332704,13,10348.165745
-498485.623796,5,10348.262716
-791586.451377,10,10348.456082
-495984.03952,5,10348.553379
-492979.968017,5,10348.644274
-494619.780444,5,10348.741136
-769803.987501,9,10348.910672
-1112301.89997,14,10349.171222
-487323.201086,5,10349.261968
5134341.264972,36,10349.916506
-490173.486934,5,10350.001366
-854997.809339,10,10350.189334
5188550.207219,34,10350.783146
-1047758.955611,13,10351.007594
-453348.068122,5,10351.092605
5219976.565212,32,10351.673886
5017184.25171,39,10352.376848
5323257.582605,31,10352.958684
5144276.217891,36,10353.644178
-621855.935587,8,10353.807365
5341566.699117,31,10354.401139
-1117088.913858,15,10354.673969
-495838.963703,5,10354.776911
4795642.815408,41,10355.552392
-695396.305177,8,10355.710133
-495064.425573,5,10355.801247
5316328.478315,37,10356.510113
-479334.129232,5,10356.606786
4970578.095529,36,10357.340207
-479637.979924,5,10357.437467
-624122.730784,7,10357.582681
-701649.873195,8,10357.746249
-894623.303356,11,10357.951978
4535757.446012,47,10358.806762
-560543.789612,7,10358.927564
4022404.013953,83,10360.448822
-499429.518517,5,10360.54559
-712406.51817,9,10360.715491
-608744.963714,7,10360.845639
-581388.377818,7,10360.976186
4971270.770476,40,10361.721627
-737746.475202,9,10361.898339
-470317.540471,5,10361.990501
-669816.250767,8,10362.139678
-500418.534682,5,10362.240863
5107534.148445,37,10362.987614
5565188.348318,45,10363.832619
-515348.094145,6,10363.945333
5053747.383454,36,10364.624128
-714678.110811,8,10364.781362
-489234.594872,5,10364.872309
-460031.999994,5,10364.969575
-488325.222169,5,10365.067626
-502446.891624,5,10365.166469
5276509.908633,31,10365.760936
5406447.641752,30,10366.326712
-489104.077239,5,10366.418194
-714586.936776,9,10366.593586
-497762.061352,5,10366.691694
-849786.437682,10,10366.886785
-493439.393818,5,10366.975674
-726505.3608,9,10367.14498
-494135.385996,5,10367.242059
-468908.387083,5,10367.34544
-596134.248884,7,10367.478416
4089302.131,50,10368.41736
4291311.717041,50,10369.387545
-487890.589223,5,10369.478426
-477282.140792,5,10369.56306
-875116.693033,10,10369.75091
-492583.520974,5,10369.849895
-803686.35431,9,10370.023883
5248533.763465,33,10370.635226
-628380.19214,7,10370.762634
5004193.938423,42,10371.569083
-488442.329486,5,10371.666183
-473476.767726,5,10371.762536
-494921.641001,5,10371.853678
-487969.512317,5,10371.938584
5239535.308536,36,10372.579532
-499626.221641,5,10372.666833
5284509.117234,30,10373.198624
-476180.906874,5,10373.301916
-724965.78255,9,10373.46991
-722809.283444,9,10373.629711
-479908.340562,5,10373.719879
5304265.499363,32,10374.295781
-486044.11141,5,10374.386767
4013340.724617,58,10375.465343
-555355.190338,6,10375.580493
-499068.7146,5,10375.685799
-493730.055868,5,10375.777654
5260263.747461,32,10376.373234
4201385.86387,48,10377.283409
-501866.788396,5,10377.379873
5780164.855723,55,10378.434549
-481387.099736,5,10378.525581
-468987.69377,5,10378.61669
-506021.335175,6,10378.737756
3930955.773356,53,10379.737472
-494454.741566,5,10379.834513
-126411.269444,6,10379.951363
5418351.957839,28,10380.501617
-502356.632767,5,10380.598269
-653866.189828,8,10380.743911
-687990.88649,8,10380.900952
5222473.348314,36,10381.579922
5413283.70012,29,10382.124783
-498693.160899,5,10382.222503
-487670.171956,5,10382.324509
4875469.900739,42,10383.118642
-636374.938845,7,10383.258543
-606797.172558,7,10383.391518
-470993.294218,5,10383.496077
-940119.192915,13,10383.742839
-508311.803831,6,10383.864202
5326519.471337,37,10384.567584
5384195.639925,30,10385.136137
4936587.270476,39,10385.870292
-493867.813379,5,10385.961126
-449748.340016,5,10386.058
5149525.552349,43,10386.869949
-559731.155229,7,10387.005277
-502596.853872,5,10387.094209
-490699.900009,5,10387.19817
-153259.177511,6,10387.312601
5144013.652141,36,10387.985336
5357184.625831,30,10388.57653
-503180.135676,5,10388.671374
-678632.784279,8,10388.821234
-977339.912798,12,10389.051917
-771080.077669,9,10389.230149
-485818.635465,5,10389.324809
-469262.516948,5,10389.421032
-476440.215367,5,10389.518155
-495883.06876,5,10389.614912
-740026.668325,9,10389.778406
-487141.707787,5,10389.875488
5365937.85249,29,10390.433398
5412864.082731,31,10391.002561
-672869.145021,8,10391.142103
-491424.046088,5,10391.233158
5295881.803643,36,10391.879929
5305085.477226,38,10392.584716
4060206.606961,51,10393.560381
4878164.767167,39,10394.347146
-494672.186384,5,10394.439212
-595823.240937,7,10394.578381
-496096.96137,5,10394.67484
-868018.902784,11,10394.887591
-501950.476274,5,10394.98086
-710903.484609,8,10395.129774
-1298291.21276,16,10395.444973
-908219.0392,11,10395.657202
-479019.973164,5,10395.747525
4778314.375635,40,10396.511005
-487900.57028,5,10396.608523
-491905.800666,5,10396.705432
5170061.305175,37,10397.426332
-660834.691137,8,10397.583793
-478468.612605,5,10397.676086
-502933.444533,5,10397.777648
5031859.869275,37,10398.504688
-596124.242896,7,10398.645692
-490583.947754,5,10398.748025
-475629.087229,5,10398.848125
4853326.993614,38,10399.584739
5029557.644584,36,10400.268729
4720593.493507,47,10401.147302
5428336.821171,33,10401.777553
-494508.105988,5,10401.880405
4415224.481067,46,10402.770991
-502215.231927,5,10402.868384
-484812.398202,5,10402.965227
5248465.605772,32,10403.588722
5122247.036692,37,10404.292295
5690127.862443,41,10405.086119
5364348.629942,31,10405.673581
-777270.630269,9,10405.844131
-595781.294589,7,10405.970596
-492020.846765,5,10406.067769
4536873.527424,47,10406.976951
-621149.332971,7,10407.104109
4803165.68558,39,10407.855642
-492491.174641,5,10407.958733
-498724.448024,5,10408.055508
-572563.006215,7,10408.182799
-805505.312159,10,10408.383306
4238581.543265,50,10409.340168
6164622.262263,81,10410.904035
4295191.167429,47,10411.776331
-1041168.185477,14,10412.037218
-489911.958225,5,10412.134046
5264448.028831,33,10412.787951
5346558.74235,31,10413.388226
4921695.338247,40,10414.158073
4445965.665232,53,10415.151587
-738253.535386,9,10415.333109
4913123.794731,47,10416.217865
-682862.786246,8,10416.369992
-577466.578967,7,10416.502864
-605334.006798,8,10416.648685
-690652.330247,8,10416.80016
-495120.302926,5,10416.890971
-496966.0356,5,10416.988351
-488986.455332,5,10417.103087
-502378.172982,5,10417.220441
-147300.993147,6,10417.345417
-885082.646122,11,10417.558052
5377500.517974,28,10418.066319
-477517.582804,5,10418.151288
-492721.313308,5,10418.237494
-627156.649428,7,10418.361126
-869215.431992,11,10418.556936
5693111.982863,52,10419.490851
-646186.558721,8,10419.635942
-620158.574135,7,10419.768897
-127759.368915,7,10419.896532
5106311.501875,34,10420.532753
4356299.763256,48,10421.450307
-493492.452734,5,10421.54471
-485275.906395,5,10421.635751
5387348.841429,29,10422.190088
5430595.697567,28,10422.756381
-484779.516787,5,10422.841676
-452663.10704,5,10422.93856
4246817.35404,50,10423.841598
-798786.950831,10,10424.017153
5335614.418751,35,10424.653429
-502235.948862,5,10424.744711
4926314.975438,39,10425.483244
-488576.614133,5,10425.574862
5350451.227314,56,10426.646908
-485084.570001,5,10426.744439
-503003.46297,5,10426.841114
5270241.929725,47,10427.713671
-482904.620711,5,10427.816526
-495466.254109,5,10427.913834
-613455.68863,7,10428.046924
-493928.807375,5,10428.145347
-502525.481931,5,10428.247253
-808898.497034,10,10428.449278
-460199.79855,5,10428.538314
-1177985.425347,15,10428.834996
-583964.995814,7,10428.968229
-555947.030801,6,10429.083689
3831658.262725,57,10430.173755
-490280.046789,5,10430.265276
-785394.996321,10,10430.470852
-502512.952705,5,10430.567926
5119135.988585,38,10431.301425
-472060.873293,5,10431.398514
5342695.802749,34,10432.034371
5143565.642374,38,10432.778325
-487364.536425,5,10432.886432
4006600.469811,55,10433.893092
-492444.152735,5,10433.979842
-801073.067099,10,10434.155181
-490345.613803,5,10434.246032
5293163.140997,32,10434.821639
5434382.476112,28,10435.33716
-556927.27295,7,10435.464278
-810322.271239,10,10435.651914
-984284.226004,13,10435.888629
-742524.943141,9,10436.064356
-467106.903437,5,10436.154772
4706805.312349,41,10436.954776
4358548.073827,47,10437.870177
-581728.880911,7,10438.011168
5898306.311655,61,10439.203509
-940070.39104,12,10439.433634
-489606.37459,5,10439.536976
-793522.801123,10,10439.730816
-488551.298671,5,10439.821587
5069025.853929,48,10440.736454
5284076.118785,34,10441.374977
5422860.988287,52,10442.402604
-641283.856772,7,10442.530041
-488996.849571,5,10442.627159
-483923.85974,5,10442.736214
-486323.555644,5,10442.827127
5422173.546455,72,10444.235294
-491417.113741,5,10444.330184
5285610.948515,34,10444.984387
-618726.120739,8,10445.136082
5299455.824696,32,10445.741857
-467785.007847,5,10445.841356
-485661.913532,5,10445.930126
5223761.906865,33,10446.560086
-696261.930991,9,10446.735954
-473006.63197,5,10446.838503
-485461.420427,5,10446.935843
5332087.411981,38,10447.675237
5127244.392564,36,10448.383978
-467779.546142,5,10448.480943
-489544.815221,5,10448.577821
-487057.682382,5,10448.6688
-781681.027447,9,10448.833997
-482271.316542,5,10448.929719
-502465.414472,5,10449.020602
-723617.114779,9,10449.190222
-451302.610841,5,10449.286706
-496484.723877,5,10449.384186
-782987.239227,9,10449.559363
5176684.981227,42,10450.359727
-673013.921584,9,10450.537683
5353520.4794,34,10451.178081
-837377.352675,10,10451.371331
5405576.48406,28,10451.904517
5136834.527527,33,10452.546883
5240948.770789,32,10453.165325
5672183.293179,57,10454.256348
5923097.781554,64,10455.462079
-914360.853356,11,10455.686653
-670115.171454,8,10455.837741
-495462.234352,5,10455.930041
-482032.499166,5,10456.019682
-764413.889536,9,10456.194817
4500936.828012,46,10457.067808
-501814.134607,5,10457.170955
-502839.740395,5,10457.267272
5746362.908614,42,10458.07356
-477690.02623,5,10458.164528
-740602.798975,9,10458.352764
5335924.759452,37,10459.067853
4941024.860936,42,10459.910044
5249479.640775,33,10460.564135
-766506.069226,9,10460.746053
5473975.378799,56,10461.806531
5057702.574072,35,10462.473034
5369108.237239,31,10463.060732
4953616.069331,39,10463.830726
4771796.557646,39,10464.618943
4900764.12384,40,10465.412154
5332462.502832,33,10466.072716
-866654.075957,11,10466.272893
4989256.106934,38,10466.987933
5413266.459838,36,10467.678768
-782542.331568,10,10467.872875
5446395.99052,27,10468.399988
-850970.621349,10,10468.593546
-503261.068981,5,10468.690897
-623610.830651,7,10468.836102
-454250.723426,5,10468.93341
5041757.812578,35,10469.58735
-498042.972322,5,10469.684319
5208532.111634,37,10470.402895
-682125.069201,8,10470.558665
5389052.010861,30,10471.132722
-502999.113243,5,10471.230201
-479271.257145,5,10471.338641
-487976.736942,5,10471.453755
5822898.328935,61,10472.647522
-650393.827774,8,10472.799412
4049746.543489,51,10473.768667
-844524.62376,11,10473.975004
-741208.790123,9,10474.144399
-667738.34792,8,10474.30218
-826561.895908,10,10474.508352
4949196.210681,42,10475.301821
-126534.969074,6,10475.411524
5307759.879709,32,10476.016842
5338676.394856,29,10476.538381
-501576.766588,5,10476.637519
5187379.985112,34,10477.278504
-478103.504382,5,10477.372842
5315587.835492,34,10477.986784
5324550.270616,33,10478.623722
-1046519.735264,14,10478.877212
-501285.566099,5,10478.97434
5336727.155616,32,10479.577187
-580796.524556,7,10479.707723
5364110.212674,29,10480.271096
5331130.194342,28,10480.822983
-497119.838481,5,10480.919552
-733425.732553,9,10481.089291
-500394.517851,5,10481.192031
5329803.939861,32,10481.822099
5139635.659568,34,10482.507718
-759720.256772,9,10482.700233
-475809.70833,5,10482.786117
4871742.175516,41,10483.531423
-883264.487392,11,10483.731139
-495637.681338,5,10483.816397
-730823.10328,9,10483.973569
-520720.547138,6,10484.08261
-486962.052635,5,10484.167505
5084733.731616,33,10484.769228
-486903.315867,5,10484.858575
-497534.075544,5,10484.955427
4179298.288236,59,10486.045874
5563420.232435,50,10487.043337
5700135.113684,44,10487.903801
-797553.977768,10,10488.094682
5309344.316444,34,10488.761507
5483246.854694,56,10489.870104
5632118.010791,60,10491.033565
-1008326.66545,13,10491.281878
5474474.682282,57,10492.360869
4958646.393842,38,10493.12652
-475608.411603,5,10493.22149
-619546.637198,7,10493.354781
4355751.527552,47,10494.275934
-500301.844906,5,10494.366748
5084927.124766,36,10495.065397
4551969.508072,47,10495.972237
-685271.884592,8,10496.135844
4486695.081572,50,10497.123714
-494403.117941,5,10497.217039
-488300.2819,5,10497.307353
-580856.192777,7,10497.432797
-1096522.089898,15,10497.723969
-620799.456852,8,10497.869298
5007081.212581,41,10498.644561
-852498.176397,10,10498.850866
-493065.94185,5,10498.955793
-689174.395652,8,10499.105428
-501489.95645,5,10499.202263
-497137.598811,5,10499.294432
5394548.660958,30,10499.85704
-489861.262438,5,10499.947985
4993224.085929,38,10500.680953
-488840.540136,5,10500.777749
-798909.148135,9,10500.953753
5374127.657171,34,10501.60187
5481993.925712,40,10502.36522
-496687.018446,5,10502.46292
4696145.644499,42,10503.276501
6146779.705172,76,10504.719585
-503466.763654,5,10504.819883
4872678.986663,39,10505.565266
-897156.318621,11,10505.771242
-499684.917703,5,10505.868273
-492895.32572,5,10505.964926
5445923.713197,33,10506.607939
5193406.712379,37,10507.30464
5032135.071102,36,10508.00764
5291714.80686,32,10508.619651
-502474.115052,5,10508.71394
5383061.554844,30,10509.304262
5049847.376254,37,10510.025672
-1085820.383112,13,10510.27953
-498034.855557,5,10510.376908
5103069.48573,38,10511.104024
5386896.926938,46,10511.976899
5298414.676436,35,10512.660979
-502948.543175,5,10512.752169
-811593.911766,10,10512.932927
5382048.935046,27,10513.45531
-719256.121097,9,10513.631784
5149336.439106,56,10514.715641
-804976.626235,10,10514.903867
4395833.936754,45,10515.751971
-833713.973138,10,10515.939481
-1323828.798872,18,10516.278999
5333769.535293,34,10516.9399
-691509.12703,8,10517.097149
5607443.231052,32,10517.715268
-489337.844307,5,10517.806403
-586059.599959,7,10517.942786
-568474.939669,7,10518.066394
-484305.020033,5,10518.163931
5187220.606851,69,10519.472357
5349434.793186,37,10520.181899
5322456.247113,34,10520.835939
-587925.032676,7,10520.969358
-712468.947838,9,10521.132747
-495609.297246,5,10521.223816
-641585.518137,7,10521.35801
-501273.649772,5,10521.453936
-501876.086012,5,10521.560211
-488709.907907,5,10521.655486
-481588.289291,5,10521.746405
-1179243.112464,15,10522.030187
4091094.165441,51,10523.006683
-496321.638586,5,10523.108879
-495704.675133,5,10523.205323
-829162.971764,10,10523.393724
5301652.743205,37,10524.084466
5156155.886268,35,10524.738435
5225107.125564,33,10525.371988
-496492.513691,5,10525.459544
-980002.05997,13,10525.732637
5677180.827441,50,10526.714192
-497082.960198,5,10526.805238
-742652.010365,9,10526.984342
-731195.723593,9,10527.156663
-960763.402502,14,10527.435615
-454576.911724,5,10527.538486
-495981.554274,5,10527.629651
-499631.187427,5,10527.726451
-502281.011482,5,10527.823379
-470892.780033,5,10527.9198
5247524.001265,33,10528.565801
-458431.661172,5,10528.665665
-502467.419111,5,10528.759037
-784307.749347,9,10528.926147
-784689.799858,10,10529.120202
5407928.999549,34,10529.780175
-490071.836584,5,10529.871598
5179691.166652,42,10530.695997
4408217.709415,49,10531.646607
-480402.723317,5,10531.74994
5419536.975993,31,10532.334292
5178525.695895,33,10532.96444
4893266.646955,38,10533.667204
-499964.307218,5,10533.755908
-605466.256084,8,10533.901224
5281435.689593,36,10534.543714
-494769.310761,5,10534.634774
5557394.659086,52,10535.593078
-684974.183142,8,10535.749268
5430833.342228,59,10536.876488
-497269.693559,5,10536.973711
-691658.60537,8,10537.149582
-482526.8623,5,10537.258642
-473078.39083,5,10537.349416
5592917.010401,61,10538.512927
-495896.27655,5,10538.62176
5170124.244894,37,10539.318816
-502707.274263,5,10539.421871
5274571.903508,36,10540.131171
-487606.611077,5,10540.222016
4819091.153293,39,10540.991696
5552823.519817,99,10542.908527
-495002.255227,5,10542.996869
5377365.540309,31,10543.555055
-499346.227148,5,10543.651772
-479725.292104,5,10543.742695
-563438.903286,7,10543.863541
-480906.681062,5,10543.954845
4950547.322926,42,10544.724096
4970705.253251,52,10545.700082
-487572.253941,5,10545.796667
-877383.981327,11,10546.002666
-495984.348071,5,10546.093933
-600992.230566,7,10546.239332
5302305.670061,31,10546.839325
5320445.481483,33,10547.475518
5311875.05019,32,10548.097984
-877306.489691,11,10548.299661
4478585.612454,46,10549.183946
-492233.515197,5,10549.275156
-453285.289116,5,10549.372519
-493401.480322,5,10549.470611
5264195.187664,56,10550.517636
-490414.275864,5,10550.61438
4888943.759539,38,10551.342342
-599495.996366,7,10551.480896
5381867.71505,33,10552.129199
-492081.219887,5,10552.220419
-864732.561817,11,10552.428548
5232583.747316,34,10553.068778
5439559.347686,29,10553.609481
-498066.998148,5,10553.719273
5137155.081807,38,10554.449984
-697152.130987,9,10554.619745
5257681.877471,30,10555.195899
5218233.885032,38,10555.931915
-1035731.529568,14,10556.201909
-495351.320566,5,10556.298242
-491774.067453,5,10556.399755
4933166.511027,41,10557.18951
-502929.765087,5,10557.287762
-739550.180479,9,10557.456219
3922957.244893,59,10558.603055
5406818.915488,24,10559.055736
5385709.916093,28,10559.589011
5378482.393522,28,10560.128809
5210104.488787,39,10560.899261
-658289.448168,8,10561.055589
5272988.93166,30,10561.631545
5374145.550972,31,10562.235732
4991713.881015,39,10563.000994
-497463.498795,5,10563.103893
-822383.920836,11,10563.312211
-497280.169411,5,10563.400967
5343007.957204,31,10563.997324
5005037.159078,35,10564.649171
5301893.169207,31,10565.25614
-480773.985773,5,10565.346066
4948476.484358,38,10566.067574
5245179.43038,35,10566.721832
-795802.276767,10,10566.915173
-754242.25686,9,10567.091396
-779846.42624,10,10567.272774
4220452.173859,48,10568.182111
-856546.413772,11,10568.388073
4860940.998958,42,10569.182041
-620300.190709,7,10569.327236
-630263.657547,7,10569.470088
5238944.951889,31,10570.049095
-760430.707655,9,10570.211828
-494260.293484,5,10570.309291
-489484.60977,5,10570.400389
-710894.717345,8,10570.551303
-618959.758179,7,10570.684587
-481852.199746,5,10570.787823
5785391.093189,111,10572.915334
-476048.326819,5,10573.011552
-479135.671429,5,10573.11514
-492206.562252,5,10573.205984
-502364.532475,5,10573.296828
-451177.816822,5,10573.393284
5429537.954803,24,10573.892232
6795436.753558,113,10576.041542
-502307.078703,5,10576.138803
-480969.769623,5,10576.24192
-491728.527047,5,10576.33905
-754800.075031,9,10576.514138
5275942.200388,33,10577.132545
-865059.555695,10,10577.314118
-483720.747305,5,10577.417511
4423132.997072,61,10578.569115
4383103.933354,65,10579.799156
5024634.012257,97,10581.647033
-499087.403789,5,10581.744177
-704998.206971,9,10581.913581
-497234.517561,5,10582.004895
5353072.871852,74,10583.434863
-502712.793079,5,10583.526186
-724202.872882,9,10583.68909
-663674.007347,8,10583.846731
4848122.397114,42,10584.63455
-484350.478161,5,10584.742871
5170390.293184,59,10585.847272
-492903.668995,5,10585.937242
5184459.965926,39,10586.665048
-482597.992594,5,10586.768206
-474779.698818,5,10586.865007
5091121.55641,35,10587.524988
4933726.299603,40,10588.289961
-729226.300995,9,10588.45812
5364146.499249,31,10589.07123
-730875.751386,9,10589.240104
-709677.082443,9,10589.40957
-492747.121412,5,10589.506556
-495280.663405,5,10589.603893
5392226.643431,29,10590.155786
-722222.423565,9,10590.330923
-664738.623256,8,10590.482523
-708889.466906,8,10590.634091
5395346.016114,26,10591.140261
-894084.587633,11,10591.361689
-606177.868983,7,10591.488569
-786900.268825,9,10591.658142
5216230.929734,32,10592.25172
-488071.617012,5,10592.354733
4371249.409311,46,10593.270322
4995581.63816,34,10593.979215
-498601.361145,5,10594.082305
-497274.980026,5,10594.178665
-486122.388637,5,10594.275964
-488275.68701,5,10594.3669
5413527.803501,29,10594.912573
4817103.437867,44,10595.767058
-482356.73151,5,10595.863257
-849671.876098,10,10596.057368
-523195.188776,6,10596.166519
-502725.89316,5,10596.26348
5280186.028489,40,10596.978436
-477313.922232,5,10597.090943
-501577.597884,5,10597.190502
-925623.253083,11,10597.409377
5076046.791729,40,10598.160896
4370799.419502,50,10599.121732
5335481.464246,45,10599.960332
-489622.762046,5,10600.056861
-494885.016832,5,10600.160367
5314562.813952,39,10600.911808
-615482.296488,8,10601.069337
-501957.226577,5,10601.16629
4102419.439826,72,10602.571759
-499525.311954,5,10602.662769
-501374.84643,5,10602.760221
-481116.378899,5,10602.856591
-874077.553103,12,10603.087104
-592785.468832,7,10603.232605
-480904.12438,5,10603.329148
-492783.541454,5,10603.427313
-472537.011847,5,10603.517084
5323716.374398,50,10604.488254
-479337.123752,5,10604.583707
5004437.744953,40,10605.341695
-809261.04399,10,10605.522918
4092980.096756,52,10606.498941
-479908.392697,5,10606.601783
-496360.165239,5,10606.695986
-523770.765117,6,10606.814288
3549130.467287,58,10607.935026
5206390.861168,35,10608.58951
-664280.308202,8,10608.747384
-480095.506116,5,10608.846298
5131692.086171,34,10609.44102
-492548.225901,5,10609.533468
-499162.148746,5,10609.619613
-755800.996905,9,10609.791025
-491262.045449,5,10609.879906
5338001.588479,30,10610.413206
5306935.818409,35,10611.050103
-495296.710684,5,10611.146337
5304725.109942,41,10611.894071
-487491.560594,5,10611.987539
-699589.852284,8,10612.13454
-499862.718713,5,10612.231385
-483240.565768,5,10612.322465
-619080.891639,8,10612.47369
-658516.675747,8,10612.631788
-498110.533561,5,10612.728386
-495908.828544,5,10612.818983
-502244.004836,5,10612.916271
-496680.362959,5,10613.019493
-500519.022443,5,10613.115879
5386079.056704,55,10614.170817
5778736.976077,57,10615.243049
4474065.659916,44,10616.085631
-469745.630265,5,10616.176276
-502240.510164,5,10616.279903
5233390.788795,38,10617.006613
-600160.46236,7,10617.14163
-243516.020495,13,10617.382458
-727301.642082,9,10617.555034
-1145787.895337,14,10617.824448
5224416.468154,32,10618.448949
5279459.794199,35,10619.13373
-493424.269667,5,10619.230957
4579023.398171,63,10620.473724
-492946.942661,5,10620.56997
-477823.733965,5,10620.668276
-498661.82137,5,10620.758831
4524701.909101,74,10622.163464
-482405.217238,5,10622.254926
4791079.089468,42,10623.058947
4301066.916154,75,10624.487036
-632457.582478,7,10624.618392
-473096.817247,5,10624.710282
5486377.657381,52,10625.684113
-843627.591604,10,10625.884542
-708325.682337,9,10626.060057
-487040.746654,5,10626.163362
4220337.870615,49,10627.090704
-479300.963539,5,10627.199039
5620900.867768,50,10628.134763
-552597.45131,7,10628.261599
5421418.272324,45,10629.111467
-464723.047751,5,10629.205569
-489941.35618,5,10629.303171
-755411.061892,9,10629.471605
4858399.774694,43,10630.289667
-488674.02318,5,10630.389734
-498705.062247,5,10630.484082
-501157.40709,5,10630.574521
5287334.634022,34,10631.233636
-1093514.799083,14,10631.495806
-835723.190156,11,10631.702381
-901443.660989,11,10631.920272
-498077.104467,5,10632.016885
-498551.358886,5,10632.109891
-710553.732478,9,10632.277629
4512154.51784,46,10633.192466
-499176.105984,5,10633.292954
4533968.372893,44,10634.153892
-705208.516471,8,10634.313437
-491619.633386,5,10634.410554
-473703.651561,5,10634.507981
5370666.716563,33,10635.132568
-492950.645193,5,10635.23155
-498836.747473,5,10635.330158
-557010.492476,7,10635.461887
4913280.355843,38,10636.186492
-501650.529251,5,10636.276891
5425747.785982,42,10637.099935
-613874.271819,7,10637.235924
-799036.146015,10,10637.416435
-492603.888265,5,10637.513342
-491001.906244,5,10637.601865
-588033.760636,7,10637.719405
5341117.488949,39,10638.403841
-489121.587679,5,10638.495048
-487153.865106,5,10638.579525
4710175.414744,49,10639.464358
-562841.997731,7,10639.600743
-746793.991209,9,10639.77336
5170915.948685,60,10640.89518
5197516.157185,36,10641.567576
-1032112.789311,13,10641.828166
4754210.513711,51,10642.858156
-483652.517744,5,10642.967149
-894804.569528,11,10643.209577
-489735.787891,5,10643.318697
-481872.196496,5,10643.428158
-480927.473546,5,10643.524336
5266719.430665,30,10644.137054
5860155.996464,98,10646.057508
-454331.564978,5,10646.15266
-793518.725983,10,10646.342277
-772064.103135,9,10646.518203
5079093.331848,35,10647.196955
4860747.338439,41,10647.990758
-489672.171428,5,10648.087536
-751229.915546,9,10648.263576
5161018.769942,35,10648.936521
-487361.524327,5,10649.033542
-913451.261302,11,10649.227221
4754816.084103,42,10649.984763
4965017.414119,38,10650.68378
-499053.120066,5,10650.776231
-661925.480089,8,10650.925476
5263425.644425,37,10651.584426
-697502.493384,8,10651.729913
-504675.353735,6,10651.839311
-914798.149875,12,10652.063183
-489411.878208,5,10652.15402
-486919.933878,5,10652.244603
5053742.896681,35,10652.905125
-495323.338856,5,10653.002066
5407282.981773,27,10653.523555
-904402.059095,11,10653.741657
-837908.688746,11,10653.963338
-495800.189261,5,10654.056961
-770219.289999,10,10654.244781
-477984.14268,5,10654.342029
-501385.498785,5,10654.439223
5112079.739583,38,10655.166795
-497497.343226,5,10655.256624
-502430.934411,5,10655.35359
-883981.37015,11,10655.565933
-481400.867934,5,10655.662688
4442594.683434,46,10656.541372
5401186.835691,31,10657.151891
-647923.089576,7,10657.280829
-571783.198601,7,10657.42031
-480530.036356,5,10657.517432
-580840.143825,7,10657.650071
-496056.019549,5,10657.743582
-482274.65495,5,10657.826226
-492568.551159,5,10657.917146
5211821.914334,32,10658.480497
5421837.54778,30,10659.028122
-500476.302057,5,10659.129145
-481354.069839,5,10659.226185
4968533.963994,37,10659.971741
-835398.947432,10,10660.153279
-494702.527607,5,10660.245742
-496113.501677,5,10660.334934
-1372440.418316,17,10660.661941
5467009.935076,40,10661.425464
-469010.592068,5,10661.522763
4966561.812773,38,10662.255883
-502588.915555,5,10662.346507
-542211.089134,6,10662.464769
-494870.992619,5,10662.557347
5190343.046162,60,10663.712432
-492855.08349,5,10663.820951
-485060.528813,5,10663.92315
5148732.310317,36,10664.643493
-775910.761664,9,10664.825386
-658374.532645,8,10664.988622
-721661.891214,9,10665.158719
-696013.787276,8,10665.31024
-459143.118608,5,10665.406884
-616670.984075,7,10665.540662
4541974.849894,47,10666.443261
5245857.860424,38,10667.164889
4236779.148306,49,10668.091526
-899829.934205,12,10668.333752
5128671.723811,37,10669.055014
4853898.581808,41,10669.84405
5360073.150816,91,10671.563633
-721448.105441,9,10671.740062
-478339.294968,5,10671.836857
-502799.087563,5,10671.939545
-755251.480566,9,10672.102999
-570275.04774,7,10672.236817
-484505.674933,5,10672.32724
-886787.453896,11,10672.541878
-497550.230253,5,10672.637314
5815679.64694,65,10673.891524
-458731.336024,5,10673.987721
-928254.123307,11,10674.191948
-487797.404737,5,10674.285699
-622047.314292,8,10674.436266
5017183.492683,61,10675.623854
-502668.42385,5,10675.71464
5201716.043919,37,10676.417808
-660823.671887,8,10676.581234
-705712.035858,8,10676.751192
5097178.203093,35,10677.435977
-492643.617353,5,10677.539457
4785321.198293,42,10678.339145
-487395.75231,5,10678.435847
4206134.689194,54,10679.453984
5445457.20578,26,10679.944968
-709900.416339,9,10680.114159
5081126.699234,36,10680.775284
-921812.774599,12,10681.01761
-668633.858318,8,10681.180781
-474425.293428,5,10681.284039
-493883.310381,5,10681.381149
5613013.629844,41,10682.153276
-484985.410405,5,10682.259533
4496804.484385,48,10683.193472
-614396.485786,7,10683.325931
-497616.237854,5,10683.416939
5441664.511917,32,10684.022827
-714858.01576,8,10684.174563
-502636.971945,5,10684.265178
-445245.148192,5,10684.362534
5189742.470192,34,10684.998362
-819895.841006,10,10685.198978
4522439.187629,45,10686.089151
-716610.817318,8,10686.250957
-754521.327316,9,10686.423084
-613137.624409,7,10686.558045
5420560.475386,29,10687.114172
4377353.37866,48,10688.068534
5367936.875503,31,10688.682698
-502086.194054,5,10688.780087
-496988.156729,5,10688.876975
-569253.158502,7,10689.016551
5207106.727087,35,10689.678465
-501606.315292,5,10689.767886
-838777.759009,10,10689.982755
5302092.881506,33,10690.604395
-479910.184441,5,10690.706841
-487803.101432,5,10690.810204
-499461.459321,5,10690.907084
-1192644.282135,16,10691.198115
-1079991.577338,13,10691.434553
5416750.252055,26,10691.943116
-497547.013442,5,10692.034136
4390956.448171,48,10692.91863
-490101.932664,5,10693.010298
-741801.728602,9,10693.179766
5321932.236846,32,10693.767025
4382139.808248,58,10694.840233
-496271.556937,5,10694.939515
-495108.575382,5,10695.033727
-639007.233404,7,10695.179074
-453903.420231,5,10695.28279
-481116.071867,5,10695.385885
4573809.172787,43,10696.192893
-820256.460494,10,10696.385362
-489264.54006,5,10696.482132
5212040.446951,46,10697.397281
-622399.18033,8,10697.560851
4969851.734333,38,10698.27594
-702255.752859,8,10698.436054
-705871.198796,9,10698.606083
-485569.652377,5,10698.70007
-469895.100771,5,10698.80099
-692921.376062,8,10698.96338
-813231.308389,10,10699.154588
-480368.309984,5,10699.251722
-674140.882564,9,10699.427281
-499777.187957,5,10699.52426
-496192.598236,5,10699.627287
-502951.456971,5,10699.724386
-474030.498319,5,10699.827065
-734933.523964,9,10700.002828
-492482.237211,5,10700.094061
-762656.319183,9,10700.275339
5216098.483239,36,10700.966292
5228366.338326,49,10701.945527
-565670.545835,7,10702.081284
5415664.143821,24,10702.560702
5384345.97032,33,10703.190466
-487982.808374,5,10703.287718
-492626.993365,5,10703.384636
-467409.516851,5,10703.487832
-802521.569777,10,10703.669471
5333233.343448,36,10704.366262
-824732.874555,10,10704.559844
-788639.588984,10,10704.754254
-460310.944748,5,10704.869275
5408172.028495,41,10705.69033
5346299.366007,31,10706.311964
5333820.772732,43,10707.135551
4031014.964374,51,10708.117036
4267409.616069,53,10709.135184
-816471.051475,10,10709.323406
3862042.634337,54,10710.407735
4738586.012561,43,10711.225946
5657985.306948,54,10712.255943
5241884.838837,34,10712.898331
-486283.80954,5,10713.000715
-134581.27163,6,10713.110301
-491970.572602,5,10713.20751
5267358.900895,33,10713.837394
-475518.201112,5,10713.934511
-851698.724971,10,10714.134786
-905243.063018,12,10714.371232
5395524.07938,32,10714.989357
5134783.488826,38,10715.710474
5280226.054164,33,10716.32859
4850136.429158,40,10717.116108
-561809.259187,6,10717.225403
4209454.700183,49,10718.164308
4918119.76553,40,10718.946257
-502875.593038,5,10719.043224
-501081.135717,5,10719.134458
-491608.419639,5,10719.225055
4941057.633704,37,10719.927988
-471361.145483,5,10720.031129
4327945.804608,47,10720.934536
4707435.704439,46,10721.818737
-488581.986998,5,10721.909597
-492685.17719,5,10722.000494
-487568.159175,5,10722.097267
-918507.695995,11,10722.291283
4966235.56609,54,10723.315621
-482989.929546,5,10723.406197
5306747.123422,38,10724.139226
5419651.939185,33,10724.769836
-717862.505128,9,10724.946116
-488139.100326,5,10725.042532
-738775.222002,9,10725.219613
5263147.407538,36,10725.939527
5371654.381116,34,10726.593975
4022330.480868,50,10727.508875
-890946.816557,11,10727.716775
-480988.610346,5,10727.812232
-485749.198153,5,10727.908927
-500567.918007,5,10728.005577
-489648.182963,5,10728.096757
5266424.659701,36,10742.489143
-495974.132039,5,10742.579849
-735258.519882,9,10742.755365
-473662.63901,5,10742.846261
-490022.527395,5,10742.943023
3910845.46645,54,10743.991475
-496005.214116,5,10744.088516
4540537.433303,68,10745.434949
-492972.287807,5,10745.530788
-647246.877409,7,10745.664162
-491823.037628,5,10745.761091
-728875.698817,9,10745.931082
-777049.66087,9,10746.094659
-993683.442252,12,10746.330626
-620814.297426,7,10746.458232
5190599.605157,32,10747.057814
3845614.423131,52,10748.051944
5425254.44261,29,10748.603271
5228963.783418,34,10749.239842
4232287.969172,51,10750.227573
-903679.324652,11,10750.445351
-496014.134136,5,10750.542349
5353076.577963,31,10751.130085
-784876.332924,10,10751.318582
5113333.730175,37,10752.034213
5347136.260561,41,10752.796827
-492744.416174,5,10752.899883
5827682.745372,59,10754.069637
-495334.927138,5,10754.166396
5071352.585044,38,10754.880956
-475858.261864,5,10754.984039
-478554.986204,5,10755.087713
5037311.050725,37,10755.772258
4461939.980334,44,10756.626698
4546916.16615,45,10757.487223
5667811.4608,52,10758.501034
-597655.73654,7,10758.638673
-496142.406201,5,10758.735903
-492241.308713,5,10758.82603
-134498.082466,6,10758.947305
4181050.068245,68,10760.304935
-494747.105296,5,10760.40827
-915896.140094,11,10760.61971
5361311.962082,33,10761.304625
-488069.918076,5,10761.408359
-738215.974519,9,10761.580553
-486415.896784,5,10761.674541
5089455.044033,36,10762.383612
4807443.613571,44,10763.220955
-769202.055764,9,10763.396046
-817538.318261,10,10763.583112
5429334.764009,30,10764.147123
5384299.165036,40,10764.921083
-762896.305493,9,10765.105452
5057500.515743,43,10765.928826
-490854.517378,5,10766.031693
-495428.119818,5,10766.128248
5413889.066137,28,10766.655554
4537184.951383,45,10767.52228
4496742.929959,45,10768.353928
-486650.550038,5,10768.449196
-753211.820208,9,10768.61925
4061919.428402,49,10769.558634
-864295.906082,11,10769.767901
5345064.515184,35,10770.431221
-460718.65073,5,10770.527784
-488359.662546,5,10770.623978
-486407.18019,5,10770.715999
-728863.642204,9,10770.88582
-475158.466609,5,10770.982678
-481209.434659,5,10771.073585
4608091.985121,48,10771.988838
4942701.618653,37,10772.685421
-473562.248483,5,10772.781998
-485986.751715,5,10772.878955
-800548.655135,9,10773.05077
-500818.259857,5,10773.139534
-501455.628106,5,10773.243088
-877215.596088,11,10773.449441
5182935.832795,32,10774.054579
-496101.239007,5,10774.153834
-480593.187163,5,10774.243969
-479838.031327,5,10774.33782
-496740.401521,5,10774.436708
5331842.777013,33,10775.069744
4461105.785756,45,10775.921366
-498823.565511,5,10776.024509
5210553.232025,37,10776.739446
5345646.206423,32,10777.345136
-486064.586708,5,10777.442406
5068059.349801,52,10778.44238
-701035.186481,8,10778.60238
-485304.345175,5,10778.690768
-489514.753975,5,10778.781692
-644175.709685,8,10778.927095
4972086.391986,40,10779.702553
5425160.964161,29,10780.247679
-497905.573276,5,10780.345028
-838621.641838,10,10780.533124
-793883.983284,9,10780.716916
-660329.903792,8,10780.867307
-497544.141498,5,10780.968946
-488172.846141,5,10781.072302
-641224.421395,7,10781.199684
5408173.482492,29,10781.739092
-500147.199177,5,10781.835537
5228865.706403,35,10782.514982
-472732.508894,5,10782.617967
5245501.110333,33,10783.254009
-496588.892538,5,10783.350785
-492711.722466,5,10783.447456
4708654.526939,41,10784.217573
5267126.900539,34,10784.878366
5702518.014877,51,10785.865527
-1087815.435834,13,10786.12013
-740436.198876,9,10786.295982
-749649.854954,9,10786.459659
5348434.474878,31,10787.041371
-632462.891667,7,10787.17453
5418324.211635,27,10787.677541
-493579.868434,5,10787.774486
5250306.691638,39,10788.514668
-722102.416265,9,10788.683387
-736831.510394,9,10788.852944
-420005.041785,5,10788.956374
-855250.126831,10,10789.150122
-491913.443023,5,10789.253281
-962521.158079,12,10789.484019
-876187.748125,11,10789.695376
4617045.202148,47,10790.617029
4569463.861505,78,10792.137592
4886591.875782,66,10793.416655
-500462.884848,5,10793.513635
-141856.181517,6,10793.647416
5106582.476079,36,10794.337399
-1226311.940632,15,10794.628538
4730104.888734,49,10795.549617
-843336.524699,10,10795.751651
-509239.014492,6,10795.86459
-498932.222124,5,10795.955539
-495900.809897,5,10796.058835
5358572.312947,31,10796.664056
5468285.096823,40,10797.439748
4350253.846741,48,10798.355355
-478796.17681,5,10798.452103
4885955.751717,36,10799.142973
-484218.078703,5,10799.239461
-844033.432319,10,10799.427814
4092729.773722,49,10800.367058
-495510.97854,5,10800.463747
-503309.02729,5,10800.567763
-749679.064583,9,10800.736797
-519625.317404,6,10800.851998
4932434.523051,64,10802.070129
5129981.843363,63,10803.251548
5389774.931942,30,10803.82108
-488940.15302,5,10803.918442
-584457.213234,7,10804.05153
-651875.793611,8,10804.196991
-719227.776416,9,10804.366265
5229595.737331,35,10805.033273
-492190.082781,5,10805.136042
-493707.57546,5,10805.229581
5245379.545815,39,10805.960424
-454180.672727,5,10806.063143
-502968.108678,5,10806.154116
-483709.253289,5,10806.251212
-819984.280514,10,10806.432976
4855314.655641,39,10807.135897
-490881.75191,5,10807.226457
-502869.307443,5,10807.311233
-471366.738188,5,10807.402676
-449204.876239,5,10807.487101
-483757.755046,5,10807.578296
-492552.772489,5,10807.66949
4953488.065025,39,10808.36605
-559861.687384,7,10808.493393
5425549.404799,45,10809.337164
5405702.257559,28,10809.875127
-488069.012243,5,10809.968107
5350662.480054,33,10810.607819
5643268.327841,39,10811.359331
5048692.384247,37,10812.062853
-572918.336818,7,10812.197849
-659915.902734,8,10812.346992
-569803.390171,7,10812.480712
5517838.482215,48,10813.413797
5420824.768816,25,10813.892227
4866697.32037,40,10814.656481
-482146.295107,5,10814.753127
5442529.374936,29,10815.310788
-962089.893325,11,10815.52298
-870976.804351,10,10815.716973
4831536.284063,40,10816.492074
5257583.968843,34,10817.134377
5002629.066962,37,10817.852623
-120986.572625,6,10817.97122
5313299.929778,39,10818.728272
-837664.341112,10,10818.910053
5339243.972967,32,10819.522114
-1192892.691076,15,10819.788703
-862011.436717,11,10819.995093
-471764.393032,5,10820.086057
5366917.004512,47,10820.910274
4204855.774561,49,10821.782645
-487978.01273,5,10821.879801
-933114.167602,12,10822.103612
-497254.129263,5,10822.194547
-492075.155114,5,10822.285358
5426069.001863,29,10822.818725
-483050.188356,5,10822.909574
-494055.971708,5,10823.000396
5739059.450845,53,10824.000707
-502268.540123,5,10824.097581
-475399.18229,5,10824.194458
-1092994.453343,14,10824.460732
5342161.225145,29,10825.006256
-473136.274356,5,10825.103388
-763787.339408,9,10825.279037
-874053.352587,11,10825.485589
-496975.219219,5,10825.576183
5046765.621075,40,10826.327727
5564551.953193,49,10827.279191
-601235.486325,7,10827.407788
5292381.873746,33,10828.02437
-564031.070815,7,10828.163889
5008035.325007,38,10828.878763
5397465.74395,51,10829.854125
5412212.404414,31,10830.444816
-631140.155785,7,10830.576321
-465255.727508,5,10830.672489
5033129.178104,37,10831.381874
4998621.227266,40,10832.157538
-497755.795376,5,10832.248028
-137208.239803,6,10832.357426
-490417.721212,5,10832.450443
4058498.962189,50,10833.413212
-492549.758481,5,10833.508151
-668859.651589,8,10833.658929
-461631.922825,5,10833.751127
5122552.45457,54,10834.784819
-763134.691718,9,10834.95666
-847990.204613,10,10835.156591
4014216.633237,50,10836.126544
5043843.654125,34,10836.768677
4381982.341139,48,10837.695629
-485218.185791,5,10837.794181
-493411.71231,5,10837.889493
-488665.765394,5,10837.980908
-827162.984287,10,10838.168451
-608853.465248,7,10838.307995
-476066.978399,5,10838.399019
-883159.254812,11,10838.605025
-484295.85624,5,10838.701587
-475165.488844,5,10838.798826
5653490.873843,55,10839.840733
3913709.469698,52,10840.840742
-964997.282944,12,10841.076943
-485544.425168,5,10841.174274
4657136.732219,44,10841.973935
5022149.626524,38,10842.650748
-715832.406609,9,10842.809558
-688568.644496,8,10842.949442
5127037.048649,39,10843.652539
5285061.674966,33,10844.271117
5431146.034477,32,10844.889021
-502423.464321,5,10844.979558
5256048.767189,34,10845.640612
-502648.512698,5,10845.737267
-497767.263881,5,10845.83271
-500443.151283,5,10845.919095
-570731.954737,7,10846.052738
-678445.614129,8,10846.21019
-191231.399039,8,10846.36754
-701226.546422,9,10846.540937
-894174.829548,11,10846.743664
5148012.166912,35,10847.42212
-500536.917759,5,10847.513015
5013005.561787,38,10848.234022
-835673.433326,10,10848.415454
4974734.078236,41,10849.203861
4782911.938501,40,10849.954723
-477508.076364,5,10850.045821
4223333.146514,48,10850.91831
3627239.16699,55,10851.888357
-552592.692439,6,10851.997076
-502726.615349,5,10852.088492
-488939.456992,5,10852.184886
-498694.154432,5,10852.27585
4903463.533308,38,10852.96725
5151864.894055,34,10853.61556
-817936.88454,10,10853.797277
5239285.141235,32,10854.366435
4514355.116162,46,10855.190641
5399784.145924,27,10855.675323
5400788.3453,29,10856.208681
-479766.689796,5,10856.299855
-785453.709034,10,10856.481264
5400795.299697,28,10857.002885
5556709.636369,49,10857.966743
5344763.961018,33,10858.621046
-869472.304059,10,10858.820534
-652557.232979,8,10858.978064
-501534.568921,5,10859.069285
-502590.698206,5,10859.172179
-496037.398269,5,10859.269375
-486452.878044,5,10859.365878
-909560.608006,11,10859.578389
-720926.823966,9,10859.753981
-479394.266911,5,10859.852373
-478261.893459,5,10859.942177
5211385.495108,34,10860.602767
-501405.021475,5,10860.699307
-471166.280148,5,10860.796013
-498870.149503,5,10860.898998
-501691.57868,5,10860.996568
5076358.355725,39,10861.735617
-479468.10044,5,10861.833393
-480855.920958,5,10861.929441
5367907.252093,38,10862.668959
-905221.811383,11,10862.880983
-624229.607692,7,10863.020312
-496561.134532,5,10863.116964
5963478.811697,62,10864.322798
-486877.116411,5,10864.419861
3914787.811883,53,10865.407485
3887987.453241,54,10866.431745
-866685.949706,11,10866.631666
-478107.13489,5,10866.728524
-928633.718338,11,10866.922889
5219423.48223,35,10867.57708
-496961.68012,5,10867.66803
5342003.756667,52,10868.647925
-801804.792857,10,10868.837727
5033649.398073,36,10869.522983
-516450.259185,6,10869.631629
-481016.449196,5,10869.728797
-782195.760629,9,10869.892103
-495397.666844,5,10869.98913
4503672.033579,47,10870.92854
-491177.074289,5,10871.025366
5640720.688782,54,10872.049501
-497536.233147,5,10872.155282
-502140.715478,5,10872.252606
-480637.678277,5,10872.352488
-495603.730569,5,10872.449401
-513808.820311,6,10872.558496
-466064.401787,5,10872.643418
-526584.849428,6,10872.76413
4975118.810772,37,10873.47359
-552930.964045,6,10873.588663
4495617.877683,44,10874.42468
-483907.989772,5,10874.528281
-502900.387147,5,10874.625033
5409607.094931,31,10875.212375
-493841.396997,5,10875.297279
5322587.587657,32,10875.891523
4438545.014606,45,10876.697368
5388949.09752,30,10877.255075
-484443.489381,5,10877.351531
-502334.690316,5,10877.451675
-489871.493709,5,10877.539929
-759392.973204,9,10877.709174
-500460.007551,5,10877.800658
-680054.519669,8,10877.951948
-490019.582103,5,10878.048644
-486285.789665,5,10878.14609
-490764.627817,5,10878.236473
4164086.959268,65,10879.485205
-501482.571224,5,10879.583873
-483723.418135,5,10879.679289
-500976.050092,5,10879.776212
5249260.616548,31,10880.355405
-492154.710709,5,10880.448505
-477195.269838,5,10880.539604
5758946.150055,64,10881.769458
-476072.579536,5,10881.869286
-701154.058498,8,10882.018499
5047706.407941,42,10882.817772
-812299.65171,11,10883.026233
-502765.798285,5,10883.126721
-956395.177774,12,10883.363212
5416690.49567,27,10883.878151
-482773.809612,5,10883.981691
-491094.672188,5,10884.078165
-656265.257813,8,10884.229674
-502782.403112,5,10884.320887
-493988.30557,5,10884.416592
-629430.125347,7,10884.545102
-485182.300135,5,10884.641733
-974058.965271,12,10884.878074
-498133.007256,5,10884.969143
-815921.946067,10,10885.162869
5257335.525733,57,10886.199111
-497025.063142,5,10886.290473
-473435.119987,5,10886.380909
-580644.084441,7,10886.50854
-482556.496877,5,10886.599007
-1072332.7762,14,10886.860074
-484330.688817,5,10886.950895
-840135.049082,10,10887.132583
-502273.85252,5,10887.21756
5072070.367264,37,10887.895855
-703737.154485,9,10888.059539
-840615.765734,11,10888.277918
5471917.810067,34,10888.919946
-478041.237316,5,10889.011458
-489763.279282,5,10889.102165
-516348.563397,6,10889.223353
-492100.201555,5,10889.313816
4761544.233992,40,10890.053618
5264013.377653,37,10890.774284
-679224.513498,8,10890.925803
-502339.066506,5,10891.023446
-795787.985712,10,10891.223383
-898820.999719,12,10891.447644
5317254.528906,32,10892.053584
-560908.329364,7,10892.186506
-496643.805224,5,10892.277638
-488042.385242,5,10892.374062
-1386908.650436,17,10892.69561
-478477.794845,5,10892.798751
-827200.8414,10,10892.995184
-497439.170928,5,10893.095706
-521363.212575,6,10893.210339
-761782.870675,9,10893.380302
-480455.821481,5,10893.477385
-482997.735687,5,10893.580616
5129938.779898,36,10894.271405
-485783.386788,5,10894.36814
-485610.211705,5,10894.459127
5263600.280375,39,10895.168041
4941854.113004,38,10895.870738
-493824.763562,5,10895.961599
3899614.472621,51,10896.907256
4951764.650283,37,10897.597715
-613149.204828,7,10897.725007
-484138.602654,5,10897.816354
-651968.293219,8,10897.961354
-498912.156759,5,10898.052152
-499670.879857,5,10898.149233
-495099.070685,5,10898.240349
-797404.638893,9,10898.409691
5332412.665202,37,10899.131366
5329887.548626,31,10899.730854
-498391.268947,5,10899.828153
4385199.889171,48,10900.748892
-484727.130974,5,10900.845931
-474680.836953,5,10900.942857
-690972.859345,8,10901.100332
5762222.307757,45,10901.979404
-502580.698975,5,10902.076476
-466431.917371,5,10902.179529
-484421.23392,5,10902.276337
5365873.917367,34,10902.912496
-485131.689765,5,10903.009741
5366566.383283,31,10903.615621
5871877.461495,67,10904.888118
-901174.449961,11,10905.100468
4252475.629126,46,10905.996993
-494598.525029,5,10906.108529
-495796.740071,5,10906.202702
-495242.299011,5,10906.299742
-722974.390113,9,10906.47618
5397776.391675,27,10906.996908
-475115.455251,5,10907.087592
4639452.674004,48,10907.986946
4564407.439913,44,10908.814867
-611945.350013,7,10908.950372
5306223.138779,35,10909.614723
-480705.877566,5,10909.711884
-490857.695447,5,10909.803001
5375715.119213,29,10910.360325
5368043.46448,33,10910.990533
-494624.063918,5,10911.087257
-625804.193949,7,10911.232876
-711210.833501,9,10911.402233
5710243.200378,46,10912.266426
4885108.079948,40,10912.983604
-489199.952346,5,10913.07458
5394202.73993,30,10913.617865
-627913.313692,7,10913.741255
-750830.447828,9,10913.905283
5357448.568826,35,10914.565906
5123139.604173,35,10915.202148
-748469.411507,9,10915.373246
5440748.359774,31,10915.956781
-124532.382648,7,10916.086889
-666529.614611,8,10916.23855
4986412.569604,38,10916.947516
-770577.664983,9,10917.123416
-494416.922568,5,10917.225727
4871003.222998,42,10918.01381
-502625.342653,5,10918.106246
-492379.577342,5,10918.201848
5254605.73132,38,10918.914307
3728691.330172,56,10919.989213
-1162338.083033,14,10920.268004
4882319.399277,43,10921.089391
-502469.528114,5,10921.195519
4880597.765223,40,10921.995093
-865626.734689,11,10922.206925
-519800.413631,6,10922.322112
-758287.089771,9,10922.491619
-869333.11545,11,10922.704326
-797465.167621,10,10922.892064
-502757.055273,5,10922.989023
4538880.851563,45,10923.891865
-502233.152458,5,10923.996857
-753898.146362,9,10924.170818
-480317.979759,5,10924.267779
4964290.909802,37,10924.98847
-828583.769704,10,10925.182388
-728518.136648,9,10925.358582
5208232.856636,35,10926.019414
5324571.218184,32,10926.630751
-629412.388446,7,10926.764006
4768808.079627,40,10927.503248
-551994.484758,7,10927.642925
-822381.12311,10,10927.826302
-493204.688711,5,10927.91558
-751257.923965,9,10928.079936
-657232.753785,8,10928.242818
5419681.339509,29,10928.781807
5410748.439497,29,10929.333673
-502504.086199,5,10929.430737
-485621.592156,5,10929.53367
5120069.582118,39,10930.321177
-485399.345102,5,10930.418436
-484278.183753,5,10930.515553
5190062.566656,53,10931.539613
5291889.077193,37,10932.254644
-591088.262383,7,10932.39975
-985335.673216,12,10932.637605
-1161042.597307,15,10932.906175
5755679.830359,58,10934.005581
-490945.688695,5,10934.102773
-660432.025888,8,10934.266616
-496650.254969,5,10934.372215
-502303.35429,5,10934.472248
-696906.061809,8,10934.623986
-868867.762504,11,10934.836359
-573496.034702,7,10934.96966
-480510.179772,5,10935.066135
-521051.270436,6,10935.175698
5599938.265312,50,10936.126521
-488406.978946,5,10936.235945
-838163.466558,11,10936.44171
-488089.504003,5,10936.546086
4239655.94084,47,10937.441627
-705875.754379,8,10937.587639
4849709.871497,40,10938.332539
5390596.980011,28,10938.865695
-829593.599876,10,10939.058292
3884500.379798,56,10940.132635
4472774.573771,45,10940.962723
-478969.414337,5,10941.048214
-494053.31024,5,10941.14451
-461596.809835,5,10941.248256
-785543.208712,10,10941.428964
-901920.488299,11,10941.628857
4985987.666189,37,10942.319727
4949094.452542,37,10943.004886
-899404.009081,11,10943.228661
4955258.661226,38,10943.994112
5257836.56098,32,10944.605119
-502165.218221,5,10944.707278
-492839.095741,5,10944.810816
-495736.236232,5,10944.907655
-893969.822427,12,10945.132069
5120911.937078,55,10946.21138
-795887.288668,10,10946.410509
-779147.486487,9,10946.58031
-462439.064698,5,10946.671024
-494134.018876,5,10946.768013
-470475.511821,5,10946.85942
-795272.101667,9,10947.022143
-704100.242761,8,10947.188901
-494015.710209,5,10947.283208
4302136.90377,57,10948.365252
5137741.597964,35,10949.05868
-647233.487726,7,10949.208592
-697158.275397,8,10949.367334
5029477.854149,38,10950.095112
4948701.070426,46,10950.998116
4811596.849242,42,10951.815584
-488180.3197,5,10951.915932
5413218.606669,28,10952.463996
5335243.702461,32,10953.076357
4970375.769031,41,10953.863897
5362669.286988,29,10954.409424
-490859.496298,5,10954.506591
-670915.570601,8,10954.658079
5171456.286083,39,10955.40909
-502304.84234,5,10955.500196
5298944.44845,32,10956.100176
5196092.722008,34,10956.730468
-490245.009756,5,10956.821386
5382737.257178,29,10957.36192
5334463.556402,39,10958.087866
-502699.795835,5,10958.179207
5019149.914262,37,10958.885068
-555781.038844,6,10958.997145
-796782.773635,10,10959.178328
5062327.368862,36,10959.85781
5236307.167667,36,10960.536149
5438497.569167,43,10961.384562
-476861.999709,5,10961.475366
-488651.337468,5,10961.572737
-496805.617891,5,10961.669335
-490721.764345,5,10961.771909
-653540.298667,8,10961.921089
-492456.848684,5,10962.014931
-487900.68923,5,10962.105263
4877790.434655,41,10962.887231
-886920.359094,11,10963.107881
-1489986.644036,20,10963.505414
5286816.135434,34,10964.178542
-475940.310318,5,10964.269074
5189184.209614,35,10964.918337
4956783.418368,39,10965.650413
-502304.918544,5,10965.735231
4453630.610937,46,10966.63239
-494814.549538,5,10966.723648
-502380.741339,5,10966.81429
-414662.610872,5,10966.911129
5404461.752366,27,10967.431834
-502989.107842,5,10967.530362
-886960.271371,11,10967.742348
-632984.028561,7,10967.868693
-484649.682909,5,10967.965252
-149791.030355,8,10968.105039
5159814.480847,34,10968.717041
-577225.983205,7,10968.850382
-495383.636471,5,10968.941306
-513043.345363,6,10969.043827
4500657.242004,47,10969.886541
5426563.516666,52,10970.862379
5303027.233186,36,10971.565155
5129276.762676,34,10972.233422
5435769.192346,31,10972.825561
-495425.348897,5,10972.916549
-499196.118141,5,10973.01111
-490527.432895,5,10973.104279
-885310.683393,11,10973.322153
-991775.75803,12,10973.552799
5191835.844514,31,10974.152745
4617594.739067,49,10975.121826
-712546.072569,9,10975.298308
4657504.756555,42,10976.119067
-487122.655783,5,10976.218779
-779821.038211,9,10976.400838
-953339.140051,11,10976.619088
5314314.830741,34,10977.280026
5231377.984185,46,10978.145783
-670445.51358,8,10978.304857
-489836.909972,5,10978.40077
5521188.539076,49,10979.33381
-1092490.812937,14,10979.600328
4980011.302981,38,10980.32762
-276578.840521,8,10980.485292
6060887.753094,65,10981.727527
-458091.684731,5,10981.824872
-488974.771865,5,10981.921162
-947815.90222,12,10982.139598
-854477.392382,10,10982.333749
-495724.536917,5,10982.424236
-659204.175965,8,10982.576309
-552813.247733,6,10982.685093
5017771.738925,37,10983.39404
5083437.751936,39,10984.12111
-675684.156341,8,10984.272892
-703629.28737,9,10984.454813
-763001.129078,9,10984.618466
-502480.662528,5,10984.714966
-495333.665164,5,10984.805749
-478303.184476,5,10984.904525
-661914.296572,8,10985.060155
-491098.333556,5,10985.151481
-474108.398469,5,10985.248465
5400364.987298,28,10985.787402
-495579.344692,5,10985.884598
-778129.917565,9,10986.054081
5350521.583465,38,10986.79372
-991912.652612,12,10987.018007
-772726.771591,9,10987.200026
5408861.284816,29,10987.76511
3901591.564309,52,10988.768897
4940907.135333,59,10989.932601
-882059.477434,11,10990.138299
5304021.117106,36,10990.86013
-599422.595199,7,10990.999619
-625970.70362,7,10991.144645
-605826.252088,7,10991.284311
-545615.338647,6,10991.405526
5424436.259336,35,10992.101828
5224213.879685,36,10992.774693
5104856.512937,39,10993.507851
-503113.58717,5,10993.598647
5420218.71764,28,10994.13835
5126914.418689,37,10994.847158
-491867.982714,5,10994.938271
4853839.169271,41,10995.717721
5332732.236724,36,10996.455644
-671863.631928,8,10996.611239
-1626495.43008,22,10997.035256
5358475.193113,32,10997.658659
-452657.544376,5,10997.750007
-871672.242433,10,10997.931713
4267768.918375,52,10998.919137
5459926.110068,34,10999.580076
5199698.813834,33,11000.191731
-475318.074028,5,11000.292149
-486780.895386,5,11000.39269
-502254.902271,5,11000.482731
5097715.641935,37,11001.19391
5118286.728218,33,11001.850791
-134824.71328,14,11002.106504
-666859.044618,8,11002.264786
4885370.008032,39,11003.040156
-778830.497594,10,11003.238494
-498780.768404,5,11003.330894
5321667.80685,39,11004.100563
3592038.716512,58,11005.215809
5138925.426341,35,11005.894914
5402191.472589,28,11006.43966
-493430.231901,5,11006.53642
-500406.276195,5,11006.627347
-189062.173449,16,11006.930789
4482582.995257,46,11007.791433
4394474.131723,46,11008.645309
4887924.291695,42,11009.451231
-908667.769204,11,11009.663361
-852156.185732,10,11009.854426
5081656.135038,34,11010.499697
4225444.81782,47,11011.414553
-743348.385277,9,11011.579878
5335157.070539,56,11012.687582
-872384.498664,11,11012.901539
-491805.72593,5,11012.990654
-495792.06778,5,11013.087061
-502528.949214,5,11013.184411
4572411.496231,44,11014.045116
-485475.765634,5,11014.142281
5391396.028277,29,11014.687422
4788376.964237,41,11015.475477
5172243.023087,37,11016.190037
5379751.005774,34,11016.862667
-502310.451408,5,11016.959661
-572256.466686,7,11017.099667
5021718.857088,38,11017.832282
5395259.867818,29,11018.474686
-846563.630506,11,11018.680701
-495974.176305,5,11018.777772
-522866.054229,6,11018.893003
-503017.732388,5,11018.99194
4665772.257659,49,11019.874461
-502565.807733,6,11019.983576
5383972.205076,29,11020.528686
4545233.447122,43,11021.292337
5331400.208946,30,11021.843962
5159334.469191,34,11022.498678
5416107.258765,30,11023.073781
5034393.652066,38,11023.78947
-481755.02723,5,11023.886168
5277208.543681,30,11024.462275
4566831.328326,44,11025.304251
-494296.213867,5,11025.401253
-491641.657204,5,11025.498522
-484705.231458,5,11025.595306
-860817.708193,10,11025.782622
-730952.413775,9,11025.952987
-998547.920509,12,11026.170998
4768350.43698,59,11027.297619
-502624.220648,5,11027.395073
-172348.184401,8,11027.551985
-485265.881352,5,11027.654336
5250848.05287,33,11028.249583
4038855.465684,50,11029.152222
4101028.993916,53,11030.152106
-499583.682029,5,11030.243255
4969906.83635,40,11030.994098
-497766.42163,5,11031.100183
-628477.933562,7,11031.224806
5411745.444708,23,11031.672833
-495644.792222,5,11031.763704
5292881.793358,33,11032.387931
5520477.92233,49,11033.34883
-489782.407413,5,11033.460964
4854943.034713,38,11034.200052
5447116.436437,49,11035.133437
4824601.863825,39,11035.900374
-492596.496132,5,11035.993894
-700796.966736,9,11036.169718
-806463.966334,10,11036.357569
-620235.559168,7,11036.503242
-666697.195062,8,11036.648354
-912277.957573,11,11036.860699
4166492.540899,58,11037.975838
5362832.316735,36,11038.678207
-141143.785083,6,11038.793308
5033889.469141,36,11039.47226
5355046.207191,35,11040.132595
4773436.543316,39,11040.881668
-1240116.616243,15,11041.162931
4966423.388021,38,11041.878011
5023621.157714,35,11042.546602
-492745.690134,5,11042.635777
-705859.769607,8,11042.786807
-605869.127877,7,11042.913994
-913602.632672,12,11043.13831
4942805.280812,42,11043.938556
5752398.20524,47,11044.841091
-1015122.889843,13,11045.089662
-487436.789072,5,11045.180979
5133644.333986,56,11046.247903
5337961.907341,37,11046.974127
-492235.263106,5,11047.071162
-461289.655556,5,11047.168623
-502364.217274,5,11047.264919
4436273.620264,45,11048.107302
-823622.365339,10,11048.295606
5405514.124284,32,11048.901611
-495032.748672,5,11049.00254
-489002.418612,5,11049.095133
-495073.60941,5,11049.186824
5168804.672813,37,11049.858536
-497491.64193,5,11049.949818
5102953.972428,36,11050.597919
-493640.112599,5,11050.694142
-490640.789294,5,11050.780156
-488154.746004,5,11050.876056
-488667.619731,5,11050.968098
-838450.73653,10,11051.14332
-501749.439923,5,11051.2357
4901982.025879,38,11051.925379
-744116.270958,9,11052.082576
5388041.90462,33,11052.701239
-502769.437263,5,11052.791684
4107910.343108,50,11053.770214
4551997.606318,49,11054.717396
-636101.62659,7,11054.854973
5143739.091343,40,11055.639906
-796451.663323,10,11055.828884
-553579.827407,6,11055.95231
5446462.416262,30,11056.521907
-802689.583847,10,11056.714164
4314023.041345,48,11057.625774
5209800.576233,33,11058.279334
-494767.104123,5,11058.379203
5008857.127743,37,11059.114031
-485569.885381,5,11059.203628
5348773.828927,34,11059.8554
-764086.78506,9,11060.025355
5118204.199581,36,11060.714806
5406758.850756,27,11061.219122
-671423.817328,8,11061.37282
-502035.630064,5,11061.463526
-496803.907748,5,11061.560654
-1080565.594739,13,11061.815171
-494043.57645,5,11061.918402
-479904.90352,5,11062.015055
-864784.012879,10,11062.227987
5320631.547208,48,11063.148417
-1316208.496868,17,11063.497017
-488134.006582,5,11063.597063
4902212.918526,40,11064.366307
-492934.648231,5,11064.469345
5373504.454668,36,11065.160223
5020287.879841,39,11065.91888
-666296.294325,8,11066.063233
5405478.262892,26,11066.559714
5916267.877899,54,11067.602172
-487795.478238,5,11067.702302
-724254.452617,9,11067.868724
-485082.863474,5,11067.965853
-797494.603803,10,11068.147344
-499080.345009,5,11068.24476
-775472.909199,10,11068.431429
5340877.22717,34,11069.086909
5279693.6718,31,11069.674525
5412513.137965,27,11070.171654
-627606.754829,7,11070.298685
-809591.935665,10,11070.486855
-630052.981508,7,11070.62023
5426441.018123,34,11071.26242
-522242.943431,6,11071.383534
-825312.49593,10,11071.571213
-480414.273763,5,11071.668412
-485082.467277,5,11071.759609
-482720.452632,5,11071.859325
-811448.186351,10,11072.051818
-554964.196418,6,11072.165056
-859046.006244,10,11072.359293
-481872.478116,5,11072.455838
4930940.281456,38,11073.21981
5514474.028894,41,11074.026192
-494860.242648,5,11074.116524
-788824.851737,10,11074.292327
5389610.720765,28,11074.831891
-782983.396105,10,11075.02548
5074250.989532,37,11075.734442
5224367.293575,77,11077.237543
-452585.25818,5,11077.341753
-887031.650582,12,11077.583016
-459734.789098,5,11077.686423
4739183.788973,38,11078.406923
5333878.659186,30,11078.98853
-924498.931484,11,11079.194837
4584529.061737,44,11080.030804
-496668.404478,5,11080.128017
-496006.056977,5,11080.220615
-698442.852004,9,11080.388761
-455981.261445,5,11080.479706
-823093.581136,10,11080.673782
-490373.050277,5,11080.767015
-887890.061882,12,11080.989634
5000424.155129,36,11081.6613
-501905.80061,5,11081.758556
5396390.219199,29,11082.309369
-502834.272454,5,11082.406393
-850462.708421,10,11082.594714
4663490.559075,42,11083.390188
5411066.2349,26,11083.897566
5087233.11199,37,11084.60617
5409494.56621,28,11085.146006
-584956.340401,7,11085.284896
-519296.397656,6,11085.394246
-501410.339612,5,11085.490633
-495760.183092,5,11085.593747
4972588.871994,37,11086.29134
-738245.21636,9,11086.466977
4102493.554762,50,11087.381406
-495357.3917,5,11087.466402
-908959.787002,11,11087.666443
4824227.595906,42,11088.406123
-490391.060483,5,11088.496877
-928293.590969,11,11088.708663
-462501.260156,5,11088.799936
-502957.113251,5,11088.884807
5746150.574037,47,11089.756955
-799698.323329,10,11089.957076
5247607.868258,33,11090.606234
-498749.479822,5,11090.703074
-501230.374387,5,11090.806662
5358763.804382,35,11091.472345
5396341.535777,28,11092.035564
5109964.968417,33,11092.672154
5094094.422474,41,11093.447841
-556734.86116,6,11093.568983
-497496.964946,5,11093.672007
-488511.97403,5,11093.76914
5540157.594594,39,11094.502154
5701524.838922,62,11095.701834
5426068.695603,28,11096.217449
-492976.51756,5,11096.31374
-487036.465818,5,11096.404765
-480366.780087,5,11096.501926
-480111.029298,5,11096.605005
-518526.297064,6,11096.71399
-789237.19287,9,11096.883954
5181345.303163,46,11097.76228
-502518.28394,5,11097.853477
5202577.232952,34,11098.501732
5818491.671588,82,11100.077651
-739451.528257,9,11100.244586
-621959.099986,7,11100.373796
-492998.220768,5,11100.470854
-493124.918173,5,11100.567758
4499551.652579,45,11101.422497
-650906.946032,8,11101.580336
-696662.134679,8,11101.725802
-1118774.641447,14,11101.985785
5767087.102269,41,11102.761629
-487665.533615,5,11102.863034
5017564.487352,37,11103.573874
-480053.495523,5,11103.664709
-140548.851814,7,11103.806507
-485493.986025,5,11103.895148
-752816.979049,9,11104.065192
-514637.43017,6,11104.179783
-491251.434655,5,11104.270288
5331711.591035,30,11104.846431
-919148.496014,11,11105.064751
-978729.184056,12,11105.294421
-494117.226329,5,11105.392146
-500416.844545,5,11105.483286
-493724.80068,5,11105.57964
-446622.135512,5,11105.676865
-111772.066961,7,11105.809623
-889218.981135,12,11106.039997
5378035.272261,28,11106.597621
-698284.681922,8,11106.742929
-483927.058752,5,11106.83994
5116455.010275,44,11107.670611
-612314.788749,7,11107.79761
4943702.132086,37,11108.500236
5265297.960608,56,11109.567242
-768799.605595,9,11109.731153
-502167.182525,5,11109.827888
5178989.795979,40,11110.577724
5013159.005628,36,11111.245399
-487762.422856,5,11111.342364
-489821.269752,5,11111.439273
-463977.947581,5,11111.530582
-892983.120846,11,11111.748748
5303717.650055,32,11112.342213
-616258.217474,7,11112.477162
5203950.974612,34,11113.136528
-502822.651418,5,11113.233459
3976520.514561,59,11114.354839
4155135.400934,53,11115.372236
-934424.060531,12,11115.609031
-485104.912867,5,11115.699831
-492856.235155,5,11115.790308
5032140.806908,45,11116.632646
-521723.807196,6,11116.748325
-494539.019923,5,11116.844979
-741906.682166,9,11117.014504
-489368.353651,5,11117.111727
-948601.116457,12,11117.342336
4453471.007639,46,11118.214712
-748318.279973,9,11118.39021
-483239.202953,5,11118.484335
-489969.896436,5,11118.584273
-489443.589436,5,11118.681154
-487733.006449,5,11118.772208
-739557.364376,9,11118.948241
5390928.463102,31,11119.547664
5366588.303444,33,11120.172021
5442833.625801,27,11120.675193
5280334.912994,32,11121.280963
-488525.998011,5,11121.384011
5147346.967242,32,11122.001977
4995850.432254,38,11122.722896
-494287.545197,5,11122.825829
-644593.289105,8,11122.977379
5233184.620366,35,11123.643974
-721818.734098,9,11123.819981
-516063.200063,6,11123.935101
4929248.153602,63,11125.189761
-486436.074542,5,11125.286124
-480487.056216,5,11125.389456
5042722.701931,38,11126.104724
-485659.957992,5,11126.1956
-712080.788839,8,11126.346949
5409372.894609,27,11126.850014
5178021.865874,35,11127.504995
-625958.547572,7,11127.643421
5721468.93746,44,11128.474068
4024722.144294,52,11129.449325
-717871.546119,9,11129.631439
5661519.029222,50,11130.546358
-480050.600242,5,11130.636922
-493167.122108,5,11130.728251
5108228.662087,38,11131.413258
5026119.908559,49,11132.32179
4861563.226845,39,11133.097553
-494537.290145,5,11133.182128
-511180.40455,6,11133.297897
5378969.297832,28,11133.843552
5391445.87556,27,11134.340214
5182600.473283,39,11135.085189
-741491.909249,9,11135.249071
-718603.142013,9,11135.412595
-489926.53637,5,11135.509277
-917882.739603,12,11135.74021
-718162.334515,9,11135.915634
-498750.490666,5,11136.021154
-1012444.693081,13,11136.266673
-552628.082845,6,11136.37624
-808066.978672,10,11136.576007
-918734.809249,12,11136.806367
4497862.750924,48,11137.721661
-519016.215421,6,11137.824609
5286685.795078,37,11138.484933
-852353.982219,11,11138.685168
-517503.481495,6,11138.793665
4331076.120872,47,11139.654543
-734770.224839,9,11139.824215
-479366.474408,5,11139.915049
-503356.323546,5,11140.005623
-485644.506773,5,11140.103314
-802914.877393,10,11140.28438
-481858.6368,5,11140.387374
-494668.908039,5,11140.484438
-766038.226785,9,11140.660512
4954891.675334,38,11141.40593
-1007068.579974,12,11141.636169
-503182.098702,5,11141.732757
-478778.522846,5,11141.823765
-481901.229502,5,11141.914804
-501071.388186,5,11142.011812
-1226601.612257,17,11142.335888
-1055453.170132,13,11142.575586
-508978.703138,6,11142.696543
-488798.986439,5,11142.793343
5169018.50775,38,11143.52068
-461694.987756,5,11143.623762
4876323.044758,37,11144.323436
5367652.791895,33,11144.948471
-489881.632581,5,11145.04179
5892829.475435,63,11146.256371
-777866.384762,10,11146.441715
4406382.853955,47,11147.341236
-919160.624298,11,11147.543984
-488550.693341,5,11147.641428
-966195.259738,12,11147.883847
4730126.789911,53,11148.890505
-487782.920352,5,11148.980287
4888992.671046,38,11149.684
-748700.137763,10,11149.877608
-707818.529429,9,11150.053058
-822978.464593,10,11150.247021
-491352.381998,5,11150.34391
4197846.14938,57,11151.448637
4866295.390658,38,11152.162915
5082965.830417,37,11152.864903
4138088.373356,51,11153.840541
-623932.079187,7,11153.973868
5032907.881689,36,11154.658877
-491076.990085,5,11154.756194
4867335.945478,40,11155.512892
-497468.689799,5,11155.615821
5228600.247414,30,11156.192177
-500455.253803,5,11156.288651
5144837.895202,37,11156.937062
-480275.563715,5,11157.028199
-461030.337388,5,11157.113514
5349116.288425,36,11157.779234
-815597.477243,10,11157.956171
-500197.347569,5,11158.039915
-1148727.646744,14,11158.300766
-891249.439244,12,11158.524959
-962920.062645,12,11158.753689
5027729.744006,40,11159.524705
-481132.189115,5,11159.615377
-500662.299836,5,11159.712805
5380670.933525,48,11160.651527
-494946.643016,5,11160.755085
4955266.087986,36,11161.457711
5261397.098885,32,11162.063439
-481217.360096,5,11162.162845
4548686.318499,46,11163.053425
5378959.060832,29,11163.635792
4922747.337477,58,11164.78061
-495454.613471,5,11164.870701
3988316.137275,55,11165.939011
4329333.088995,48,11166.872254
5233443.876453,34,11167.518166
5428850.242012,25,11168.002846
5356479.667202,32,11168.65781
-700549.474984,9,11168.826564
-520574.789786,6,11168.942049
5112612.422705,34,11169.57646
-492647.187208,5,11169.676503
5371587.783166,33,11170.305019
-838269.968037,10,11170.487833
-489147.350352,5,11170.584296
-496682.994574,5,11170.677521
4918262.153194,37,11171.372063
5326236.832941,29,11171.929256
-720057.930025,9,11172.111343
-818053.52107,10,11172.305211
-921147.702245,12,11172.535172
-754237.875185,9,11172.71071
-479919.543889,5,11172.814269
5215483.55605,33,11173.444626
5412555.391,25,11173.947505
-502757.864514,5,11174.03826
5426428.164142,26,11174.57164
-490386.836664,5,11174.668567
4910277.73341,37,11175.385725
5354695.518588,39,11176.141023
-501111.335195,5,11176.232154
-786513.193471,9,11176.407866
5391071.528441,34,11177.086629
-497636.770795,5,11177.177477
-499537.309624,5,11177.27411
-493613.641384,5,11177.365185
-994339.782535,12,11177.595125
5421228.680331,28,11178.140623
4969532.399817,43,11178.971061
5260585.30621,36,11179.685986
-813843.311044,10,11179.903944
-774949.147622,9,11180.067698
-837484.549657,10,11180.279822
-496420.96357,5,11180.376657
-481032.17319,5,11180.468067
4894149.849073,41,11181.267375
-481828.19179,5,11181.37125
-906781.285951,11,11181.583047
5377536.756739,35,11182.255827
-617664.004609,8,11182.425216
5479446.873258,41,11183.206498
-770888.328984,9,11183.388665
-491409.524811,5,11183.491769
-502769.455811,5,11183.588812
5050987.550254,37,11184.292652
-477606.392191,5,11184.394901
-716793.36595,8,11184.558307
-672155.447235,8,11184.709738
4456111.022312,46,11185.648962
5373063.971244,31,11186.255068
-825549.870509,10,11186.442898
5038169.726372,35,11187.121708
5295197.704228,34,11187.776232
-490268.119368,5,11187.873314
-1219595.717093,16,11188.188229
4983823.609683,38,11188.91528
-488360.663182,5,11189.018378
-494841.115948,5,11189.115097
4885423.364898,38,11189.860496
-610377.592136,7,11189.987834
4523701.812838,59,11191.169838
-558878.313456,7,11191.309069
-639094.825141,8,11191.460126
5320583.315841,34,11192.126817
4552216.512901,44,11193.017992
4133077.807229,58,11194.157185
5425493.849321,57,11195.236
-602629.017188,7,11195.381559
5185167.854975,54,11196.444847
-492204.971098,5,11196.533616
-483184.748084,5,11196.631165
-488150.23221,5,11196.721804
-745456.354508,9,11196.896225
-648092.992674,8,11197.05732
4766049.725725,53,11198.053784
-492942.142478,5,11198.150623
5153926.577607,38,11198.884118
5005661.652889,37,11199.587039
-650616.628703,8,11199.744558
-823388.069956,10,11199.932118
-618935.29023,8,11200.090052
-482751.487665,5,11200.180654
-497349.91326,5,11200.26538
-473766.372907,5,11200.356096
5436939.408853,39,11201.083861
5249039.326797,36,11201.732182
-571646.888568,7,11201.865266
5098399.934309,52,11202.853767
-863604.311604,11,11203.083498
-508226.999661,6,11203.207095
5421831.369869,25,11203.697954
-568973.358018,7,11203.828948
-782092.571746,9,11203.992066
5123826.340526,36,11204.658602
-486385.358111,5,11204.756062
5069245.761134,35,11205.428273
5259805.061355,43,11206.270984
-493973.957616,5,11206.361845
-708811.000419,8,11206.531715
5256442.503948,33,11207.161999
5677658.892576,67,11208.452501
-578073.569431,7,11208.586043
-716581.960537,8,11208.750529
5376642.318765,31,11209.328593
-490990.351671,5,11209.433817
-492129.586871,5,11209.524788
4681311.748589,42,11210.324657
-611805.299065,8,11210.48255
-503403.377314,5,11210.579445
5262323.824187,32,11211.191421
-727493.767465,9,11211.373393
5330048.227037,31,11211.967289
-1037974.734,13,11212.233778
-480813.900547,5,11212.337274
-654868.737173,8,11212.48831
-496844.121136,5,11212.59162
5346349.925098,44,11213.421157
-484948.894789,5,11213.530962
5126166.439633,38,11214.282099
-590454.36713,7,11214.421204
-488527.45212,5,11214.518112
4909729.818887,36,11215.215126
5373997.272316,29,11215.748572
-700693.09354,9,11215.918712
-623492.823344,7,11216.057693
4737931.734895,44,11216.893901
-632997.630158,7,11217.014749
-548256.852836,7,11217.148068
-479944.696282,5,11217.245522
5249477.108227,35,11217.900064
5203449.451639,33,11218.639058
5432650.80827,28,11219.141793
-499323.906226,5,11219.232729
4527100.754488,44,11220.071853
-632897.744826,7,11220.208721
-501465.727751,5,11220.305827
5293155.990437,32,11220.960615
4810996.025688,39,11221.676341
-496140.03093,5,11221.759934
-476522.137712,5,11221.86903
4786395.682944,43,11222.96601
-483100.759157,5,11223.075071
-623941.053131,7,11223.214323
-475447.342428,5,11223.317042
5395637.064064,26,11223.802507
5376883.416515,30,11224.347365
-854209.318619,10,11224.52295
-480065.348039,5,11224.61418
-492696.063914,5,11224.711298
-491591.607455,5,11224.826451
-497548.202346,5,11224.916967
-477524.917359,5,11224.995677
5294937.499536,33,11225.650472
4938140.765269,37,11226.359612
-785338.144809,9,11226.559565
-496982.028525,5,11226.68387
-498836.731238,5,11226.798367
-961457.454612,12,11227.031923
5416220.843237,24,11227.474378
-731786.391523,9,11227.632326
5322387.249048,30,11228.165009
-486816.19158,5,11228.249872
-494844.651557,5,11228.341014
4931287.951178,40,11229.068309
4930539.575417,41,11229.843442
-494461.734844,5,11229.946645
5709349.57663,38,11230.698417
5245004.372604,62,11231.916009
-473633.64003,5,11232.007019
-557881.606649,7,11232.134228
-807990.91251,10,11232.334674
-491761.132074,5,11232.425527
4502561.057888,45,11233.24945
5156136.68093,36,11233.952181
-495010.579408,5,11234.055651
-502491.735489,5,11234.182921
5364503.780082,31,11234.782696
-712448.646714,9,11234.958026
-787161.055317,9,11235.15201
-742467.36741,9,11235.352731
-477691.684753,5,11235.455417
-731149.444685,9,11235.638436
-485881.882602,5,11235.727957
4710307.865389,41,11236.553858
5018982.246311,36,11237.19501
4927835.277622,38,11237.880223
-481990.001232,5,11237.98797
-490944.660254,5,11238.073078
5391290.904142,57,11239.139359
5339556.212707,34,11239.764139
-491194.862244,5,11239.861045
-484452.212129,5,11239.952082
5287723.524156,37,11240.630563
-495266.836761,5,11240.751326
-492278.410233,5,11240.848946
5850398.047069,63,11242.036084
-491129.238866,5,11242.120924
5066311.649677,37,11242.823735
-784276.049398,9,11242.993838
-618991.204716,7,11243.115574
-1218171.909798,15,11243.394191
-844364.319525,10,11243.582104
5346952.449316,34,11244.199735
-488064.309167,5,11244.290627
5114529.724191,36,11244.994317
-519864.852319,6,11245.102598
3859266.456016,53,11246.126788
5425853.76974,27,11246.654236
-691795.932868,9,11246.83565
-889110.640256,11,11247.0599
-788072.496591,10,11247.260198
5340475.942091,36,11247.944876
4868000.187833,41,11248.829567
-800568.154376,9,11249.047829
-1001111.734077,13,11249.34932
3701120.921168,60,11250.436776
5431746.17235,45,11251.283604
5568870.582138,54,11252.319512
-723544.747821,9,11252.490571
-613580.864973,8,11252.642994
5258333.992819,32,11253.272062
-611483.314869,8,11253.434278
5211596.245966,34,11254.126078
-591386.550252,7,11254.249441
-484155.592958,5,11254.342511
-882083.822004,10,11254.515994
4787391.646455,42,11255.320229
5205599.346593,39,11256.083261
-615033.829711,7,11256.210712
5251882.243662,35,11256.877052
-762493.125404,10,11257.071279
5582750.293676,39,11257.797654
-709263.5493,8,11257.944551
5322644.821139,32,11258.553335
5272285.226559,33,11259.15841
-757817.489392,9,11259.331145
-658731.317268,8,11259.496567
-668153.755391,8,11259.665189
-728511.681171,9,11259.837159
4350085.93328,48,11260.715731
5249575.473507,32,11261.275006
-772959.495536,10,11261.461417
-486867.763412,5,11261.559793
-480522.831835,5,11261.674987
3934731.74151,54,11262.787075
-497477.299453,5,11262.911776
5256965.170482,36,11263.672526
5389412.240313,27,11264.181625
4467892.962598,67,11265.397887
-627585.373401,7,11265.535964
-498154.58191,5,11265.626549
4684784.92381,43,11266.485536
-481037.783432,5,11266.580463
-490022.72713,5,11266.686806
3871588.539915,57,11267.989086
4214437.18788,49,11269.096797
5627035.527145,57,11270.232324
-787009.467986,9,11270.4125
-706630.787007,9,11270.601146
-495274.138505,5,11270.699313
4493159.097997,51,11271.702822
5373218.442436,39,11272.508417
4955130.859267,40,11273.327767
-502589.134163,5,11273.42979
-813437.880356,10,11273.65907
5228537.352535,63,11274.897977
5300145.416698,31,11275.520363
-806756.292934,10,11275.724219
-817540.038293,10,11275.932215
-479254.425322,5,11276.038566
-493518.225025,5,11276.137054
-784231.831018,10,11276.350061
5368419.016706,34,11277.053089
5138160.859634,39,11277.817416
5349896.373234,33,11278.45397
-481491.741021,5,11278.555833
-474736.100614,5,11278.660471
5173577.483079,43,11279.48293
5087490.03403,35,11280.155272
5090400.213891,38,11280.927246
5120552.82326,36,11281.585708
5196478.989994,35,11282.230425
5230708.349288,38,11282.906476
5630514.066783,61,11284.119109
-1021365.846059,13,11284.366613
5257228.092673,34,11285.023557
-844960.481844,10,11285.202287
5818244.373693,45,11285.990105
-476554.962703,5,11286.077926
-496964.594451,5,11286.17007
-606916.947945,7,11286.292415
-502387.900893,5,11286.384067
-801202.108075,10,11286.564198
-474972.161706,5,11286.651164
-637961.345995,8,11286.792243
-497474.857583,5,11286.883148
4955694.49352,36,11287.564708
-570633.802153,7,11287.682585
-497588.217941,5,11287.76735
-598318.42834,7,11287.892293
5411958.684347,46,11288.751541
-787494.1667,9,11288.935315
-814830.95647,10,11289.108635
-477436.096066,5,11289.20054
-597758.657045,7,11289.330851
5355559.287286,30,11289.893612
-526085.538865,6,11290.005582
5410021.954384,30,11290.575538
-743610.250389,9,11290.738929
5075978.211972,34,11291.360616
5345568.95693,50,11292.279864
-493818.365973,5,11292.36738
4272203.428602,49,11293.280524
4473460.398395,45,11294.14105
5305069.766178,43,11294.964111
-485184.351467,5,11295.064168
-482214.276854,5,11295.160778
-502326.083197,5,11295.254996
-499967.318781,5,11295.350945
4634919.732181,43,11296.191439
5305172.465339,33,11296.820311
-502929.205596,5,11296.911546
-572264.493461,7,11297.041845
-502453.789726,5,11297.137046
-502551.981966,5,11297.222373
-499421.6443,5,11297.316621
-502268.274875,5,11297.415277
-711544.095262,8,11297.562803
4558432.797771,48,11298.442152
4351904.596088,60,11299.538299
-479829.110987,5,11299.630522
5363091.775846,32,11300.203221
-506034.641389,6,11300.308296
-486049.30067,5,11300.399208
-723685.336569,9,11300.562814
-579494.534153,7,11300.683673
-494716.407407,5,11300.780591
5271011.970455,31,11301.338492
-718608.096158,9,11301.502137
-487459.891747,5,11301.586545
5404862.837399,47,11302.502264
4141926.340889,49,11303.364481
-517729.48555,6,11303.465782
5190451.536855,42,11304.246793
-552893.28375,6,11304.357175
-472040.944448,5,11304.446838
-465377.733765,5,11304.538189
-462224.257672,5,11304.629385
-730562.147951,9,11304.787654
-489417.154511,5,11304.87191
-768667.032174,9,11305.041492
5407617.991033,52,11305.986452
-483277.138595,5,11306.070974
-936470.942703,11,11306.276936
-493066.303346,5,11306.402818
5160533.655732,34,11307.016263
4947236.317801,48,11307.852975
-495885.493812,5,11307.943422
-481321.864599,5,11308.034294
-223498.792301,9,11308.198344
-481574.858838,5,11308.282757
-496866.086601,5,11308.368184
-935554.1265,12,11308.586151
5263189.368098,35,11309.271554
-767645.597323,9,11309.440635
-619677.627492,7,11309.585803
5411848.861484,23,11310.022134
5385871.292131,44,11310.822024
-662194.965083,9,11311.010439
5059907.028944,37,11311.718837
-759420.95382,9,11311.876369
-476961.571657,5,11311.967219
-603652.206001,7,11312.088445
4294155.082911,47,11312.969686
-645738.764305,8,11313.118724
4251049.714256,50,11314.076484
-495022.595923,5,11314.173298
4821335.763544,40,11314.870004
-483072.829026,5,11314.954754
-501075.872896,5,11315.03969
5383202.445239,28,11315.539095
4311932.999604,46,11316.384917
-678489.530117,8,11316.524298
-518560.79948,6,11316.63949
-473557.244372,5,11316.724385
-491433.147445,5,11316.811039
5373315.395085,35,11317.42724
-708292.969837,9,11317.585588
-709369.565035,8,11317.734584
-484995.2213,5,11317.821065
5416241.278753,28,11318.342328
5392384.67083,34,11319.008837
-491256.259774,5,11319.100466
-489333.211467,5,11319.184994
-499555.301223,5,11319.288281
4747452.373345,72,11320.614748
4257042.697583,49,11321.572202
4139371.65837,51,11322.505786
-797119.284818,10,11322.675071
-477229.161821,5,11322.774834
5081215.569049,39,11323.572328
5362080.747593,29,11324.129743
-482000.596589,5,11324.226465
-485808.716375,5,11324.317454
-482795.21944,5,11324.408256
5385133.718244,32,11325.008278
-489340.395618,5,11325.093799
3901193.550952,57,11326.111
-489957.858471,5,11326.214676
5323119.988292,30,11326.741236
4942831.899836,40,11327.438208
4910598.575714,37,11328.147712
4484297.424438,46,11329.019949
-475700.555248,5,11329.11062
-684269.246981,8,11329.25699
4823589.476088,40,11329.995445
-489763.110331,5,11330.081158
-499245.105845,5,11330.177575
4882397.883932,65,11331.455844
-486715.565198,5,11331.544405
-559193.284924,6,11331.650054
5337805.105237,30,11332.159569
-474033.886823,5,11332.250171
-616118.1687,7,11332.370841
-496884.964959,5,11332.456032
5264950.020922,31,11333.019503
4481291.864533,48,11333.924629
-633809.916921,7,11334.061539
-969603.841359,12,11334.281242
-676711.271813,8,11334.432658
4499576.599173,63,11335.619107
5148687.004252,37,11336.310172
5407618.317332,28,11336.897937
-765853.677394,9,11337.067456
5406487.498081,30,11337.661104
4344320.09019,48,11338.558524
5348545.313842,32,11339.221278
-477945.267992,5,11339.32151
-743299.179227,9,11339.49512
-1018362.844911,12,11339.731809
5305180.620007,40,11340.515743
5189705.821216,40,11341.260395
-569996.546615,7,11341.387282
4106262.110159,78,11342.860854
5406294.042665,73,11344.369858
5038528.750214,37,11345.052124
4571729.978982,43,11345.903896
-481733.19686,5,11346.01001
-468958.77647,5,11346.102971
-499476.763251,5,11346.187917
-482526.480482,5,11346.278471
-869137.298109,10,11346.472755
4574196.861428,61,11347.623729
-986382.982769,14,11347.870549
-492966.92469,5,11347.972386
5299723.327761,40,11348.714483
5158096.653528,34,11349.326634
4106907.679395,54,11350.370681
4188648.426799,48,11351.33869
-499859.966992,5,11351.423831
-483247.933931,5,11351.520751
-555602.155592,7,11351.668283
-838299.93992,10,11351.879727
5333550.921408,30,11352.472279
-498632.452942,5,11352.562822
-490766.655029,5,11352.641258
5078377.046763,39,11353.335286
-503238.199377,5,11353.419757
-995785.36725,13,11353.653652
5339603.995403,33,11354.265573
5564365.826601,49,11355.199248
-955047.342209,12,11355.429216
-665888.296849,8,11355.586874
5423217.64181,29,11356.125959
4994102.629475,36,11356.804362
5177144.34516,40,11357.580387
-767007.809639,10,11357.774935
-528222.148091,6,11357.889097
5370561.245776,32,11358.495323
-801580.412493,10,11358.667803
-672449.785656,9,11358.84271
-493501.71958,5,11358.931932
5291025.495313,33,11359.507526
5080011.209925,36,11360.131447
-502603.907167,5,11360.222569
-781204.68342,9,11360.374506
-738516.279153,9,11360.538512
-502584.258661,5,11360.636616
5690807.261774,61,11361.725152
5410631.357304,31,11362.270699
4908647.748524,38,11362.936941
-477092.510915,5,11363.021816
-491801.403914,5,11363.112841
5645997.132508,40,11363.82814
-775857.87958,9,11363.99736
4936751.27494,39,11364.688684
-493067.262171,5,11364.780025
5235342.189325,33,11365.367069
-809522.842514,10,11365.550771
-730625.694026,9,11365.713751
-1420009.019245,18,11366.039636
-491664.729119,5,11366.137273
-486534.950022,5,11366.233785
-480956.419906,5,11366.336505
-495890.720674,5,11366.439862
5207604.348029,49,11367.373471
-906965.297259,11,11367.575163
4973620.798821,40,11368.300306
-678873.110202,8,11368.439806
-785708.194121,10,11368.60905
3849269.264537,56,11369.590979
4377786.237379,45,11370.385065
-775937.746182,10,11370.560298
-481125.722611,5,11370.657334
-831178.534955,10,11370.829434
5427613.24757,27,11371.312094
-806199.117637,10,11371.500612
5359529.430308,35,11372.162972
5388485.673324,28,11372.675876
-502705.525585,5,11372.774834
-483763.64329,5,11372.863404
-502414.775402,5,11372.962672
-731688.205357,9,11373.12366
-905069.791764,11,11373.324112
4947620.979965,37,11374.020595
5297972.053186,38,11374.723593
5180571.103711,36,11375.39002
4743264.709155,41,11376.220193
-494977.042068,5,11376.303566
4139287.142064,49,11377.202429
-944633.736804,12,11377.418283
-502643.217287,5,11377.505225
5439310.126828,39,11378.178185
-629173.716842,7,11378.292751
-470865.653892,5,11378.383638
5032737.017074,39,11379.076708
-497002.768626,5,11379.166843
-744244.349729,9,11379.329002
5282884.883279,32,11379.922945
5202447.622517,33,11380.522819
5230302.700915,48,11381.463179
-656854.975272,8,11381.601882
-497976.448871,5,11381.700921
-639575.884197,8,11381.864327
-861362.638248,10,11382.043843
4722390.878982,42,11382.822003
-926495.824286,12,11383.063812
-672381.36223,8,11383.219801
-680661.516832,8,11383.399688
5601507.683894,41,11384.328876
-501953.184344,5,11384.426085
-522565.431018,6,11384.546893
-1071219.080889,13,11384.783061
5098403.819554,43,11385.531356
-655171.12556,8,11385.674057
-773632.997431,9,11385.849764
3403214.058922,61,11387.067984
5640820.815958,54,11388.092333
-565550.317415,7,11388.213969
-502298.645413,5,11388.297949
4784905.063657,40,11389.049048
4692890.929236,44,11389.92282
-708111.675858,9,11390.128262
-502663.54726,5,11390.228219
-704682.33979,8,11390.370694
-661193.059045,8,11390.522867
4018900.037321,53,11391.530538
4937388.456305,38,11392.289964
-495817.594617,5,11392.381101
-502959.340483,5,11392.47294
5274054.714195,37,11393.163846
5251577.359415,34,11393.776229
4816351.135128,40,11394.534063
4982058.951389,37,11395.230285
-477328.366397,5,11395.327088
-735113.155264,9,11395.496881
-494947.966984,5,11395.587905
-923626.995644,11,11395.791978
-740084.377397,9,11395.958097
5314815.560247,37,11396.642455
-486010.316677,5,11396.739725
5131973.221728,35,11397.418442
-453473.774532,5,11397.521468
-776700.947547,9,11397.703463
-493375.881218,5,11397.818119
5279972.810557,41,11398.617714
4497225.230181,45,11399.490796
-492467.760615,5,11399.587427
-492405.596047,5,11399.684802
-784191.712113,10,11399.866745
5230043.658882,34,11400.514566
5307380.402642,36,11401.21139
-489544.670652,5,11401.308767
-793184.344795,9,11401.484189
5337740.460169,33,11402.114532
-700025.642198,9,11402.27824
-451572.565421,5,11402.387363
5299501.064746,32,11403.043844
5142383.478601,35,11403.739103
-882084.334537,11,11403.950377
-494647.213089,5,11404.053729
-499104.726038,5,11404.150778
5036494.987896,38,11404.877754
4492747.085698,45,11405.792611
5269714.396363,37,11406.507565
4923449.5981,40,11407.30147
4998889.170899,38,11408.05684
-799018.350627,10,11408.253042
5408464.673643,27,11408.789788
-1079072.461668,13,11409.053194
4281887.799646,51,11410.06192
-496397.508417,5,11410.156051
-502642.195094,5,11410.253261
-692705.928157,8,11410.410442
-473122.119665,5,11410.519377
-541949.227662,6,11410.629232
4953759.679676,36,11411.335235
-477880.188265,5,11411.430679
-485039.333646,5,11411.525571
5317465.547269,36,11412.242519
-482619.17387,5,11412.337626
-482861.249964,5,11412.44375
-483765.682355,5,11412.531633
-487392.499585,5,11412.637741
-496211.906688,5,11412.731704
-517323.006699,6,11412.840185
-486237.354655,5,11412.931044
-602472.413318,7,11413.058765
-494100.78267,5,11413.155828
5340609.834933,31,11413.725312
-732415.697911,9,11413.882535
5091583.104973,35,11414.519213
-498572.514833,5,11414.615881
-219561.338773,14,11414.871505
4968908.823922,38,11415.603756
-985701.084571,12,11415.836659
-679146.285027,8,11415.997779
-802054.455323,10,11416.191349
5028644.611061,43,11417.046379
5235728.153881,33,11417.68214
5338354.326569,40,11418.436683
-824763.748046,10,11418.616336
4950905.463218,56,11419.748976
5288870.450518,30,11420.342748
5371687.624238,35,11421.067832
-783392.753114,9,11421.257793
-1071498.399774,13,11421.507289
-491557.572918,5,11421.597246
5347168.95958,32,11422.242991
-1075366.982551,13,11422.493674
-1079271.533214,14,11422.79683
-512779.261735,6,11422.918232
-500204.469859,5,11423.022231
5607680.282728,54,11424.093713
5684123.563805,52,11425.127331
-480855.752004,5,11425.228948
-490421.668777,5,11425.335967
-736936.086079,9,11425.499863
-494078.259996,5,11425.602457
5400011.003547,29,11426.154394
5274622.521742,34,11426.863133
-778623.110839,10,11427.082978
4107073.835822,50,11428.057073
-624483.259971,7,11428.192947
5370788.865073,29,11428.71095
5141455.936456,36,11429.391535
5279134.091691,35,11430.044397
5253017.344633,36,11430.729523
-800753.952985,10,11430.917438
-482533.17539,5,11431.013994
-516286.932869,6,11431.141409
-847125.434665,10,11431.341639
5037228.146812,37,11432.062515
-501355.921223,5,11432.165792
-499929.170487,5,11432.269435
-493619.816783,5,11432.359766
-681936.363088,8,11432.528737
3879962.206943,57,11433.631535
-484595.245351,5,11433.736892
-459337.174583,5,11433.826322
4280737.268349,51,11434.838073
5322131.26707,42,11435.692295
-502524.772787,5,11435.81374
-488438.741414,5,11435.904825
5382147.249022,29,11436.495926
-845844.795097,10,11436.698059
-475085.117127,5,11436.792855
-702175.300431,8,11436.946971
-629878.401782,7,11437.098943
-619752.587458,7,11437.244064
5218851.995875,36,11437.946435
5246594.730538,36,11438.69381
-976659.302534,12,11438.922137
-490550.125911,5,11439.02521
-624377.261899,7,11439.176589
-496192.735582,5,11439.285681
5376504.874846,30,11439.885852
-480482.639042,5,11439.970485
-772187.393189,9,11440.158261
-1053085.024302,13,11440.43144
5399242.271958,26,11440.970941
-490123.446466,5,11441.067291
4926027.382047,40,11441.885642
4864477.862468,38,11442.648947
4838004.3802,36,11443.36393
-498076.804695,5,11443.461358
-459935.795592,5,11443.570093
-585412.527748,7,11443.709948
-476380.022913,5,11443.806365
-482193.919734,5,11443.89759
5268517.165146,52,11444.964266
4975538.899316,39,11445.752452
-485878.686322,5,11445.848511
-1116482.426867,15,11446.12779
5264607.454213,34,11446.812238
-672307.383099,8,11446.981867
-874649.240999,11,11447.213541
5573915.739018,37,11447.939541
3895989.966276,55,11449.036144
5140816.832953,45,11449.921305
-495340.230392,5,11450.031744
-515990.385034,6,11450.157537
4899354.732108,39,11450.945203
-885835.789399,11,11451.169373
-749913.402365,9,11451.344819
-481504.904864,5,11451.442051
4340879.604548,43,11452.314888
-480049.938318,5,11452.417696
4859091.836656,62,11453.655532
5393828.244329,30,11454.238353
-489797.939592,5,11454.332773
5332924.306922,37,11455.089805
5365459.115302,35,11455.774929
5309262.167792,41,11456.590171
-497323.048773,5,11456.685009
-502226.481985,5,11456.781699
-715052.171349,9,11456.956461
5331019.23659,39,11457.704682
-597477.836827,7,11457.822939
-609126.846365,7,11457.950212
-499983.793679,5,11458.035398
-488211.090084,5,11458.124559
-493196.603816,5,11458.223029
4435381.773124,45,11459.035238
5430284.566392,42,11459.804672
-501506.916806,5,11459.895267
-505713.897594,6,11459.998312
4226000.602291,48,11460.950089
-484356.523924,5,11461.046875
-776587.740892,9,11461.223994
-497772.342889,5,11461.313363
-500508.88006,5,11461.410521
-785332.797033,10,11461.598394
5400843.941723,33,11462.198566
4776648.933672,47,11463.095458
-493888.170414,5,11463.192606
-952525.038884,12,11463.41666
5206823.683922,31,11463.991803
4897704.790775,37,11464.689237
-494653.490899,5,11464.788557
-570679.457543,7,11464.921766
-668550.046042,8,11465.082516
4465991.512252,45,11465.949135
-502648.725174,5,11466.046085
-725966.39976,9,11466.222533
-614918.806502,7,11466.349107
-479729.837482,5,11466.434294
5164944.747837,35,11467.118935
-491763.522754,5,11467.210354
-806928.062576,10,11467.403879
-770128.614575,9,11467.569947
-481794.066519,5,11467.658799
4828560.465567,42,11468.448544
-700383.091285,9,11468.627575
-916551.331847,12,11468.870398
-474883.002808,5,11468.962667
-785842.846992,9,11469.133571
-140647.177914,8,11469.294598
5424950.329776,25,11469.785051
5083729.884742,34,11470.427878
-494999.941544,5,11470.530799
5361538.124462,29,11471.082085
-740507.595188,9,11471.251819
5174909.544073,35,11471.942897
-521959.799239,6,11472.05809
-613052.18753,8,11472.216146
-492787.658708,5,11472.318495
-454399.644827,5,11472.409358
-601195.777952,7,11472.542808
-495475.802241,5,11472.633171
-806968.616819,10,11472.827158
5306234.234843,33,11473.439386
-817985.654186,10,11473.627493
-494921.983045,5,11473.736982
4394256.631533,45,11474.568528
-828988.738225,10,11474.754521
-500393.778891,5,11474.852729
-478621.634917,5,11474.954587
-799134.024087,10,11475.148389
-483622.984785,5,11475.251297
-502514.353507,5,11475.348502
5447429.007114,43,11476.190734
-487736.237728,5,11476.28779
-467309.352298,5,11476.37841
-502769.827199,5,11476.471444
-489907.256267,5,11476.566396
-492131.16736,5,11476.663012
5305881.451947,31,11477.269402
5181044.561266,36,11477.937723
-1249879.059466,17,11478.257191
-501095.216668,5,11478.348179
-725728.621337,8,11478.50587
-493372.407032,5,11478.596727
-500919.329009,5,11478.68747
-494119.031257,5,11478.784313
5285491.464939,50,11479.711521
-496419.30665,5,11479.814455
5413382.637334,24,11480.280946
4868861.811381,39,11481.044844
5117960.536929,35,11481.699093
-640806.099906,8,11481.856862
-483102.650456,5,11481.947833
5385794.844031,29,11482.486863
-842310.395764,10,11482.680819
-798193.522379,10,11482.868322
5396701.569158,33,11483.486558
5335546.123689,42,11484.24437
-1049952.20136,13,11484.478371
-596257.626283,7,11484.60184
-1004962.137683,12,11484.819663
5227033.644759,34,11485.430933
-626982.325632,7,11485.553122
4868544.404147,40,11486.292889
-483158.080335,5,11486.382148
-492488.984421,5,11486.474559
5236537.574365,34,11487.100906
-691121.005996,8,11487.250113
-1039287.552794,13,11487.486216
-773219.24496,10,11487.674063
-721754.072181,9,11487.845291
-496209.182773,5,11487.935009
-696586.380561,9,11488.098504
5268332.962778,34,11488.740928
-562708.39498,7,11488.891219
-461383.313724,5,11488.984131
-488743.458711,5,11489.074169
-507698.36843,6,11489.201531
-817001.881645,10,11489.391909
-649530.029473,8,11489.540878
4048161.415779,48,11490.455535
-880860.693379,11,11490.661777
-487667.190611,5,11490.75881
5287637.344193,29,11491.322094
-495330.358351,5,11491.41905
4693070.361023,69,11492.722109
-648270.649083,8,11492.867928
-655065.349406,8,11493.012531
-951191.163164,12,11493.225448
-487626.521141,5,11493.321786
-727405.610015,9,11493.479779
-828417.837279,10,11493.667689
-487444.953733,5,11493.764651
3782286.724192,54,11494.715595
5389097.469376,26,11495.188192
5387210.063367,30,11495.746069
-502872.28504,5,11495.842731
-692921.81197,8,11495.988366
4517361.894802,46,11496.879177
-487804.754643,5,11496.970006
-494321.323427,5,11497.074108
5253492.030982,33,11497.693409
-962449.492798,12,11497.9215
-734455.479575,9,11498.084862
-499500.158028,5,11498.181932
-499623.033472,5,11498.279646
-488986.609276,5,11498.37617
4973139.074323,38,11499.102831
5148842.262142,36,11499.787637
-486152.522539,5,11499.89227
5373863.548037,43,11500.703551
5067689.513114,48,11501.62992
4727528.734001,44,11502.4893
-573790.644744,7,11502.617791
4652485.740435,46,11503.490199
4550107.597617,44,11504.327457
4393620.543964,46,11505.187834
4819878.832455,41,11505.956578
5104268.866052,35,11506.611349
-476911.361552,5,11506.709309
-461841.957105,5,11506.79926
-473558.116385,5,11506.895875
-630311.21698,7,11507.03561
-707046.893821,8,11507.181267
-492741.198249,5,11507.272689
5373322.822779,59,11508.369054
-488496.516906,5,11508.466007
5366888.523752,30,11509.053191
-576253.8679,7,11509.180433
-474847.73351,5,11509.289614
5053447.284966,36,11509.950383
-493670.527205,5,11510.04137
4715352.483071,42,11510.830802
-496968.544748,5,11510.926066
-501053.66336,5,11511.023498
5129872.014455,34,11511.691637
-497494.053591,5,11511.786265
-569867.786925,7,11511.911429
5132229.429479,38,11512.608221
5027841.059384,37,11513.264742
-736429.397567,9,11513.428712
4717625.910628,40,11514.168051
4051747.477401,52,11515.127886
5254291.418593,38,11515.846447
5391792.123747,33,11516.482618
-499700.857587,5,11516.579968
-489405.083763,5,11516.677351
-441309.514675,5,11516.76794
4212584.302583,50,11517.707575
4901971.094419,37,11518.40959
-588859.595934,7,11518.549475
-722862.167667,9,11518.719273
-476830.714766,5,11518.81136
-822388.547998,10,11518.991324
-484053.758378,5,11519.084946
-635545.881998,8,11519.22492
4801645.05939,41,11519.997663
-498308.167394,5,11520.088398
5006325.045395,38,11520.791857
-485198.657606,5,11520.888052
4725804.270613,43,11521.730507
5183416.586583,34,11522.403305
-604409.846488,7,11522.536867
5029164.715791,35,11523.182485
-869248.831426,10,11523.365059
4308400.255951,52,11524.291292
-448640.166773,5,11524.378647
-461105.188095,5,11524.46958
-492735.55646,5,11524.554857
-418069.295073,5,11524.641694
4139885.984319,50,11525.544196
-161927.544794,8,11525.694065
-500572.177438,5,11525.785282
-967328.746003,13,11526.032963
-493690.783068,5,11526.130512
-888829.055502,11,11526.348098
-483363.051962,5,11526.462302
5347214.684769,37,11527.166826
3897096.149608,53,11528.141788
5273561.6594,33,11528.778531
-479230.683417,5,11528.868946
-1210261.508964,15,11529.148075
-682688.659566,8,11529.300097
5419436.794488,23,11529.717784
-960915.39756,12,11529.935995
5014873.757861,36,11530.610168
-704290.388566,9,11530.77863
5190441.37554,36,11531.457086
4063215.424138,51,11532.420122
-474776.135742,5,11532.517486
-482059.799146,5,11532.608253
-493444.498445,5,11532.700352
-480059.510112,5,11532.790107
-494538.957644,5,11532.881282
-502377.959941,5,11532.983684
4135659.266539,54,11533.989546
-489035.556575,5,11534.086802
5365671.444685,31,11534.668529
-492846.956419,5,11534.7597
5218002.688232,38,11535.480546
-490723.527829,5,11535.571598
-477615.974918,5,11535.675114
-854642.963968,10,11535.857574
-491849.271427,5,11535.940944
-495709.544626,5,11536.026361
4336863.302571,47,11536.858908
-854199.379294,10,11537.03775
-719798.72731,9,11537.19561
-525969.705575,6,11537.304358
-448429.71939,5,11537.394858
4869152.775487,38,11538.092736
4587428.98083,52,11539.080751
-612013.674852,7,11539.214999
-497998.006198,5,11539.304414
5236083.804232,36,11539.995256
-645404.226258,8,11540.140642
-669610.929577,8,11540.286642
-490078.2721,5,11540.396286
-1097958.20683,14,11540.655501
-733934.072732,9,11540.82567
5278158.149958,36,11541.498351
-488995.037646,5,11541.601906
-490397.562863,5,11541.692158
-559481.347255,6,11541.811545
-488114.524246,5,11541.906071
-620371.790326,7,11542.038013
-487066.113179,5,11542.128056
-497388.429459,5,11542.225294
-722488.927978,9,11542.393665
-474710.172414,5,11542.488097
-662314.721929,8,11542.631433
-802440.715369,9,11542.794936
5196528.318151,37,11543.491808
-466732.850618,5,11543.583116
4978093.547922,37,11544.242978
-1196968.150782,15,11544.509543
5418279.5873,38,11545.170443
-499069.4413,5,11545.254876
5284526.045309,32,11545.837238
-491198.20924,5,11545.927601
-720592.533578,8,11546.073177
-492872.373108,5,11546.164279
-676062.952378,8,11546.319203
5303927.304362,42,11547.103664
5364995.745238,32,11547.697164
5269029.106898,33,11548.297765
-500479.058088,5,11548.407191
-1007863.476876,12,11548.624521
-665246.679618,8,11548.781954
5036357.655046,35,11549.412499
5241246.288228,34,11549.996853
-460167.51922,5,11550.078714
5095932.34694,58,11551.109267
-494378.616281,5,11551.206224
5275220.237989,36,11551.885025
5373736.667045,47,11552.77322
5309794.274533,33,11553.399991
4301919.248419,49,11554.351012
5314989.012736,37,11555.035665
-905430.314831,11,11555.230159
-496305.031887,5,11555.320509
5376866.536016,28,11555.826701
4588996.103622,41,11556.563111
-704419.876414,8,11556.708092
4911690.111258,40,11557.44134
4826891.069068,41,11558.199376
-501419.541134,5,11558.296076
5344840.596248,41,11559.059984
5221294.706066,34,11559.695632
-492775.674277,5,11559.791411
-498131.871668,5,11559.885186
5319475.701022,29,11560.435278
-520661.797195,6,11560.544682
-500765.239993,5,11560.639387
-492580.513834,5,11560.726671
-787785.025582,10,11560.907966
-496748.240283,5,11560.998885
5117908.785215,33,11561.605329
-762457.661115,9,11561.756566
5259441.291171,33,11562.331699
-486929.339617,5,11562.416826
-497999.418718,5,11562.508883
-832735.433809,11,11562.701366
-864823.946537,11,11562.897217
-502458.458871,5,11562.986187
-712194.652169,8,11563.119915
-501408.779283,5,11563.21189
-686805.443314,8,11563.361882
-478123.232873,5,11563.453959
-480522.797697,5,11563.545353
5163028.270652,33,11564.149877
-628208.175549,7,11564.277474
-499856.633915,5,11564.367916
-882273.014686,10,11564.555902
4986458.164826,39,11565.28913
5305122.253424,38,11566.040602
5326973.667524,40,11566.785913
-501769.74372,5,11566.87066
-497678.813187,5,11566.96815
-1584807.71025,20,11567.349473
-489749.048138,5,11567.446349
-670010.245616,9,11567.628333
-494881.255599,5,11567.719025
5421167.887097,26,11568.220336
-488131.520228,5,11568.313231
-483448.874493,5,11568.410027
-619035.786364,7,11568.543243
4924211.955519,39,11569.277384
5527205.325333,59,11570.409532
5121833.046199,35,11571.076263
-618104.068287,7,11571.216143
-584063.479019,7,11571.349315
-887676.759719,12,11571.568375
4936504.674293,38,11572.24004
-613746.751891,7,11572.379428
-798434.030806,10,11572.562944
-490273.271495,5,11572.651713
-482914.192567,5,11572.744201
4481588.276507,43,11573.49454
-481586.912771,5,11573.584958
5422395.664388,27,11574.076255
-670149.197734,8,11574.220653
5280608.021879,35,11574.858314
-496708.052347,5,11574.961084
-498856.463893,5,11575.047587
-476687.256266,5,11575.148361
-485813.368979,5,11575.239729
5063575.705329,37,11575.936379
-460903.524285,5,11576.027313
-1001528.437058,12,11576.257677
-476810.52507,5,11576.354872
-745105.413548,9,11576.517901
-787613.028843,10,11576.705888
-511340.602963,6,11576.819432
-489633.189853,5,11576.913481
-553754.872645,7,11577.045159
-712321.903105,8,11577.191096
-481711.323337,5,11577.299795
4781137.802489,64,11578.487404
-651704.533781,8,11578.626801
4967335.917641,42,11579.414681
-886623.257368,12,11579.626706
-492944.848083,5,11579.724104
4533532.173449,41,11580.489617
-492927.910974,5,11580.572996
5380341.345759,28,11581.069288
-494593.66875,5,11581.15987
4596089.074969,42,11581.899203
-593523.648279,7,11582.027108
-482920.268878,5,11582.11729
-492989.428045,5,11582.202796
-495183.153777,5,11582.287069
-417547.911383,5,11582.381355
-1100456.404768,14,11582.626631
-792754.725667,9,11582.792326
-483641.709485,5,11582.88331
-502359.115731,5,11582.971828
-843961.420241,11,11583.172172
-497530.818383,5,11583.26291
-753519.607634,9,11583.432356
-698932.277653,8,11583.589863
-646827.507015,8,11583.741769
5253809.133692,38,11584.456307
4519172.316563,48,11585.359372
5415267.517665,37,11586.080366
4911827.615432,38,11586.808172
-835980.484577,11,11587.020367
-897233.433353,11,11587.224808
5203554.072023,33,11587.838375
-461535.125673,5,11587.929149
5093836.692929,38,11588.644242
-502832.905172,5,11588.741243
5344469.263317,28,11589.232322
-1181539.629665,17,11589.534677
5142572.110228,36,11590.191449
-617035.609893,7,11590.316841
-627038.254127,8,11590.462599
3937184.89978,57,11591.541168
-488773.219039,5,11591.631768
-711651.82576,9,11591.795529
-802848.795387,10,11591.979448
5685428.412116,58,11593.067994
-482808.86721,5,11593.17142
5359362.559045,30,11593.764999
5197661.806511,36,11594.46179
5210633.292324,35,11595.128235
-796480.462237,9,11595.305597
5323379.92503,33,11595.918252
5243443.564417,38,11596.641057
5100551.867478,37,11597.3233
5325042.075979,34,11597.952125
-481175.473913,5,11598.051898
-465257.701645,5,11598.142812
-494784.162657,5,11598.231216
-487462.388197,5,11598.321716
-491309.56781,5,11598.412797
-858460.572925,11,11598.60919
-473580.06401,5,11598.703584
-806657.002158,10,11598.891747
-653965.544491,8,11599.036794
4263546.225007,47,11599.860997
5000355.563772,36,11600.503295
4895385.092005,46,11601.35196
5278951.16948,35,11601.993893
-484496.446535,5,11602.084633
5205404.559577,31,11602.6605
4306924.21573,48,11603.581583
5826656.705868,68,11604.848152
5146867.576456,35,11605.484701
5363624.158592,31,11606.02971
-493200.805079,5,11606.120977
-502450.918283,5,11606.211792
-477743.426819,5,11606.302766
-482758.376575,5,11606.394209
-731394.572552,8,11606.533397
-501824.119881,5,11606.61815
-720162.963921,9,11606.787282
-502298.420826,5,11606.878014
5021191.462836,39,11607.580932
-666054.496693,8,11607.726649
-485633.501211,5,11607.818462
-606643.356807,7,11607.944809
4990830.448571,39,11608.667159
-497065.842954,5,11608.760337
4381229.849269,47,11609.635273
-483428.422729,5,11609.720587
-494217.854746,5,11609.818647
-653370.376739,8,11609.968785
-612918.607219,7,11610.108118
-950421.578332,12,11610.337193
-496285.198584,5,11610.429435
-1209632.852107,15,11610.701986
5124536.902876,33,11611.307755
-487230.120563,5,11611.405183
-488922.02386,5,11611.496
-498667.424171,5,11611.586508
5430992.325136,29,11612.126146
5094907.205633,38,11612.823045
4959741.766581,38,11613.562364
-495606.266507,5,11613.653303
4334820.432104,49,11614.575645
4808859.825332,39,11615.259263
-502008.538035,5,11615.349873
-620413.941251,7,11615.47725
-726730.539863,9,11615.634756
-917408.88104,11,11615.822729
-485558.850841,5,11615.919525
-480679.847956,5,11616.012033
-558478.891755,6,11616.113234
5112029.562145,45,11616.931495
5414106.009338,24,11617.374287
5233342.501987,37,11618.052841
4985089.106836,38,11618.779918
-462947.730673,5,11618.870579
-478084.603895,5,11618.967599
5506748.025942,47,11619.87089
-686328.976391,8,11620.02805
4570546.946755,46,11620.906669
-481964.09695,5,11621.003777
-487980.017776,5,11621.106706
-494328.3111,5,11621.197633
-502317.541947,5,11621.294953
5417871.237204,32,11621.900652
-499949.702719,5,11621.992077
-748662.298221,9,11622.161716
5103775.315891,34,11622.797898
4046003.373066,50,11623.748728
-947793.790094,11,11623.973518
5248322.046956,32,11624.561143
-642347.7367,8,11624.706441
5224570.444967,35,11625.373671
-600393.72718,7,11625.506203
-583098.553011,7,11625.633548
3708447.189585,57,11626.701929
4984992.317808,36,11627.385917
5442623.198954,53,11628.366848
-695893.495614,8,11628.518079
-502498.855832,5,11628.615359
-501635.811648,5,11628.712632
-474824.586285,5,11628.803066
4993595.215808,37,11629.494974
5014765.185103,38,11630.222509
5300741.748241,32,11630.823102
-491213.10419,5,11630.911538
-996032.71977,13,11631.148448
5427519.434245,29,11631.689982
4058430.095324,52,11632.645401
-801299.01126,10,11632.828792
-840274.482706,10,11633.019439
-502316.413038,5,11633.111873
4242766.698526,47,11634.093726
-485280.788368,5,11634.194432
4159219.388376,49,11635.172188
4950760.141552,36,11635.880808
-609135.293997,7,11636.014427
-487487.243914,5,11636.111106
5524146.417838,47,11637.020668
-490779.982788,5,11637.123007
-826239.821265,10,11637.311379
-489008.123248,5,11637.407877
-478457.690836,5,11637.510937
-489822.432367,5,11637.608407
4917045.214624,38,11638.368379
-551011.999667,6,11638.502518
-719080.771533,9,11638.693105
-626525.90908,7,11638.832203
-884571.39284,11,11639.056537
5320019.341501,31,11639.674803
3750353.875367,54,11640.771343
-481565.533404,5,11640.868179
5058584.998815,36,11641.571337
-906295.299143,11,11641.777242
-476679.697913,5,11641.880295
-548914.547723,6,11642.00147
-487972.343159,5,11642.102789
4853812.047966,42,11642.952633
4479952.157411,47,11643.904895
-823750.913502,10,11644.091946
-780137.648938,9,11644.28621
-676193.862898,8,11644.458017
-577977.336233,7,11644.588858
-877975.636715,10,11644.783424
-871254.09287,11,11645.013674
5208003.012366,35,11645.697824
5055878.87305,38,11646.430946
-492559.234592,5,11646.527992
-816531.343899,10,11646.716071
5316981.055043,31,11647.315823
-678226.750518,9,11647.491807
-678806.248972,8,11647.648985
-660173.219193,8,11647.800635
5170326.368754,34,11648.440477
5044040.517418,35,11649.094974
5312823.055164,31,11649.679465
-483456.328781,5,11649.776054
4798622.801432,40,11650.552436
-856071.471105,11,11650.782806
-489631.813942,5,11650.88859
4658715.157368,49,11651.897047
-502480.723169,5,11651.994459
5063317.309891,38,11652.696998
-784092.735691,9,11652.878695
-474976.554654,5,11652.97605
-885259.663084,10,11653.174482
-729126.597133,10,11653.382142
5176772.125434,32,11654.038054
5361418.359229,31,11654.66283
4964062.225398,39,11655.418267
-498570.018601,5,11655.514785
4049008.582611,53,11656.526981
5090285.745234,39,11657.302921
4959088.267107,38,11658.090566
-790007.349537,9,11658.272109
5413937.116736,23,11658.720818
5267579.487225,34,11659.393462
4684443.788183,42,11660.235562
4261625.456351,52,11661.250319
-478014.080505,5,11661.344334
-796076.427218,10,11661.550586
-490490.272921,5,11661.647872
-739246.169866,9,11661.830208
-678524.838298,8,11661.975467
-699067.156779,8,11662.126618
-497109.168253,5,11662.223673
4051084.547662,50,11663.205343
4145807.010554,51,11664.229341
-482234.821491,5,11664.331564
-452177.742325,5,11664.435092
4809604.975051,40,11665.204599
5267101.757525,34,11665.871086
-885940.979171,11,11666.107723
-473713.136651,5,11666.211149
-730872.105812,9,11666.398279
-501201.171831,5,11666.516032
5273903.184362,34,11667.162164
5128929.836022,37,11667.928373
5376475.508816,31,11668.5438
3979425.414443,51,11669.567863
-488073.203526,5,11669.667087
5401825.127415,27,11670.206795
-510680.051554,6,11670.321995
5183895.869292,38,11671.083912
5394535.915742,31,11671.69503
-487894.515535,5,11671.791957
5221089.1959,37,11672.525418
-487543.850529,5,11672.615843
4636527.339968,47,11673.549338
4593319.660821,43,11674.394131
-490078.149508,5,11674.482238
5390843.506791,33,11675.162525
-481240.548754,5,11675.264279
-926392.72165,11,11675.488847
5755880.647968,44,11676.334738
-476226.318054,5,11676.429211
-492812.927291,5,11676.531015
-752313.219539,9,11676.719122
5431732.038546,25,11677.209582
-488820.181745,5,11677.30022
-886389.581004,11,11677.506305
-501663.420226,5,11677.607969
4734859.724157,79,11679.162774
5435447.528597,25,11679.663954
-833045.962392,11,11679.875932
5633272.528799,60,11681.049206
-785181.900759,10,11681.227566
-472027.069112,5,11681.336175
-1084545.8163,14,11681.609023
-708415.43016,8,11681.766639
-739726.276433,9,11681.936028
5170176.302738,35,11682.578177
-829887.603483,10,11682.779333
5575740.899944,49,11683.699895
-471153.650794,5,11683.796223
5410375.787828,28,11684.368587
-481381.223773,5,11684.483073
-484245.746202,5,11684.590182
-488200.044103,5,11684.687715
-601612.824662,7,11684.81482
-483270.42274,5,11684.917348
-553650.672333,6,11685.032551
-480951.533148,5,11685.124044
-484084.478713,5,11685.220815
-572872.964031,7,11685.360194
-502010.535207,5,11685.45732
3911532.21273,53,11686.48963
-553135.864482,6,11686.602296
4731233.008558,43,11687.402383
-496189.55852,5,11687.499494
-550092.612822,7,11687.632617
5296992.508289,33,11688.269247
4539659.935533,44,11689.159316
-675656.266555,8,11689.311054
-590438.944727,7,11689.450483
-471331.877837,5,11689.547502
5329181.070641,32,11690.177753
-925204.037563,12,11690.406185
-479193.676072,5,11690.504834
-476130.737535,5,11690.59561
-903561.764345,11,11690.813938
-502552.031682,5,11690.917007
-515463.781965,6,11691.03177
-571960.334361,7,11691.1716
-495101.572405,5,11691.262677
5306949.13218,32,11691.874052
5394622.843739,29,11692.434787
-488216.381412,5,11692.528983
-486187.954392,5,11692.625982
-464315.434915,5,11692.723206
-485937.693981,5,11692.814246
-481577.96383,5,11692.925671
-493060.154048,5,11693.027676
-863828.315021,11,11693.246831
4805254.179528,40,11694.001557
-650999.507286,8,11694.146954
-669034.532432,8,11694.304121
-490675.564374,5,11694.395324
5184960.458609,36,11695.102527
-1009972.270626,12,11695.341449
-481723.645631,5,11695.438374
-494336.186479,5,11710.478578
-619035.64549,7,11710.76276
5723597.310063,45,11711.557281
-502663.689146,5,11711.64271
-805228.372551,10,11711.817162
-503281.006464,5,11711.908384
-807685.843346,10,11712.084163
5406828.783756,29,11712.586807
5470537.901035,32,11713.150418
5196072.131799,35,11713.768549
-498189.73997,5,11713.859899
-589986.765135,7,11713.988785
4133749.792619,49,11714.877831
-1404805.970483,18,11715.216852
5444301.251377,30,11715.786848
-691073.536101,8,11715.938497
5013476.448115,38,11716.635417
5345327.514524,30,11717.192853
4648301.69896,44,11718.028758
-610585.926888,7,11718.156106
-945028.172735,11,11718.356144
-496764.061283,5,11718.447281
-500329.087869,5,11718.543913
-485318.686479,5,11718.635329
-795086.30417,10,11718.816543
5235122.122061,31,11719.398272
5063540.16847,37,11720.089058
-472539.670308,5,11720.17997
5003651.524833,41,11720.894989
-477435.567582,5,11720.986439
5129266.780331,39,11721.665078
5241394.288821,37,11722.367576
-923471.859283,12,11722.611
4266930.527309,48,11723.507264
-718430.212893,9,11723.683236
4945588.27626,40,11724.446144
5413735.367984,32,11725.058578
6064971.24587,81,11726.603478
-655637.108089,7,11726.731026
5015067.815631,37,11727.458352
-690875.080641,8,11727.61555
4838796.225922,40,11728.370262
-710491.734322,8,11728.530498
5412929.384047,30,11729.101871
-502910.77128,5,11729.197053
-502398.641839,5,11729.294415
-712493.423616,9,11729.476487
5328971.431186,30,11730.058254
-490029.807734,5,11730.155164
6250568.880936,93,11731.921322
-499250.843506,5,11732.015321
-486502.391943,5,11732.106142
3836045.522159,53,11733.111904
-710770.148231,9,11733.282081
-486869.756293,5,11733.372911
-484254.8647,5,11733.463877
3654448.702103,55,11734.438759
-489191.681566,5,11734.530144
-789938.059272,9,11734.687792
-695274.041535,8,11734.826873
-484604.433055,5,11734.924572
-498418.437935,5,11735.015981
4998292.737672,39,11735.711321
-501498.535985,5,11735.802263
-495027.987196,5,11735.895682
4884266.18172,40,11736.644878
5000756.777737,39,11737.404843
-493545.517647,5,11737.493405
-486768.808496,5,11737.590505
-502640.667866,5,11737.687392
4203795.737695,48,11738.596043
-491566.3593,5,11738.686873
4203611.200111,50,11739.668508
5240036.392739,32,11740.287285
-483060.950603,5,11740.385333
-502318.869111,5,11740.480989
-705749.102115,8,11740.626366
4616016.454091,65,11741.814052
4798363.530337,40,11742.53531
-481365.800798,5,11742.631821
-481137.888363,5,11742.722621
4842456.777188,39,11743.432156
-702898.849821,8,11743.589282
-775643.830101,10,11743.77756
4910290.95514,41,11744.595666
-485154.471657,5,11744.692949
-476427.730976,5,11744.790063
-627855.678359,8,11744.934938
-483011.519143,5,11745.029048
5325889.730031,34,11745.655748
5309914.931609,31,11746.262063
-697165.92441,8,11746.413818
-483313.236074,5,11746.504119
-487024.189579,5,11746.607469
5393421.600451,30,11747.171599
-731778.655045,9,11747.340781
5390092.060356,27,11747.842126
-805463.781147,10,11748.025709
-785690.241252,10,11748.214865
-811703.008038,10,11748.401438
-733734.964646,9,11748.57719
-493782.482662,5,11748.673621
4034268.270092,53,11749.637084
-483979.426843,5,11749.728293
5442663.829085,29,11750.283545
-503103.66548,5,11750.381359
-898471.238478,12,11750.607484
4496484.113285,46,11751.473825
5440144.03727,28,11752.012452
5492697.996831,71,11753.340058
-1085715.060552,14,11753.600791
-497349.373793,5,11753.697104
-467057.522888,5,11753.788039
-1191750.147648,15,11754.072853
4246973.433097,47,11754.97598
-842239.350142,11,11755.188329
5433165.45305,44,11755.993953
5418386.579322,23,11756.424718
5719748.994731,45,11757.263759
5126373.547041,33,11757.890595
5413113.741674,27,11758.399847
4547749.961283,47,11759.279179
-483249.675053,5,11759.37603
-484051.166974,5,11759.46629
4514746.608065,46,11760.332819
-629129.845719,7,11760.466175
-479116.598602,5,11760.557103
-617394.43402,8,11760.708653
5391620.258939,31,11761.284786
-485882.897516,5,11761.381718
-798262.405227,10,11761.568388
4934882.404018,37,11762.274593
-691179.697816,8,11762.418177
-697557.236181,8,11762.563013
-486906.16838,5,11762.661205
-810254.87976,10,11762.847573
-485385.141447,5,11762.944736
4550623.746103,47,11763.824105
-945346.656193,12,11764.061153
5429620.156989,34,11764.689806
-251842.878895,12,11764.907398
5034543.172359,36,11765.532567
4905335.023166,39,11766.229644
-1034799.521501,12,11766.441221
-487828.735503,5,11766.526025
-501653.681249,5,11766.617204
-713130.950962,8,11766.762416
-893498.600666,12,11766.974489
5412553.587919,28,11767.483387
-483505.196976,5,11767.574465
-502428.031903,5,11767.671808
-500587.657877,5,11767.756137
5366092.684887,31,11768.326181
4956627.590932,38,11769.045402
-472227.461581,5,11769.143156
-502152.417636,5,11769.235001
-538680.517168,6,11769.350136
5185947.444578,35,11769.998634
-500737.198163,5,11770.107283
5122137.335486,38,11770.822836
-894413.223724,12,11771.053257
5108611.464529,34,11771.701486
-490625.588923,5,11771.804831
-806350.714518,10,11772.004189
4253197.984415,45,11772.864696
5344473.86805,33,11773.458438
-822060.019077,10,11773.640823
5695444.882064,48,11774.501165
5279630.278212,37,11775.161299
-477175.649023,5,11775.252568
-469591.506871,5,11775.343078
5303069.868904,34,11775.987867
-479717.038895,5,11776.076791
-492186.556055,5,11776.1726
5234163.86816,32,11776.75928
-475694.227107,5,11776.8524
-667270.082987,8,11776.997746
5079263.619253,37,11777.706893
-488041.680745,5,11777.803858
-501422.39437,5,11777.900363
5231201.187531,37,11778.611849
-585100.090227,7,11778.742763
-484219.333822,5,11778.840391
5405743.966108,36,11779.502378
4234134.976578,52,11780.493977
-594332.372113,7,11780.621667
-488974.356314,5,11780.712837
-624387.345788,8,11780.865363
-765450.896649,10,11781.057786
5074882.102866,41,11781.839616
5002971.828141,38,11782.548563
5321101.782949,34,11783.197175
-487020.884597,5,11783.293708
5391661.365515,28,11783.814853
-890957.20136,11,11784.033298
-717906.781744,9,11784.208946
-599501.721679,7,11784.342075
-824471.713224,10,11784.523984
-495281.40887,5,11784.608851
-649625.670588,8,11784.766679
5313393.315897,38,11785.463169
-786432.17458,10,11785.660926
5417398.785144,26,11786.15402
-603336.353296,7,11786.281282
7827134.336686,205,11790.037485
5216783.742373,33,11790.662529
-896791.659667,12,11790.887354
-495653.368082,5,11790.983857
5335832.271867,33,11791.601826
3950528.412931,52,11792.577458
-514198.927891,6,11792.692554
-489042.750609,5,11792.791091
3722311.109431,55,11793.819764
-824113.677673,10,11794.014118
-620020.483847,8,11794.15927
5211422.376415,35,11794.832278
-801117.335549,10,11795.013522
-501660.130807,5,11795.111163
-502322.775493,5,11795.207713
-502702.820867,5,11795.2987
5016827.708041,38,11795.971283
-822136.791089,10,11796.158867
5672608.486543,47,11797.007299
5313185.269706,70,11798.328222
-680190.96857,8,11798.475908
5244121.28102,33,11799.111061
5242578.504176,34,11799.749486
-740848.690133,9,11799.922201
5160834.521432,34,11800.549605
-498205.398871,5,11800.648755
5122542.222558,34,11801.291579
5184888.007646,38,11802.012969
-1128068.992624,14,11802.292959
5166219.708749,38,11803.019128
-489630.565352,5,11803.109999
5093152.699159,37,11803.788489
-502620.906192,5,11803.879365
5405229.145127,29,11804.420951
-487742.345192,5,11804.509434
-502494.428817,5,11804.602946
5340451.837352,32,11805.194425
-475407.746219,5,11805.287935
5426141.969683,27,11805.794975
5169632.370016,53,11806.782311
-1061047.84092,14,11807.042756
-694598.015293,9,11807.212106
5542372.11115,31,11807.794429
5442062.240675,28,11808.309343
-1026870.052544,13,11808.551708
-785301.854397,9,11808.72128
-487013.450547,5,11808.811939
5435931.79267,32,11809.394509
4529669.425489,69,11810.727131
3917848.881288,51,11811.660532
-482222.776138,5,11811.764365
-500285.439937,5,11811.860014
-461439.609751,5,11811.958893
-481115.838164,5,11812.054283
-1034877.362057,13,11812.296703
3809399.57748,54,11813.286141
4823864.37058,44,11814.144986
-496018.332414,5,11814.242141
4848854.47146,39,11814.981628
-462129.534456,5,11815.078116
-482781.394834,5,11815.175742
5280255.904281,32,11815.793086
-487135.530033,5,11815.884097
-859425.791386,10,11816.083396
4974023.574972,40,11816.853547
4502498.920866,49,11817.78252
-503013.784229,5,11817.865716
4421869.653382,46,11818.704675
-485849.893512,5,11818.798663
-935504.029373,13,11819.016816
-1035293.03526,13,11819.241044
-502237.502448,5,11819.326043
-714639.71595,8,11819.467562
5371531.188934,37,11820.131786
-818900.208059,10,11820.308265
-630439.263398,7,11820.44133
5392075.120791,31,11821.02402
4844655.185141,40,11821.74407
-482269.151102,5,11821.828611
5096547.985604,35,11822.477935
-573737.325105,7,11822.610457
-501956.282421,5,11822.701235
5370490.173848,34,11823.350094
-657876.137028,8,11823.495131
-502642.833193,5,11823.592083
-454717.803219,5,11823.682882
-480063.695802,5,11823.780367
-638493.882574,8,11823.931788
4716589.753476,41,11824.689266
-488514.721202,5,11824.786487
5242310.979137,32,11825.391798
5231226.024086,37,11826.08453
5334511.670803,30,11826.658268
-959555.319678,12,11826.882609
-506583.851653,6,11826.994493
-495719.879863,5,11827.083023
-817162.394975,10,11827.264627
-826631.608108,10,11827.45567
5373572.78661,32,11828.034024
5303925.813269,33,11828.612244
5262096.094559,35,11829.233792
5177013.796388,34,11829.864303
4538381.184399,45,11830.70164
-486192.731318,5,11830.797607
-489282.724514,5,11830.89121
-895262.40894,11,11831.094074
5127022.148296,35,11831.758868
5346897.673733,31,11832.357318
5429183.769434,36,11833.045783
-498849.144384,5,11833.136696
5173057.506103,35,11833.785369
-623486.285943,7,11833.912256
-707500.83125,8,11834.075983
-609469.577488,7,11834.211051
-483949.370414,5,11834.30925
-728161.45328,9,11834.475574
-1112432.147798,14,11834.748801
4525634.395116,43,11835.530389
-502886.247942,5,11835.621262
-804886.116069,10,11835.810964
-939836.619092,11,11836.026926
-487275.18345,5,11836.119884
-761049.51409,9,11836.287439
-473511.552136,5,11836.378768
-481394.187915,5,11836.469405
-484161.929949,5,11836.560942
5353283.364316,33,11837.172182
-474009.280918,5,11837.264409
-488549.098011,5,11837.357784
5811900.525325,49,11838.305407
4465720.995404,47,11839.185917
-726326.383955,9,11839.348021
5192321.323355,33,11839.962718
-583904.290797,7,11840.087959
5068005.66465,35,11840.766009
-1001522.345584,13,11841.014819
5353813.572175,31,11841.584153
-475588.874467,5,11841.687303
-613740.723323,7,11841.826735
-472260.991652,5,11841.923682
-475934.088196,5,11842.014495
-919739.350389,11,11842.226765
5254098.312616,32,11842.844724
5252174.986528,35,11843.505492
-811570.282407,10,11843.706612
-520912.182704,6,11843.826044
-494903.35295,5,11843.926131
5392172.584739,33,11844.541411
-488683.371886,5,11844.638252
-719307.899827,8,11844.801811
-479730.693958,5,11844.893162
-484680.351161,5,11844.995651
-1314387.215028,17,11845.316741
4923751.598305,37,11846.013684
5310293.845849,31,11846.587759
5250099.716848,38,11847.322826
5086418.578163,36,11847.977864
-766132.543803,10,11848.158983
5733707.155093,68,11849.359234
-483998.790998,5,11849.455736
-797419.123917,10,11849.631383
-499350.483412,5,11849.722806
-667447.649806,8,11849.880778
-727946.19307,9,11850.043943
-800091.694377,10,11850.225867
-789353.412111,9,11850.395359
-570996.35383,7,11850.528476
5571257.933244,48,11851.427578
-485744.788396,5,11851.516117
-489799.004756,5,11851.614525
-583710.477318,7,11851.752704
4419566.605086,43,11852.552472
5471252.597972,50,11853.49632
-461621.158598,5,11853.601312
-586193.813368,7,11853.734314
-477237.735465,5,11853.83708
-622343.481239,8,11853.988406
-488993.325993,5,11854.08564
-484367.680066,5,11854.180565
-452003.672995,5,11854.273651
-868532.886758,11,11854.485497
-507332.58105,6,11854.601122
-490496.490154,5,11854.691402
-716312.5339,9,11854.854949
-496077.76507,5,11854.940092
5288946.437117,30,11855.467405
-732613.765107,9,11855.643614
-456782.354478,5,11855.746378
5018861.187287,36,11856.431022
-905372.886117,11,11856.630512
5431716.26585,23,11857.061454
4527968.436991,44,11857.90024
3921230.461875,53,11858.89699
-480568.159,5,11859.036989
-512780.485531,6,11859.146047
-722295.068653,9,11859.32561
-489735.878233,5,11859.424622
-579239.699656,7,11859.545456
5407119.57419,26,11860.032757
-488694.099529,5,11860.128525
-789162.695255,9,11860.30022
-502380.756383,5,11860.395093
-889448.388302,11,11860.612351
4394716.466488,48,11861.560079
-714781.50325,8,11861.709276
-487862.478154,5,11861.806421
-489397.352741,5,11861.903315
-500758.261735,5,11861.994169
5717989.676243,53,11863.013483
5419038.466737,27,11863.503107
-494907.205154,5,11863.593751
-981773.369121,12,11863.823891
5405185.590551,31,11864.41188
5315930.553102,32,11864.993194
-903051.091568,11,11865.199659
-486100.714275,5,11865.292315
-483436.987312,5,11865.379519
4526321.32794,43,11866.150587
-649929.7813,8,11866.296457
5386955.016113,31,11866.85964
-495666.96745,5,11866.956653
-939196.346551,12,11867.175191
-490488.975845,5,11867.271677
4420648.08981,47,11868.132624
-496466.710541,5,11868.22318
-500418.307701,5,11868.320181
-500510.682521,5,11868.411152
5386481.230433,31,11869.035811
5426495.290376,28,11869.581005
-477331.632512,5,11869.677423
4127790.559029,52,11870.653595
-784140.712834,9,11870.823378
-493959.832802,5,11870.913928
-712248.067156,8,11871.059427
-671823.417626,8,11871.222818
-491070.75048,5,11871.316446
-515458.241552,6,11871.429138
-494578.237985,5,11871.526398
5379900.261565,32,11872.116148
-1127289.908735,14,11872.376068
4912297.269097,39,11873.113844
-615092.824085,8,11873.259388
-494936.48821,5,11873.358077
-478849.577634,5,11873.446693
5350743.974039,32,11874.078163
-509335.794448,6,11874.198704
4501261.834445,45,11875.016695
-713545.473568,8,11875.171005
-563225.966955,7,11875.295024
-484593.18945,5,11875.392065
-793391.580376,10,11875.580787
-487016.513604,5,11875.671379
-486641.08134,5,11875.767694
5092094.050044,38,11876.488079
-490659.843485,5,11876.586005
-481036.891302,5,11876.683444
5067995.799119,35,11877.38637
-497173.514843,5,11877.489045
-473010.778233,5,11877.598299
-493935.187628,5,11877.69524
-493288.992165,5,11877.789433
4862651.506277,43,11878.628806
4483868.964899,47,11879.587774
5407479.735261,28,11880.125448
-592202.050555,7,11880.264448
5259238.443953,35,11880.967464
5339879.785368,32,11881.605499
-484854.469751,5,11881.694829
5305191.664562,31,11882.312361
-502824.374102,5,11882.40979
5335782.060822,36,11883.070035
5390203.418057,28,11883.59385
-930913.406738,11,11883.781579
-723692.822872,9,11883.945057
5366860.516698,29,11884.458132
5438314.074452,38,11885.166969
5456109.238178,28,11885.688111
-496167.011017,5,11885.778618
-642588.473309,7,11885.912034
-478691.161062,5,11886.003148
-497774.176064,5,11886.093794
-488119.267559,5,11886.185308
-776872.197761,10,11886.378537
-494227.341227,5,11886.4829
-496171.481035,5,11886.573058
5363070.726105,33,11887.209195
5175024.605085,33,11887.839474
3949402.508196,53,11888.815019
-482748.712857,5,11888.911999
-877113.445248,11,11889.113113
-820978.115529,10,11889.293942
5357921.225783,33,11889.893533
5359034.607412,46,11890.742106
5372313.603911,54,11891.73554
-494409.71409,5,11891.826867
4959100.99641,38,11892.535443
5435576.811779,31,11893.095541
5368166.717606,31,11893.686864
-476656.973277,5,11893.772078
-496030.48716,5,11893.86904
-495861.992919,5,11893.959939
5346673.619396,40,11894.717021
-475249.05741,5,11894.803463
4984403.14631,38,11895.538747
-492448.535075,5,11895.64626
-488479.720206,5,11895.741686
4073576.981803,51,11896.718811
5420957.899376,26,11897.220284
5332146.705321,28,11897.777597
-495272.905392,5,11897.880783
-450692.140898,5,11897.98412
-496104.334113,5,11898.080957
-270015.139006,8,11898.250499
4855640.238428,40,11899.06844
-502626.259475,5,11899.177273
-496575.180063,5,11899.283241
-604670.172078,7,11899.425504
-786786.093967,9,11899.590024
-518544.710441,6,11899.720781
-673182.049309,8,11899.886557
4033172.705374,53,11900.931521
-475079.3405,5,11901.02592
-745163.967173,9,11901.215548
-492013.575205,5,11901.316325
-666777.434317,8,11901.482576
5542751.949255,54,11902.611016
-693824.468893,8,11902.777364
5304799.223209,39,11903.516473
5288514.472661,41,11904.352617
-495154.835095,5,11904.468416
-487261.075763,5,11904.564781
-496122.784424,5,11904.667547
5130545.458492,36,11905.388943
5239259.325722,50,11906.402401
-479826.06592,5,11906.498013
5368588.53931,31,11907.109547
-495041.960767,5,11907.212999
-747821.087561,9,11907.397987
-497525.953748,5,11907.491188
-680775.972894,8,11907.655575
-502636.040051,5,11907.760172
4784586.411451,42,11908.606868
5302790.505469,33,11909.267579
-497451.248569,5,11909.36377
5329658.304528,34,11910.006166
5128604.592259,63,11911.248633
5303424.327863,39,11912.030454
4283980.847767,48,11913.001862
-622658.762219,8,11913.150226
5522411.691487,51,11914.126844
-841613.947225,10,11914.30865
-495639.28339,5,11914.406413
-496387.900344,5,11914.496796
4460200.557565,45,11915.420235
5313568.705511,31,11916.060705
5333112.345369,33,11916.733219
5404051.261892,28,11917.308543
5414244.452442,24,11917.807097
-485511.71742,5,11917.908961
5448595.095509,26,11918.431941
-494158.617268,5,11918.536399
5071404.313435,36,11919.256248
-482486.537125,5,11919.359212
-1075700.78528,14,11919.635286
-697816.492484,9,11919.807194
5329255.292502,42,11920.641433
5236864.354739,36,11921.320311
-502873.558785,5,11921.421638
-619210.215597,8,11921.568809
-502894.727941,5,11921.671454
-851211.556234,11,11921.908639
-474023.363686,5,11922.013183
5290211.613498,42,11922.81736
4860374.93904,38,11923.556432
-506741.173555,6,11923.677316
-775082.889913,9,11923.847019
5380936.135516,28,11924.386665
-500564.459721,5,11924.489557
-547384.175422,7,11924.630696
4881070.562324,39,11925.416462
3898037.955686,53,11926.440483
5176102.912051,36,11927.139459
-674142.86887,8,11927.301602
-487798.901157,5,11927.404023
-770143.023639,9,11927.568549
-503057.144931,5,11927.659243
-810779.182768,10,11927.852788
-494707.111989,5,11927.95555
-499096.779217,5,11928.048886
5148201.78962,38,11928.836138
-494060.804494,5,11928.943242
-809830.846713,10,11929.156001
-665297.377713,9,11929.338625
-1079253.586102,16,11929.6589
-798118.542833,10,11929.858865
-920982.016999,11,11930.07166
4875961.962753,40,11930.895041
-481266.085995,5,11930.985399
5108680.063132,36,11931.714292
-480283.772609,5,11931.812197
-781152.061988,10,11932.015707
-461432.060568,5,11932.116613
5382887.217252,31,11932.733547
5277292.41622,61,11933.930466
4754605.449211,39,11934.700506
-483164.214327,5,11934.805433
-795232.982824,10,11935.003881
-491912.106118,5,11935.100153
5391999.650571,32,11935.760605
-489731.545127,5,11935.864039
4853027.778293,39,11936.664764
-488933.320302,5,11936.760819
-500527.634659,5,11936.85783
-491629.975224,5,11936.954736
5400215.535397,27,11937.469894
5400597.19535,36,11938.142249
-491478.249258,5,11938.241652
-496983.705722,5,11938.330166
-489337.603395,5,11938.427078
5295345.435563,38,11939.151381
-618933.775617,7,11939.275785
-497901.999064,5,11939.378939
-492094.255827,5,11939.463263
-898300.625523,11,11939.675438
5359793.06209,31,11940.251151
-494024.485662,5,11940.342278
5590166.36014,51,11941.287627
5105356.457291,43,11942.099363
5137180.965125,34,11942.741995
-457361.179917,5,11942.832538
-578615.684941,7,11942.966621
-494256.293656,5,11943.063201
4970163.174703,40,11943.809968
-826421.949542,10,11944.009111
4822904.284285,41,11944.777777
3819176.962158,55,11945.820745
-499247.680084,5,11945.923661
5351389.280862,34,11946.565521
-806579.048053,10,11946.762336
-489274.6941,5,11946.854916
5275449.09737,31,11947.450603
5001971.174486,37,11948.157553
5378542.128402,29,11948.710666
5417247.777616,31,11949.31293
5074598.511269,57,11950.354879
5410073.110106,26,11950.813416
3574678.823355,61,11951.892464
4988801.347422,40,11952.607718
-474707.769063,5,11952.698538
4925418.389089,38,11953.437495
-489895.315582,5,11953.534952
-502957.166837,5,11953.625605
-780769.69864,9,11953.793029
-846350.269853,11,11953.999034
4497258.536918,46,11954.861851
-1011678.659904,12,11955.085755
5248852.036829,34,11955.728426
5389824.39008,27,11956.226514
-479583.800682,5,11956.316486
-494862.576486,5,11956.406846
-499933.013508,5,11956.503829
4869055.980564,39,11957.190538
5311989.211583,32,11957.764192
-477834.78539,5,11957.849241
-502151.382249,5,11957.940499
-488715.164117,5,11958.025281
-936032.167195,12,11958.237025
5375188.464906,31,11958.782736
-601369.799911,7,11958.909939
4962629.755289,40,11959.642729
5394505.698817,28,11960.170113
5406968.370791,27,11960.667142
-496556.007503,5,11960.758111
-501346.558246,5,11960.854993
4427914.323811,48,11961.757941
-491750.190642,5,11961.849539
-487586.062008,5,11961.946292
5297438.784089,39,11962.672985
4976198.477976,38,11963.399911
-500349.008926,5,11963.492695
5030769.284237,37,11964.211926
-1176289.13432,15,11964.484659
-879167.015416,11,11964.685002
-628084.363669,7,11964.818259
-1342304.267448,17,11965.142571
-476693.453967,5,11965.230407
4091731.885928,49,11966.169998
-862333.409931,10,11966.357461
-484119.312269,5,11966.448076
4322676.954566,47,11967.35109
5183818.022213,35,11968.019527
-511647.644307,6,11968.132932
5366917.504631,31,11968.71508
-1236420.526169,16,11969.017967
-989261.349209,13,11969.25967
-565557.666576,7,11969.393529
-484080.786331,5,11969.490309
-522373.552204,6,11969.611275
5127694.63645,36,11970.284082
5727632.205392,50,11971.229299
-480357.990462,5,11971.326508
-464613.486263,5,11971.423756
-501853.199251,5,11971.519434
-494975.559522,5,11971.611238
-720197.194385,8,11971.775157
5075659.658262,35,11972.453371
4122304.873895,50,11973.39259
-475616.795471,5,11973.48386
-824609.031673,10,11973.678103
-1303369.718726,16,11973.987174
-482962.389934,5,11974.089491
-1296130.983205,16,11974.401814
-483883.499174,5,11974.499035
4287515.183653,48,11975.429273
-500645.096069,5,11975.519967
-827313.022808,10,11975.708094
-483944.401732,5,11975.804913
5416282.06783,29,11976.370617
-499739.29719,5,11976.465097
-788215.736083,10,11976.647297
-496204.803732,5,11976.757608
-465332.973111,5,11976.846988
-636810.242521,7,11977.005532
-473988.515088,5,11977.108076
4904369.205241,39,11977.812058
-497272.914737,5,11977.898914
-631997.413009,7,11978.031493
-476782.92061,5,11978.119559
5398688.628517,26,11978.574317
-493824.173496,5,11978.664651
4651189.052177,49,11979.562464
4412578.345735,45,11980.398469
5206293.408235,36,11981.064657
-771656.102639,11,11981.276757
-499383.307118,5,11981.370371
-480849.42571,5,11981.464546
-799788.890508,10,11981.664416
-489236.533528,5,11981.74918
-475759.420397,5,11981.846182
-488184.238427,5,11981.949876
-605116.557424,7,11982.076441
-514439.84414,6,11982.186205
5405213.705295,55,11983.209936
4589235.799301,56,11984.252216
-496453.689796,5,11984.345082
5372592.457999,28,11984.852138
5067645.948712,65,11986.027721
-639443.550547,7,11986.154746
-492693.288652,5,11986.242263
-493991.18801,5,11986.333073
5268436.734205,30,11986.888402
4580407.035108,44,11987.724587
5297308.428797,36,11988.476074
-502483.823807,5,11988.57306
-698367.304,8,11988.724661
-575992.361002,7,11988.863533
-614782.754352,8,11989.027681
4491097.316142,43,11989.86382
-615871.258417,7,11990.001094
3849301.471108,53,11991.02135
-497589.547761,5,11991.121451
-502525.561501,5,11991.218813
-487905.831948,5,11991.311674
-491811.583715,5,11991.403049
-656269.348545,8,11991.548753
5241802.229342,33,11992.184715
4956859.534915,74,11993.626644
4201821.639007,51,11994.60869
5163633.081925,38,11995.335524
3863849.814498,53,11996.323471
-1151836.237011,15,11996.608502
-474293.259383,5,11996.702817
5884157.003999,53,11997.681001
-892389.461044,12,11997.904825
4137058.489068,48,11998.797082
5381306.448318,28,11999.317493
-500225.89802,5,11999.414569
-463513.856376,5,11999.510851
-790369.839737,10,11999.704953
5355335.66579,28,12000.227406
4767783.833651,40,12000.959674
5423691.224602,24,12001.42566
-479889.730298,5,12001.516458
-722262.025348,9,12001.683082
-632252.676221,7,12001.801753
5073939.589884,40,12002.522942
-614743.757793,8,12002.662235
-502398.35934,5,12002.751319
4911319.798911,42,12003.504614
-500903.91019,5,12003.595017
-804233.951722,10,12003.777254
-708290.991758,9,12003.940674
-493106.819067,5,12004.038094
-500524.927574,5,12004.134963
-751800.744691,9,12004.292531
-623141.813622,7,12004.421054
-783474.279766,10,12004.60132
4983906.86287,37,12005.311032
-1524759.15962,20,12005.692025
-488845.016875,5,12005.782911
-498348.46979,5,12005.873705
-458186.665617,5,12005.970582
4193094.197073,48,12006.880287
-800785.989008,10,12007.069461
-738712.329025,9,12007.237483
4668545.071777,58,12008.334095
-494119.470977,5,12008.42496
4559185.325405,44,12009.250957
-780316.63132,10,12009.43345
-482289.108353,5,12009.529314
-488366.564491,5,12009.618959
-936488.903323,12,12009.830764
4474762.206759,51,12010.757551
-481864.163581,5,12010.849276
-490376.36091,5,12010.934153
-493650.73189,5,12011.024616
5084698.644395,36,12011.666984
4992089.252699,38,12012.366472
5374137.586273,36,12013.033759
-691075.209768,8,12013.171551
-806738.483655,10,12013.36121
-494050.035955,5,12013.454616
5166631.12239,33,12014.091336
4834970.853755,43,12014.927473
-466631.127734,5,12015.029785
-983463.661678,12,12015.24842
-500653.319599,5,12015.33948
-496534.340672,5,12015.430319
5348831.122606,31,12016.012433
4589015.468411,44,12016.848274
-486175.701694,5,12016.93922
5258261.693019,32,12017.539157
5404601.40739,29,12018.078252
3982390.833364,51,12019.042195
-809111.626656,10,12019.22366
-476331.495721,5,12019.321015
-498389.707361,5,12019.41804
4999649.521341,35,12020.066363
5020934.266107,36,12020.726937
-475780.98207,5,12020.828243
-795976.059622,10,12021.017622
5423130.692721,46,12021.87863
-502888.994591,5,12021.975199
-458216.556555,5,12022.072336
-854197.6715,10,12022.259943
-668215.0515,8,12022.411383
5200738.741307,34,12023.05956
-614151.633927,8,12023.211198
-485838.564049,5,12023.295774
5357156.893674,29,12023.810909
5382486.604441,27,12024.28971
-501557.972639,5,12024.374657
5256670.240448,37,12025.021276
-836131.109245,10,12025.20373
4474161.549252,43,12025.97439
-497251.712323,5,12026.068061
-486190.269405,5,12026.16274
-502691.544297,5,12026.247013
-492848.288426,5,12026.344186
4647943.749647,41,12027.077766
-468100.491237,5,12027.180459
4019240.013836,54,12028.193737
5348958.434953,36,12028.858771
-502520.831106,5,12028.955182
4960803.173864,38,12029.671346
-528027.940019,6,12029.792681
-480092.607437,5,12029.889983
-598629.535597,7,12030.028379
-480297.959493,5,12030.122772
5164161.054511,36,12030.810322
-770130.467068,9,12030.980619
-485217.379409,5,12031.070911
-477770.991074,5,12031.168044
-796152.961985,10,12031.362048
4145933.038054,68,12032.640422
-502959.061644,5,12032.731106
-502614.446307,5,12032.828352
4503912.823579,45,12033.670339
-495174.947483,5,12033.767839
-1268480.297392,15,12034.058787
-557666.689647,7,12034.216436
-476594.599625,5,12034.307382
-705440.408976,8,12034.470642
4382477.653932,48,12035.373404
-739562.677968,9,12035.543219
5541334.119812,73,12036.918642
5370028.254311,30,12037.494521
5383026.754298,28,12038.012038
5155817.125258,34,12038.66117
-630989.265663,7,12038.797128
-818522.923572,10,12038.973291
-775485.751128,10,12039.155288
5299192.657703,35,12039.760642
-504647.099811,6,12039.870074
-495233.781435,5,12039.954898
5118112.165349,36,12040.597759
-496766.887302,5,12040.682577
-502680.020491,5,12040.77312
5253752.635083,42,12041.536504
-480145.251672,5,12041.621553
-615324.998715,7,12041.772901
5419223.645469,24,12042.215364
-499792.060191,5,12042.306287
-777905.72411,9,12042.463794
4092849.169249,51,12043.428701
-627079.720617,7,12043.566175
-825184.705445,10,12043.754581
-494529.618484,5,12043.845242
-599771.462416,7,12043.97843
-493412.186171,5,12044.087912
-1263063.181338,17,12044.396604
-848435.982483,10,12044.590522
-488383.823321,5,12044.681306
-485878.398678,5,12044.772553
5450628.620052,25,12045.263071
5428718.579558,23,12045.693336
-498213.644171,5,12045.784241
4405172.679414,46,12046.650842
-498340.795434,5,12046.747565
4975978.152887,37,12047.444062
4885955.067957,39,12048.141857
-613822.565924,8,12048.286596
-478256.008975,5,12048.372204
5795179.822434,52,12049.287101
5252986.190479,38,12049.959861
-658216.105358,8,12050.105182
-479202.968846,5,12050.201836
4523060.600122,46,12051.029306
-496027.024758,5,12051.12339
-719127.283346,9,12051.286767
5355645.617226,30,12051.850139
5378992.622411,29,12052.389499
-502051.704824,5,12052.480607
4473265.395339,52,12053.454768
5356865.555877,34,12054.098853
-502746.325762,5,12054.18926
5376304.599986,35,12054.838053
-495119.796206,5,12054.934679
-703865.363037,8,12055.092669
-477024.098201,5,12055.19674
5015191.764548,38,12055.948189
4864433.730352,38,12056.668191
-936298.330736,11,12056.887481
-964599.57484,12,12057.108915
-692638.947417,8,12057.261693
-1404058.958367,19,12057.613039
-481048.501929,5,12057.704208
-478284.758023,5,12057.801192
-472284.589218,5,12057.891772
-682473.840972,8,12058.043424
-499123.03376,5,12058.140511
-495718.156269,5,12058.243255
-805149.542201,10,12058.431436
5489891.297391,44,12059.2614
5199518.134334,34,12059.89773
5380950.205614,66,12061.217664
5230165.692467,32,12061.801023
4926651.856064,38,12062.521723
5302440.234139,41,12063.297904
-559712.00612,7,12063.430742
-453335.891823,5,12063.531884
4816281.791392,38,12064.261231
5104779.014973,50,12065.200685
5051355.409885,36,12065.878966
-494930.47523,5,12065.975671
-683915.436704,8,12066.129917
-502413.872544,5,12066.218143
-488393.309288,5,12066.303271
-494093.935839,5,12066.388032
4997347.1138,36,12067.018063
-847188.097089,11,12067.218568
5344752.120327,36,12067.848839
5428626.308708,60,12068.939011
4969424.714269,40,12069.685112
-489288.278868,5,12069.781585
5426514.35829,24,12070.236213
-920124.31276,11,12070.441844
-495039.726561,5,12070.538809
-680268.514203,8,12070.684746
-781408.569097,9,12070.85411
5111385.540298,38,12071.581527
-502558.255978,5,12071.678628
-495943.518802,5,12071.775486
-1178017.829779,16,12072.078587
-710169.102355,8,12072.229595
-751840.137387,9,12072.393191
-478068.953023,5,12072.485049
-1031660.922008,13,12072.720696
-474419.307433,5,12072.815294
5087012.50107,34,12073.472366
5888734.293266,65,12074.732552
-765626.389616,9,12074.902329
4919532.618661,40,12075.678086
5386765.026986,30,12076.265713
-479868.875502,5,12076.356688
-503220.356051,5,12076.453693
-466890.313729,5,12076.544192
-498512.970984,5,12076.641586
-485473.939014,5,12076.726289
-456518.175299,5,12076.817319
-604997.666202,7,12076.956616
-575850.548919,7,12077.101957
-478378.960708,5,12077.198601
4702828.243501,43,12077.970591
-719363.890972,8,12078.126151
5199647.73667,33,12078.725722
4787117.167516,39,12079.448911
-566046.99234,7,12079.574339
-497291.635406,5,12079.677041
-650239.419806,8,12079.901782
-827434.348136,11,12080.107507
-498036.355808,5,12080.200816
-498134.262697,5,12080.295354
-830002.660046,10,12080.483145
-702447.297105,8,12080.631056
5307574.330232,33,12081.241124
-513198.615252,6,12081.349869
-837270.796288,10,12081.531774
-450009.333546,5,12081.616569
5153905.327837,37,12082.319622
5394055.726711,30,12082.88358
-581590.752172,7,12083.010333
-756033.722335,9,12083.179914
5336123.063021,39,12083.89512
-992926.686842,13,12084.155663
-783880.541482,10,12084.343556
-483416.593302,5,12084.440738
-654856.015113,8,12084.593881
-502841.448693,5,12084.684559
4885877.445859,39,12085.41869
5152509.603147,36,12086.070643
5316879.547559,41,12086.850709
-607418.98042,7,12086.979875
5414024.716275,30,12087.567258
5074778.045514,55,12088.591553
-502661.380925,5,12088.688637
5304038.716422,33,12089.3248
-801130.070358,10,12089.506414
-491771.641469,5,12089.603587
-566968.972963,7,12089.730613
-674433.737882,8,12089.876043
-726287.307156,9,12090.039696
-492173.007171,5,12090.142507
-145484.719294,8,12090.276332
-708178.827015,8,12090.415334
-496225.261257,5,12090.500157
-470400.296379,5,12090.585284
4919297.122246,39,12091.282491
-486378.705746,5,12091.366712
-498200.573756,5,12091.457718
-496137.642122,5,12091.542916
-728191.190865,9,12091.700494
-766766.446576,10,12091.875747
-493471.464134,5,12091.966532
-507187.092957,6,12092.076224
-802332.694828,10,12092.251762
-767714.597658,9,12092.415081
5366036.825092,31,12092.978719
-987985.638534,13,12093.22165
-501409.744149,5,12093.318144
-486461.228992,5,12093.414932
-862286.554921,11,12093.611427
4782107.400033,43,12094.432946
-796699.287186,10,12094.627188
5398331.478539,29,12095.178384
5159896.992253,34,12095.826823
5391244.881552,28,12096.360571
-832700.277602,10,12096.553924
4766172.672866,43,12097.366494
-491573.218968,5,12097.463076
5246881.523858,37,12098.159976
5025969.186259,39,12098.880868
-831573.310523,10,12099.075513
5214510.698507,39,12099.82694
5341582.715989,47,12100.699244
5239471.712423,34,12101.335597
5222109.605385,34,12101.94605
5122176.20108,35,12102.583757
5232687.819647,33,12103.184061
5375538.038071,29,12103.740907
-964870.7545,12,12103.965894
-468634.454296,5,12104.056184
-661260.592183,8,12104.219766
5170456.958195,33,12104.844055
-484357.151631,5,12104.938716
5394786.270544,37,12105.65016
5307787.886271,45,12106.514599
4906908.328745,38,12107.23181
5776833.830457,51,12108.122558
-475249.632778,5,12108.216413
-493264.893014,5,12108.304766
-738570.745725,9,12108.455692
5222084.460292,40,12109.195569
-495046.297724,5,12109.285773
-595296.884639,7,12109.413512
-838680.457968,11,12109.606863
5417834.907046,26,12110.097911
-780965.955985,9,12110.268251
4836957.598963,56,12111.315744
4831128.527835,38,12112.02492
-473788.106572,5,12112.122169
-759263.320368,9,12112.291854
-502805.604273,5,12112.383278
-500332.284419,5,12112.473761
-1355307.319117,17,12112.788507
-769918.294044,9,12112.96099
-496889.115703,5,12113.048947
-630743.844248,7,12113.188779
-715685.778545,8,12113.352016
5069855.082095,38,12114.061584
4064756.305033,51,12114.988313
-1373020.604691,18,12115.324247
-1161285.43798,14,12115.576346
-493965.600586,5,12115.661155
4835040.826729,38,12116.351638
-476978.339524,5,12116.442957
5072158.695056,36,12117.145725
-590247.546646,7,12117.287979
5411528.651684,31,12117.891334
-493606.521075,5,12117.999145
4207846.321338,49,12118.981744
-484237.981569,5,12119.084849
4595052.913949,43,12119.962566
-491893.941799,5,12120.054565
-515201.175384,6,12120.170049
5056284.427218,34,12120.814208
-1023918.087372,13,12121.066246
5586408.547608,54,12122.218249
-496848.10234,5,12122.30846
-760078.88795,9,12122.47876
-502507.849107,5,12122.584749
-494081.65659,5,12122.690633
5238066.731695,35,12123.387822
-810263.108278,10,12123.568954
4221257.164983,50,12124.548588
-461327.871358,5,12124.644969
-904946.347423,12,12124.872386
-502433.40344,5,12124.971496
5197462.48237,33,12125.59903
5444610.822571,27,12126.120442
-864566.241583,11,12126.350985
5173256.925818,52,12127.301731
5433626.616149,26,12127.780879
-610294.224807,8,12127.932652
5159809.681612,33,12128.568434
5030124.854173,37,12129.313731
-888520.866946,12,12129.53794
5435645.836877,59,12130.712078
4661631.139774,42,12131.519886
5632718.062972,50,12132.513632
5409922.85478,24,12133.016639
-655298.509509,8,12133.174516
-751091.408961,9,12133.355744
5575482.778467,46,12134.280019
4447291.411276,45,12135.22863
-1131526.494161,14,12135.491673
-494800.672145,5,12135.580385
-841215.529356,10,12135.774164
-480232.047367,5,12135.877136
-483034.138884,5,12135.973509
-487544.79841,5,12136.064481
-497764.676474,5,12136.173574
4034797.692468,84,12137.882591
-698890.259679,9,12138.064102
5331927.930262,52,12139.082299
-492415.356858,5,12139.18566
-490373.873598,5,12139.276833
-450226.014394,5,12139.367682
-517999.775308,6,12139.488229
-650931.989485,8,12139.650574
4938877.655631,42,12140.454611
5164489.747266,37,12141.201683
5046903.773635,37,12141.93071
-486263.503919,5,12142.040162
-497654.561274,5,12142.149018
5120349.562358,38,12142.908995
-636656.281751,8,12143.064116
-796682.088383,9,12143.24561
4491034.446675,45,12144.142474
-489410.310709,5,12144.252036
4747145.08701,43,12145.094109
-820819.913123,10,12145.288044
-1026783.933025,13,12145.54247
5825599.993783,45,12146.445496
5209149.229632,32,12147.087711
-723408.624718,9,12147.26359
4970316.81815,36,12148.002701
-472468.658917,5,12148.11229
-499202.729107,5,12148.220999
-485867.806219,5,12148.319351
-635517.825582,7,12148.457276
-492227.732545,5,12148.560102
-487254.461733,5,12148.670337
-486182.362012,5,12148.766419
-964263.381971,12,12149.014435
-495845.372869,5,12149.12653
5418101.604317,27,12149.693706
-579038.79315,7,12149.826476
5544519.098241,38,12150.584469
5422522.186642,27,12151.099077
5384493.088944,28,12151.669111
-486209.521657,5,12151.765964
-938289.864695,13,12152.026154
-483971.928197,5,12152.130776
5418383.626688,25,12152.638367
-866968.952166,10,12152.844754
4535985.671292,45,12153.726937
-486415.053208,5,12153.820193
5391264.674242,30,12154.414499
5147481.786258,32,12155.044105
-864090.537036,11,12155.250244
-848743.511559,10,12155.444054
-472580.871645,5,12155.556151
-870225.027628,11,12155.777301
-717708.330419,9,12155.959091
5162650.470135,33,12156.629418
5246672.147317,32,12157.256342
5451152.559507,43,12158.062083
4028960.688197,51,12159.051061
-875684.8385,11,12159.273806
-701575.905737,9,12159.45104
-590793.8357,7,12159.589065
5420885.303566,26,12160.093817
-829138.349829,10,12160.310217
-570799.140913,7,12160.431623
-500489.422907,5,12160.528295
-486463.213194,5,12160.625073
-1216217.971217,16,12160.940522
-901738.326574,11,12161.164462
3791252.322734,58,12162.310324
-493831.243647,5,12162.413918
5519151.40138,33,12163.09796
4320389.556117,46,12163.988515
-498636.914215,5,12164.094945
-937082.688718,12,12164.328176
-479894.541169,5,12164.424889
5280026.843629,33,12165.097672
-914352.285987,12,12165.346294
5211525.033707,36,12166.054971
3930314.676444,53,12167.125957
-897750.339978,11,12167.339548
-981644.289044,12,12167.564474
-494877.601313,5,12167.673181
4051822.19627,51,12168.709928
5318278.34263,33,12169.391463
-502584.560206,5,12169.487103
-484564.860735,5,12169.588145
5267592.205801,39,12170.364009
4000390.092776,60,12171.563749
4876710.601963,39,12172.33386
-498959.869967,5,12172.438365
-490893.320242,5,12172.545444
-486377.271597,5,12172.649359
-1116363.052658,14,12172.921159
-505315.123259,6,12173.035781
-489543.484699,5,12173.139438
5373475.711844,29,12173.71648
-758760.92646,9,12173.896739
-741568.752454,9,12174.072071
-502992.347255,5,12174.175418
-498741.791569,5,12174.27821
-698414.135437,9,12174.447876
-510176.935483,6,12174.557649
-484164.455978,5,12174.654041
-736963.803328,9,12174.811481
-489607.727902,6,12174.945007
-484597.326059,5,12175.042011
-493691.061422,5,12175.144767
-490808.17784,5,12175.247962
-496240.684284,5,12175.345242
-490596.43701,5,12175.435542
5368191.854725,32,12176.041596
-808200.138684,10,12176.241848
-479334.98424,5,12176.332481
-205016.164893,9,12176.520623
5174614.532944,34,12177.156683
-502904.384654,5,12177.254043
5394156.307296,27,12177.769012
-465202.916548,5,12177.865665
5226983.265221,36,12178.556402
4906532.876571,41,12179.344495
5039582.453671,35,12179.974871
5284321.895208,50,12180.865582
-897748.027404,11,12181.053058
-494166.749005,5,12181.144339
5266591.939407,32,12181.739652
-548911.699321,6,12181.853465
-736223.739237,9,12182.017255
5415182.642842,28,12182.550595
-491441.051114,5,12182.641155
-494406.13692,5,12182.736619
-794747.794688,10,12182.920101
-492831.895971,5,12183.016901
-499435.464492,5,12183.108607
-493475.595142,5,12183.210534
4511011.940229,44,12184.046793
4327983.273559,50,12185.028468
5246358.888382,33,12185.652908
5266732.829742,40,12186.416398
-495967.475454,5,12186.513235
-494652.497555,5,12186.610378
-473105.546792,5,12186.725797
-708913.59609,9,12186.901284
5243491.728066,35,12187.592194
-823650.491392,11,12187.813787
-597555.503693,7,12187.957046
-629035.750371,7,12188.107321
-643449.741792,8,12188.268845
-958930.706403,12,12188.506932
4097132.839427,50,12189.476675
5305830.524224,32,12190.044533
-497067.017583,5,12190.129498
5108490.272091,34,12190.755265
4871995.777271,39,12191.470031
5100999.428242,39,12192.216463
-485571.541775,5,12192.318429
5379642.416708,31,12192.967377
5191909.469366,38,12193.688624
-622055.413052,7,12193.821531
5435273.155962,43,12194.65792
-912790.38815,11,12194.876677
-494100.02423,5,12194.968082
-818852.706008,10,12195.161252
-721002.587196,9,12195.330531
5293433.521398,34,12195.973177
4705513.20515,55,12197.008791
-496814.356557,5,12197.106093
-569830.129952,7,12197.245381
-960154.868922,12,12197.469796
-493947.466007,5,12197.566428
5125522.35247,34,12198.196938
4811001.562248,39,12198.929857
5015393.752972,37,12199.638754
5372079.207775,32,12200.239136
-889692.196205,11,12200.44531
-492277.773988,5,12200.535588
-460786.828433,5,12200.633156
-502965.749771,5,12200.723989
-463841.667646,5,12200.814859
-497039.900086,5,12200.911349
-473767.455527,5,12201.008677
-485281.914934,5,12201.111799
-803900.272007,10,12201.299433
-487148.737832,5,12201.402494
5345332.112416,37,12202.082928
-492529.078834,5,12202.178313
4843345.975445,38,12202.893204
-561650.965431,7,12203.032702
-611872.41979,8,12203.178284
5354222.564657,32,12203.788012
5380610.050961,29,12204.353752
5681697.665323,60,12205.496369
-903148.344422,11,12205.702893
-491190.908631,5,12205.795939
-845588.485608,11,12206.00825
-494642.430302,5,12206.105151
-485051.448469,5,12206.202245
-682586.309755,8,12206.353501
-499561.889006,5,12206.450054
5122919.506627,35,12207.118627
5297114.417003,40,12207.880574
4944505.353142,40,12208.632112
-484490.909517,5,12208.728668
-500993.464481,5,12208.819694
3464282.404795,58,12209.928794
-502707.415592,5,12210.031881
-955495.546104,12,12210.274398
-759695.732038,9,12210.450798
-782274.596161,10,12210.637794
4892417.462266,50,12211.583276
-775845.355927,10,12211.765554
5126772.720148,36,12212.457479
5103177.714955,36,12213.110315
-701126.541167,9,12213.26754
-732422.977479,9,12213.43114
4841134.692434,40,12214.128172
-477534.573277,5,12214.225411
5024094.710454,36,12214.886155
5269479.637265,35,12215.53998
-542812.30968,7,12215.673216
4009263.023914,51,12216.621317
-731705.869239,9,12216.795341
5683836.118013,48,12217.703714
4154880.997496,52,12218.691303
-895548.48445,12,12218.91468
-488890.943692,5,12219.012429
-240859.337637,8,12219.158453
4906370.784138,38,12219.88014
-481480.685265,5,12219.97243
-486220.474638,5,12220.061265
-492352.941792,5,12220.152202
5424617.623079,25,12220.624515
-497883.320207,5,12220.715605
5328025.819558,33,12221.352559
-473928.151699,5,12221.45471
-476910.486091,5,12221.55143
-674873.652725,8,12221.703001
-706824.153604,9,12221.872845
4635731.462636,69,12223.187699
-701962.348257,8,12223.357661
-492632.541324,5,12223.448895
-722077.423411,9,12223.632413
-729736.960631,9,12223.812085
-594873.679721,7,12223.946334
5062247.45252,37,12224.647963
-900537.899936,12,12224.880781
-474325.281009,5,12224.969516
-568459.609247,7,12225.108892
-659494.880132,8,12225.278819
-631296.8614,7,12225.411769
-469602.83293,5,12225.514886
-492792.940571,5,12225.611458
5447412.826602,40,12226.375521
-656369.733898,8,12226.532636
-821495.67714,10,12226.727414
-489630.39338,5,12226.817676
-683551.09819,8,12226.963072
5438413.195554,28,12227.484493
4987669.791784,39,12228.235882
-502561.738473,5,12228.326646
5387471.575087,31,12228.926836
4756285.981799,48,12229.819651
4507341.755017,46,12230.68185
-499847.921091,5,12230.778356
-496821.975818,5,12230.87145
-490869.929773,5,12230.968441
-626321.962414,8,12231.119862
4506957.655029,44,12231.901979
-496189.118378,5,12231.986847
-586037.323357,7,12232.11419
4268914.676635,46,12232.949773
-487752.133385,5,12233.035214
-710037.285895,8,12233.17441
-500896.875606,5,12233.265557
5274687.495259,31,12233.816927
4918429.425665,66,12235.083156
-477663.698901,5,12235.180112
-494274.671697,5,12235.27761
-476047.026224,5,12235.37409
-485981.079244,5,12235.471012
5269775.398114,36,12236.119709
4757403.690098,58,12237.216724
4881514.087455,38,12237.937508
-481234.922326,5,12238.034493
5391657.5083,27,12238.549486
5341672.87362,33,12239.1739
-606303.447881,7,12239.313292
5216621.778243,37,12239.997769
-491554.532974,5,12240.101062
4973527.745139,38,12240.815887
-489237.565498,5,12240.907007
-789539.674238,9,12241.082811
-502744.749228,5,12241.167701
-496244.973043,5,12241.258155
-500345.87074,5,12241.355828
-480163.718139,5,12241.45274
-146061.440579,6,12241.567493
-804186.671406,10,12241.737055
5300338.665768,48,12242.567139
-468588.026886,5,12242.658083
-496255.177355,5,12242.742832
5171817.473375,34,12243.342853
5393344.800031,32,12243.924647
-778208.020036,9,12244.094192
5215026.078772,36,12244.76737
-582098.637746,7,12244.894088
-669168.591845,8,12245.046007
-491236.915296,5,12245.148816
-493348.130749,5,12245.239778
-493221.63973,5,12245.336987
5044526.254972,38,12246.033906
-812259.412667,10,12246.209114
-602398.903016,7,12246.348506
-489591.378767,5,12246.433439
-515828.794999,6,12246.54848
-493561.608027,5,12246.639978
-849959.382476,11,12246.851457
-502265.881421,5,12246.943904
4473649.816356,46,12247.815399
-954762.08067,12,12248.041722
-501748.363022,5,12248.136256
-471420.885838,5,12248.239148
-483932.191787,5,12248.333061
5253560.938256,34,12248.966789
4896168.212954,40,12249.718459
4193995.202971,53,12250.729903
-665054.488108,8,12250.881557
5387958.563549,31,12251.469152
5064938.181853,38,12252.166409
5418875.335088,29,12252.693189
-498024.589136,5,12252.784257
-491621.547981,5,12252.868984
4287203.444876,50,12253.762191
-716161.987813,8,12253.911193
4635370.527765,82,12255.506765
-488710.678384,5,12255.596273
-775063.537954,10,12255.782237
5321636.281792,40,12256.523436
5383298.891299,30,12257.086668
-662751.746253,8,12257.232037
-922729.057732,12,12257.46231
-721414.364934,9,12257.63204
5188187.195169,37,12258.286422
5045647.238126,36,12258.922743
5621073.505247,49,12259.813997
5298748.400144,35,12260.480344
5287260.891782,39,12261.226252
5439713.85245,32,12261.831858
-491727.86097,5,12261.922679
-501684.45041,5,12262.013877
-828330.663676,10,12262.201468
-644452.364224,8,12262.352919
-495358.267821,5,12262.444146
-514493.437351,6,12262.553046
-512498.715723,6,12262.676233
-620358.748204,8,12262.8254
4790422.689257,39,12263.571096
5314794.185768,32,12264.152599
4909273.599805,39,12264.885817
-501481.801325,5,12264.982912
-483255.637429,5,12265.074087
5330836.781332,37,12265.783784
-489544.920858,5,12265.873515
5307877.144754,33,12266.49762
4728036.400621,42,12267.280368
-942275.552418,12,12267.510129
-495073.899181,5,12267.600557
-481965.806635,5,12267.691439
5104788.907733,38,12268.390304
-469951.411078,5,12268.481746
-492838.552445,5,12268.576468
-473934.120459,5,12268.667539
-823855.89589,10,12268.855409
-495682.118652,5,12268.944563
-493061.356814,5,12269.036946
-490680.148922,5,12269.127767
-487265.002858,5,12269.218793
5187977.876223,33,12269.836663
-497893.991209,5,12269.927791
5085798.12409,36,12270.609391
-502836.46589,5,12270.710467
-752397.067314,9,12270.872066
5675799.612227,43,12271.673202
5320813.762032,35,12272.315082
-1164713.255949,15,12272.600465
-808405.15127,10,12272.782363
4980267.801983,39,12273.522356
5470850.511552,36,12274.194422
4878117.574322,38,12274.859563
4381919.308071,69,12276.084793
-841288.396258,10,12276.26658
-711351.0904,9,12276.441834
-459303.693907,5,12276.526678
-771685.992917,10,12276.714702
-1072342.849621,13,12276.944852
-555659.786626,6,12277.061016
5364097.391717,36,12277.707567
5076896.440453,35,12278.308362
5427765.195215,26,12278.783731
-494006.285143,5,12278.871839
-624109.259041,7,12278.993506
-468201.501338,5,12279.092247
-820084.442623,10,12279.271817
-518613.257131,6,12279.381515
-1021752.243164,13,12279.611342
-789038.318537,9,12279.774957
4328420.643832,45,12280.611103
-494919.909673,5,12280.703919
-629468.558985,8,12280.847545
4876899.853741,38,12281.581241
-483882.040289,5,12281.671718
4314015.372855,46,12282.514591
-484149.60432,5,12282.611484
5379389.614112,32,12283.229023
-489962.896573,5,12283.325919
5421215.677325,32,12283.926006
-482050.314055,5,12284.018121
-483447.560155,5,12284.11452
-484193.975806,5,12284.198626
-501796.23159,5,12284.308142
5041366.333236,40,12285.034907
-1183985.589432,15,12285.307542
-490980.770303,5,12285.399163
-702565.717034,8,12285.53818
-797557.605266,10,12285.713592
4933403.600662,39,12286.386676
-625012.526909,7,12286.513584
-984529.317128,12,12286.719609
-502534.40698,5,12286.807516
4950013.004637,37,12287.483119
4921203.709316,41,12288.240671
-612955.898086,8,12288.38642
-494378.238724,5,12288.476869
-480151.460639,5,12288.567749
4764333.182274,42,12289.355977
-494870.823257,5,12289.452489
-518794.059405,6,12289.58043
-723803.88925,9,12289.749541
-815915.567323,10,12289.938523
5048360.089888,36,12290.634499
-791473.766777,9,12290.803996
5289027.324305,31,12291.40468
5393486.120226,31,12291.991964
5002002.338981,36,12292.68242
5129254.059538,36,12293.362638
-825317.997958,10,12293.561438
-458765.95196,5,12293.651996
-665588.127039,9,12293.822031
5243483.175657,35,12294.464114
-491169.146448,5,12294.554993
5403197.518513,35,12295.1733
-458026.727131,5,12295.264413
-497960.967852,5,12295.348818
-475467.274517,5,12295.457854
-488329.152633,5,12295.548872
-809711.930614,10,12295.730724
-462201.551341,5,12295.821459
3813813.76317,55,12296.839504
-496823.983484,5,12296.937364
-466667.939075,5,12297.039561
-495247.889194,5,12297.137457
5189462.639037,34,12297.784887
-841517.49314,10,12297.966983
-1043470.143823,13,12298.215118
-495792.805292,5,12298.306491
5399718.843148,33,12298.918117
5226787.494287,54,12299.912347
-708375.217766,9,12300.087744
-473552.167775,5,12300.179532
5014135.648569,40,12300.948162
-485489.590149,5,12301.045825
-745733.114613,9,12301.202785
5129763.736891,33,12301.790461
-499446.699584,5,12301.87547
4976780.993496,37,12302.512524
-490149.347117,5,12302.596502
4768960.85088,40,12303.311562
5226766.358647,35,12303.947945
4725349.412288,40,12304.687228
5357210.717734,32,12305.275254
-478170.580649,5,12305.378161
-487202.875633,5,12305.468846
5422476.328191,53,12306.463209
-794648.304818,9,12306.620594
-666256.308396,8,12306.771774
-676345.310533,8,12306.929377
-551428.493972,7,12307.058318
-487291.459865,5,12307.152415
5184916.508771,35,12307.807787
4242368.885733,47,12308.698925
-711146.506555,8,12308.841254
5332028.749139,30,12309.390558
5121793.384517,35,12310.007708
-789219.487968,10,12310.183975
-849221.722664,10,12310.365556
4954561.702532,39,12311.068153
5336210.877508,29,12311.620023
-842809.529154,10,12311.813511
-478442.076725,5,12311.914193
4447147.384258,46,12312.783358
4835805.174369,39,12313.492127
4934228.655359,40,12314.243853
-494185.555508,5,12314.341166
-679765.082357,8,12314.49207
5020183.417843,40,12315.225418
-502267.96888,5,12315.316277
5073431.509826,52,12316.292248
-494440.766774,5,12316.383418
5068756.526998,36,12317.007245
-498003.425464,5,12317.097855
-490904.462787,5,12317.182773
-724971.03499,9,12317.340637
-520264.645199,6,12317.443209
5420261.507743,23,12317.849331
-493631.791699,5,12317.934648
5190621.629186,34,12318.552253
-651631.660322,8,12318.703703
-743596.244579,9,12318.861276
-858998.923135,10,12319.035635
5357431.163167,52,12319.999861
4897405.806678,39,12320.7464
-1124920.50197,14,12321.030949
5309182.438654,32,12321.667382
-493410.263688,5,12321.765502
-768224.341631,9,12321.939036
-459153.818849,5,12322.030486
-676965.898328,8,12322.182452
-502549.605767,5,12322.279197
5307200.893344,36,12322.957981
-675368.962077,8,12323.103453
4563571.089837,45,12323.940048
4577875.859591,50,12324.885477
-493363.151405,5,12324.981689
-829914.56833,10,12325.16378
-706160.589216,8,12325.327322
-490769.328528,5,12325.418557
4938722.802047,37,12326.151642
5311129.343974,32,12326.78212
5389522.815411,30,12327.357394
5123310.018212,37,12328.054187
5547917.931235,52,12329.047884
4965634.73469,40,12329.799729
5061923.19931,40,12330.557124
-501321.099045,5,12330.647673
-461564.164154,5,12330.740733
-721452.060923,9,12330.905871
-702792.339312,8,12331.041892
-484812.874199,5,12331.126404
5169917.515007,34,12331.738544
4875899.579353,42,12332.483839
-929421.58376,12,12332.69594
5125942.54418,35,12333.320137
-725778.411721,9,12333.483679
-686810.82611,8,12333.637277
-789810.116655,9,12333.805004
-483607.345709,5,12333.902514
-596247.539766,7,12334.049507
-500919.592796,5,12334.139456
-496178.585998,5,12334.232237
-645502.237171,8,12334.392804
-956888.645928,12,12334.623041
-153061.087824,7,12334.756578
-482191.745285,5,12334.853943
-916974.174198,12,12335.077929
-496503.86661,5,12335.174364
4966762.788163,37,12335.871711
-489316.17535,5,12335.970457
-513323.522966,6,12336.083327
-482146.119798,5,12336.168512
-492348.749695,5,12336.269032
-732733.909124,9,12336.435157
5018000.655558,35,12337.083895
5140772.952546,34,12337.72829
5329716.088925,32,12338.337752
-490162.621123,5,12338.439245
-484867.510992,5,12338.532494
5100321.424316,35,12339.212363
5579333.909864,48,12340.130415
-497026.677419,5,12340.223231
-470860.285421,5,12340.319325
4945663.977824,37,12341.010106
-709232.955476,9,12341.17407
5355099.826009,33,12341.792448
-131863.528482,6,12341.900954
-603798.422084,7,12342.034148
4462785.172416,45,12342.894995
-485552.160713,5,12342.986527
-486783.907027,5,12343.076531
-489071.921918,5,12343.173514
4855087.239398,42,12343.950435
-900801.078895,11,12344.153093
5184683.860115,35,12344.810045
-710714.12085,9,12344.98544
5416674.375734,27,12345.483076
5530053.672583,31,12346.090787
-498306.153927,5,12346.185726
4169123.175656,49,12347.119068
-493923.915664,5,12347.203236
4764990.340961,44,12348.033413
-498724.781991,5,12348.130749
4162166.765074,49,12349.027333
-487180.112123,5,12349.11854
5383492.093794,29,12349.652012
-487108.80207,5,12349.742331
-489944.16032,5,12349.833749
-496228.68193,6,12349.948404
4332372.720599,49,12350.865556
5117299.11596,36,12351.551615
4429492.65287,45,12352.384668
-486595.062153,5,12352.481439
-824981.484646,10,12352.663407
4879705.070948,39,12353.378539
-781480.592612,10,12353.573027
5168461.275223,33,12354.184592
-487421.472241,5,12354.27533
5045668.591577,37,12354.984746
-489239.567446,5,12355.075379
5411159.883238,26,12355.549476
-787554.402305,10,12355.729489
4501182.885212,44,12356.50536
-502707.385426,5,12356.596422
-493948.720578,5,12356.693435
4613719.175248,42,12357.462984
-601574.725549,7,12357.590312
-659926.449777,8,12357.736866
-494117.494011,5,12357.826555
-492144.701525,5,12357.923218
-908287.754768,12,12358.147968
-803342.752053,10,12358.354018
-487858.827732,5,12358.456667
4349276.444097,48,12359.408625
-650068.111894,8,12359.559976
-482450.080525,5,12359.650561
-681819.09133,8,12359.802175
5411468.823809,36,12360.511646
-502652.942036,5,12360.608223
-865576.720059,11,12360.82636
-483723.286266,5,12360.935032
-489095.355712,5,12361.032591
5018115.548623,35,12361.692542
-1006674.103863,13,12361.929268
4857783.894485,41,12362.717015
5041104.567797,40,12363.528953
-634752.870394,7,12363.662114
-1362996.820024,18,12364.013581
-493082.856124,5,12364.110498
-824603.600941,10,12364.302395
-484181.220487,5,12364.401495
-493030.425801,5,12364.492564
4870989.244972,40,12365.252725
-942333.767281,12,12365.491972
-759449.906656,10,12365.67989
4313127.614928,52,12366.728613
-616469.365282,8,12366.879812
-561477.703446,6,12366.99545
5129321.27907,39,12367.770527
5095856.324836,37,12368.473929
5234260.447972,37,12369.182827
-490380.352978,5,12369.279832
5429845.412506,27,12369.784185
-621315.212705,7,12369.911956
4909583.112167,38,12370.679348
-489344.370408,5,12370.783198
-498731.37739,5,12370.88016
-482494.527835,5,12370.97668
5269383.891206,35,12371.643035
-487689.937957,5,12371.740637
5232117.420526,50,12372.749184
-493543.671645,5,12372.852503
-737087.695101,9,12373.036667
-492772.008632,5,12373.136083
5343086.922974,32,12373.751581
-492022.014922,5,12373.837021
-494171.8992,5,12373.939935
-869782.648123,10,12374.163708
5328525.083008,30,12374.752289
4095703.685737,48,12375.703072
-500165.184339,5,12375.797845
5081857.088117,35,12376.483556
5011219.461505,63,12377.769533
-496428.897034,5,12377.866631
5392077.598289,31,12378.472395
5206132.648211,34,12379.120631
-493277.130688,5,12379.224602
-794985.881038,10,12379.424224
5460068.551225,47,12380.332762
-893258.32686,11,12380.556869
3943521.636689,52,12381.546984
-791263.214696,9,12381.726515
-790949.526905,10,12381.939072
-701469.803452,8,12382.106996
-487705.163361,5,12382.217671
-749883.149451,9,12382.40116
-481935.905031,5,12382.502071
4980687.099559,36,12383.18146
-634255.732824,7,12383.333031
-807779.585076,10,12383.53869
5005376.919459,46,12384.459938
-969305.535883,12,12384.689859
4894228.359712,43,12385.53279
4456976.544069,44,12386.435308
-491594.792473,5,12386.538918
-773454.465747,9,12386.708199
5359719.981045,30,12387.297056
5433958.688966,41,12388.101726
5092957.976893,35,12388.79235
-487400.680642,5,12388.889318
-881566.937948,11,12389.119971
5698659.830368,62,12390.342967
-543498.650745,7,12390.486387
-125027.171675,7,12390.634609
-743847.223497,9,12390.798597
-588962.953266,7,12390.925518
5399375.748984,30,12391.514264
-990937.345894,14,12391.776575
-763580.118618,9,12391.948644
-791353.969048,9,12392.125297
-495213.936761,5,12392.22466
5015441.310812,40,12393.004311
-494188.069858,5,12393.101267
4411613.248885,46,12394.004287
-507598.373124,6,12394.113278
-478677.074248,5,12394.214156
5227362.910015,35,12394.90678
-480972.744261,5,12395.011675
-726230.889937,9,12395.205505
-670232.5874,8,12395.370682
-472525.110249,5,12395.470581
-510552.274934,6,12395.598107
-498353.193974,5,12395.69242
-699552.339377,8,12395.840449
5720007.57253,68,12397.167399
-838158.963341,11,12397.391531
-497694.576904,5,12397.493622
-481549.935448,5,12397.591673
4807605.114815,41,12398.433752
-696856.516002,8,12398.603337
-668984.778752,8,12398.767103
-463620.779464,5,12398.869912
5616842.869302,56,12400.00175
5280633.584834,33,12400.652396
-515731.458102,6,12400.766691
5374073.878698,40,12401.548818
5161024.969648,37,12402.251685
5179173.074269,51,12403.17256
-622865.570923,7,12403.306194
5074114.191418,36,12403.960889
4972377.666542,38,12404.681602
-717335.276057,9,12404.857281
5268423.911384,30,12405.457418
-765818.009963,9,12405.633351
-486612.291333,5,12405.729993
5246876.954302,37,12406.463544
5706206.158476,43,12407.311488
-502877.17614,5,12407.408947
5345617.115015,29,12407.990532
-581484.801206,7,12408.141694
-501586.875035,5,12408.245399
-491697.767107,5,12408.347007
5589254.685235,66,12409.651089
4110892.583129,49,12410.634354
-746442.525188,9,12410.814527
-790616.758635,10,12411.024676
5342058.952028,32,12411.674836
-497204.614222,5,12411.765999
-487490.332056,5,12411.868788
-502468.65527,5,12411.97172
4355193.600173,48,12412.941781
-565690.199496,7,12413.088486
5358914.810694,53,12414.165894
-498503.940788,5,12414.262553
5164298.335439,38,12415.007722
5352644.459035,33,12415.662601
-595101.198362,7,12415.807743
5384420.267507,32,12416.425395
-853816.815595,10,12416.631555
-784709.156569,9,12416.807745
3579219.67205,60,12417.917063
5477985.676871,30,12418.467676
-511460.849025,6,12418.576791
-633687.404379,7,12418.710324
5154659.774538,41,12419.419179
-476175.980278,5,12419.509994
5031120.193069,39,12420.194789
-900129.427568,11,12420.383258
5561328.556988,53,12421.325217
5436608.51138,24,12421.777102
4883829.902231,37,12422.473427
5524474.865087,66,12423.736758
5252772.470486,33,12424.364311
4442507.411065,48,12425.236506
5205612.413278,43,12426.067615
-736646.209568,9,12426.242851
5311246.428344,32,12426.860729
4830247.238786,66,12428.102852
5401120.579561,26,12428.599948
-493164.570894,5,12428.690943
-948592.311151,13,12428.925633
5419441.978431,46,12429.733002
5237005.586029,41,12430.460778
-673130.803167,8,12430.605616
-596452.955682,7,12430.732882
-483399.627332,5,12430.822082
5296244.704329,35,12431.441879
-472373.251673,5,12431.539181
5429335.216723,28,12432.036286
4814564.754947,41,12432.793281
3663975.653651,59,12433.890242
-502839.370726,5,12433.98705
-615499.512418,8,12434.139158
-490236.497077,5,12434.229728
5403132.712721,26,12434.744828
4721837.44419,43,12435.556982
4967611.873403,36,12436.242012
-492873.126052,5,12436.338637
4509364.806788,45,12437.150261
4838144.052374,52,12438.059366
-524717.334186,6,12438.16221
5006543.165364,37,12438.834881
5121630.958378,40,12439.59402
-486323.625312,5,12439.68945
-496249.90943,5,12439.780745
-488285.182875,5,12439.877256
-502195.274995,5,12439.974112
-782989.23271,9,12440.13205
-733213.359696,9,12440.301465
-502695.518966,5,12440.395575
-484732.433247,5,12440.485605
4535201.167918,50,12441.431316
4579042.156546,46,12442.315867
-502708.031673,5,12442.410483
-501797.414415,5,12442.501888
5313515.786694,39,12443.240497
-525302.789446,6,12443.358032
-492823.272785,5,12443.46169
5372801.482032,38,12444.168385
5242696.156891,36,12444.840827
-491381.496211,5,12444.937818
5419292.123178,22,12445.343577
4514442.155851,55,12446.367857
5223850.718365,34,12446.992044
-495600.618147,5,12447.088699
4972288.193872,39,12447.828399
-464087.452281,5,12447.925559
4181945.106219,55,12448.962342
-497001.540135,5,12449.052136
5419410.24496,31,12449.657983
-813835.875149,10,12449.845745
-496425.665468,5,12449.936908
-1500097.637216,19,12450.294249
-503163.642425,5,12450.385406
-480122.787505,5,12450.476319
-486577.626389,5,12450.579253
-495823.514454,5,12450.68365
5380682.756082,29,12451.221683
5258325.67312,34,12451.863673
-478256.424208,5,12451.960893
-648204.530975,7,12452.088334
4460491.10232,48,12453.00588
-504011.278952,6,12453.124645
-486139.990422,5,12453.227562
-497809.138699,5,12453.330781
-483087.04369,5,12453.427446
-502296.041276,5,12453.524906
-1112215.964456,15,12453.815238
5599290.176232,42,12454.643724
-800575.014147,10,12454.827389
-499522.319104,5,12454.918541
-487206.34481,5,12455.009047
-492549.852031,5,12455.100056
-475785.107069,5,12455.197057
-835964.317541,10,12455.390707
-488725.261996,5,12455.481412
-708390.355625,9,12455.657411
-499377.28032,5,12455.748296
5347951.418852,31,12456.330621
-490902.966633,5,12456.420949
4851598.299274,40,12457.196854
5032138.752019,37,12457.899323
4228077.989256,50,12458.893742
-480261.675087,5,12458.984598
-801128.177832,10,12459.178136
5385713.385288,39,12459.863103
-723699.516436,8,12460.008774
5289766.126956,40,12460.711519
-713806.980333,8,12460.851155
4572940.561566,51,12461.772261
-863537.940908,11,12461.965524
5425005.053394,32,12462.538328
-711191.339005,8,12462.681079
5322343.463842,42,12463.474846
-482264.023295,5,12463.568381
4776762.215439,42,12464.341361
4913319.151185,40,12465.08102
-450293.3994,5,12465.171924
-460441.587039,5,12465.262561
-817142.093687,10,12465.462649
5114675.124539,38,12466.171461
-752531.746775,9,12466.335107
-496831.265312,5,12466.425694
-809139.067721,10,12466.634541
5339497.647516,66,12467.886381
5582971.653997,49,12468.83163
-479696.820908,5,12468.916303
-488393.664703,5,12469.013793
-481215.039051,5,12469.110491
-495157.168568,5,12469.201299
-490203.968735,5,12469.292061
-487568.311045,5,12469.395128
4846801.92113,38,12470.134746
-2012067.02078,26,12470.625144
5724992.556998,50,12471.564525
-496777.147242,5,12471.667612
-479257.578092,5,12471.758714
-475419.594301,5,12471.849334
-607044.45708,7,12471.982924
4724887.296838,42,12472.770564
5449997.470158,32,12473.364586
-495510.384887,5,12473.455161
-463533.685666,5,12473.546208
-550292.679835,6,12473.667367
-767909.666114,9,12473.836974
5291234.358035,32,12474.449255
5405903.481033,29,12474.982794
-1077344.360052,13,12475.22535
-482389.322918,5,12475.315628
-476617.006302,5,12475.406458
-693746.159601,8,12475.552132
-496935.723081,5,12475.655334
5197164.456974,32,12476.255139
-491830.478319,5,12476.348363
-707974.929384,8,12476.503838
5308117.799737,31,12477.091753
5129628.784318,36,12477.763898
5355686.45159,32,12478.327329
5033147.752071,39,12479.018532
-502646.339274,5,12479.109798
5105198.16887,41,12479.836543
-566918.603904,7,12479.969834
5144256.500044,37,12480.649001
-496025.828235,5,12480.745209
-495019.598249,5,12480.839237
5107660.488178,53,12481.860142
5287883.737772,31,12482.43617
-491797.291931,5,12482.526922
-836466.249098,10,12482.721038
-500519.793572,5,12482.811605
5359479.433842,38,12483.551738
4820687.819126,40,12484.296603
-776476.847921,9,12484.467004
-1362734.024238,17,12484.7812
-550195.785427,7,12484.908943
-495150.82661,5,12485.007824
-495285.642041,5,12485.10388
-485988.438366,5,12485.199524
-654576.786781,8,12485.350793
-500319.91835,5,12485.450736
-494471.593911,5,12485.539032
5415794.365678,34,12486.181129
-646345.47412,8,12486.323422
-793719.940632,10,12486.500327
-502615.933361,5,12486.587475
-453661.495442,5,12486.690459
-1242405.100695,16,12486.975126
-893038.60772,12,12487.193172
-500884.371012,5,12487.294737
4811694.991241,42,12488.065972
-471726.545058,5,12488.157182
5364555.484441,31,12488.715588
3804349.291149,53,12489.714041
-1675642.04784,22,12490.125889
-471555.950434,5,12490.223326
-1216763.714839,15,12490.496035
5188546.880362,33,12491.115793
-476635.362803,5,12491.204457
-496880.84835,5,12491.302105
4347672.646159,46,12492.18027
-501590.121331,5,12492.271903
-502091.012365,5,12492.368468
-489662.465911,5,12492.459159
-481752.401791,5,12492.549931
-1094351.293895,14,12492.811121
5352589.748836,60,12493.933572
4682472.437762,42,12494.732473
-491066.09562,5,12494.822354
4956240.334369,40,12495.57412
4436208.347976,48,12496.491482
3900451.240153,53,12497.488635
-472359.981414,5,12497.585972
-472663.889982,5,12497.684126
-492454.81923,5,12497.786032
-486339.919834,5,12497.877143
-487341.439612,5,12497.967796
4693016.201036,42,12498.773591
4057110.740119,52,12499.761061
-659901.613251,8,12499.924874
5187052.636206,34,12500.573406
5139121.965332,35,12501.227719
5254997.029401,34,12501.870505
-676070.816695,8,12502.015398
5370058.966911,34,12502.645699
3957017.296353,52,12503.633421
5428853.952559,24,12504.076144
-487871.335805,5,12504.160668
-486605.242258,5,12504.257962
5395707.713241,39,12504.984724
-812858.778699,10,12505.173074
5375955.80713,41,12505.924556
-769329.940735,10,12506.111994
5136437.476637,33,12506.736527
5033931.20231,36,12507.372967
-454893.87481,5,12507.463433
5090470.257687,38,12508.117763
4969331.857022,34,12508.724291
5107863.158755,51,12509.651062
5304360.198447,34,12510.299338
-487436.081928,5,12510.396591
-935767.49285,12,12510.638741
-485856.016597,5,12510.730119
-826505.365703,10,12510.920071
5147735.968715,35,12511.604365
-520110.630672,6,12511.723731
-483800.603616,5,12511.814884
-502363.033288,5,12511.917685
4412123.384668,48,12512.808522
-478334.189189,5,12512.8996
5367652.672557,30,12513.462844
5295595.653785,28,12513.984125
-494070.589184,5,12514.082477
-837238.862549,11,12514.28105
4524020.34208,44,12515.116942
-480791.696129,5,12515.21415
5300571.816683,32,12515.816206
-498534.326421,5,12515.917351
-479074.568621,5,12516.019931
5509985.155155,56,12517.06264
-712528.166291,9,12517.226383
5568053.05963,48,12518.147304
4726344.382151,48,12519.050372
-493348.238105,5,12519.153536
-472246.71967,5,12519.257034
5335276.333363,31,12519.861893
-506263.153734,6,12519.965091
-778800.59795,9,12520.128447
4533094.420556,44,12520.946996
-732857.784965,10,12521.134677
-493901.549157,5,12521.225902
5304316.000333,36,12521.897887
-486794.349357,5,12521.995345
-492117.933667,5,12522.088897
-460054.977224,5,12522.176992
-145151.040812,7,12522.298145
5448792.928721,28,12522.795309
-471337.213104,5,12522.879653
-500272.69047,5,12522.970553
-502165.59601,5,12523.055943
-704301.706523,9,12523.219404
5259141.013466,31,12523.76498
-502559.901617,5,12523.849348
-498072.183505,5,12523.940209
-495494.983935,5,12524.025312
-745701.455053,9,12524.189038
5385413.300888,31,12524.809431
-495060.775033,5,12524.916575
5418234.636546,44,12525.752543
5358777.672447,33,12526.364122
-492748.824093,5,12526.455596
4852345.377374,37,12527.164107
-480880.048924,5,12527.261132
5226743.206664,34,12527.891119
-876166.76586,11,12528.103602
4703548.354528,44,12528.889431
4756277.359416,43,12529.660666
4220158.485972,50,12530.545975
-502739.027848,5,12530.639611
-858718.66484,10,12530.816267
-701469.543645,9,12530.969913
-706578.941595,9,12531.133243
-487216.30291,5,12531.224932
4174861.979528,51,12532.179411
-496102.77597,5,12532.272456
5202070.871576,53,12533.254116
5425128.030125,28,12533.769691
5684531.361796,46,12534.575454
-524180.552141,6,12534.684366
-1526232.991226,19,12535.018197
5543316.259699,62,12536.130431
-457906.485751,5,12536.218026
-728548.229004,9,12536.381764
-824079.25254,10,12536.563264
-483035.80049,5,12536.6537
-503317.713706,5,12536.751421
-488010.528922,5,12536.847737
-497471.766726,5,12536.939209
-495593.419747,5,12537.029594
-878078.610233,11,12537.235943
5167070.601159,37,12537.926375
-704786.960672,8,12538.07214
4096102.410864,50,12539.017259
4412309.935838,44,12539.829714
-499402.461974,5,12539.92046
-717125.272653,9,12540.108177
5445936.374556,26,12540.599263
-502589.649871,5,12540.700081
-775676.91605,9,12540.878539
-493268.736255,5,12540.975137
5535525.248948,50,12541.913646
-882044.985043,11,12542.114274
4933397.298683,38,12542.859004
4525376.379413,41,12543.622838
-575499.315106,7,12543.7566
-499076.320017,5,12543.847389
4806915.931128,43,12544.670927
-862687.981192,10,12544.865488
5437073.253007,27,12545.367959
3848301.007546,53,12546.350086
-494500.60831,5,12546.441026
5411277.947879,27,12546.968103
5083227.230744,35,12547.623858
5562878.210526,47,12548.488932
-488557.851306,5,12548.580331
-802359.27653,10,12548.773845
-1097078.909571,15,12549.052277
5607173.664461,44,12549.883851
-484632.464875,5,12549.973828
-725412.109524,9,12550.137501
4720550.16605,46,12550.991673
5422990.137855,24,12551.440244
4972467.513193,36,12552.14292
-563935.810883,7,12552.276745
-495021.135573,5,12552.373495
-493841.271177,5,12552.47049
-617437.199687,7,12552.603904
-479034.476601,5,12552.702774
5399242.107831,30,12553.295526
-749570.125713,9,12553.470369
5246746.300605,51,12554.433877
-910435.987504,11,12554.645892
5636941.820406,49,12555.594933
5357936.171261,29,12556.154952
-496399.925573,5,12556.251867
-485032.234896,5,12556.336482
-879151.555461,10,12556.524507
-485613.284295,5,12556.629821
-495852.324107,5,12556.724454
4555324.402146,45,12557.560671
-474625.34139,5,12557.651755
-644126.139196,7,12557.77862
-483938.647069,5,12557.869831
4960601.407161,39,12558.571016
-483770.175161,5,12558.657628
4534162.387938,43,12559.433283
4982773.36634,37,12560.105634
5329300.274391,32,12560.682311
5377790.828679,29,12561.227199
-495406.377483,5,12561.324463
4952017.123055,37,12562.008851
5145315.76833,38,12562.741829
5421200.322524,24,12563.171842
-499912.024184,5,12563.269562
-488339.445821,5,12563.37182
-777460.351933,9,12563.529689
4970908.597974,40,12564.274664
5267737.536449,35,12564.943622
5154649.340507,63,12566.117075
-484284.990415,5,12566.208156
-470398.685585,5,12566.298933
-556749.293925,6,12566.421169
5232939.665668,33,12567.050372
-458445.640058,5,12567.141407
4798798.038777,42,12567.935022
-477082.411307,5,12568.032212
5384066.551431,29,12568.559142
-488447.066103,5,12568.6566
-495253.636666,5,12568.747226
4647121.810174,61,12569.897469
4542536.713584,43,12570.699594
5226150.79921,32,12571.316797
-494548.214867,5,12571.413989
-502389.074265,5,12571.510353
-485025.804203,5,12571.595508
-612413.470725,8,12571.740939
5217196.614801,34,12572.34053
5149860.406313,35,12572.946628
5354873.751702,33,12573.534366
-736154.38757,9,12573.704514
-973905.314338,12,12573.922702
-475592.519155,5,12574.013524
-752917.474101,9,12574.171088
-502824.760175,5,12574.267729
-865053.231396,11,12574.474255
-496647.102907,5,12574.570728
-482043.138106,5,12574.669689
5153632.689317,33,12575.279673
-479245.880405,5,12575.383785
5261064.975806,33,12576.00904
5101485.574842,38,12576.72196
-688769.792332,8,12576.873898
5023939.068752,37,12577.560472
-493313.952451,5,12577.655076
-621126.974988,8,12577.806705
-628490.378597,7,12577.946124
5397008.206428,34,12578.576205
-747267.055997,9,12578.746239
-502883.080933,5,12578.837307
5373294.108957,31,12579.410887
4999441.066403,38,12580.128487
-614006.130955,8,12580.278822
-476609.014861,5,12580.364036
-502949.462148,5,12580.454685
-954167.427835,12,12580.667041
-641658.956064,8,12580.806177
-476752.868275,5,12580.903363
5188420.075393,35,12581.524965
-660972.329183,9,12581.678098
-492170.992451,5,12581.764185
4647592.219128,41,12582.52102
-748489.526367,9,12582.678688
-490320.330279,5,12582.769626
-481398.714615,5,12582.860392
-497378.726078,5,12582.951841
-515798.026356,6,12583.055022
-638969.657311,7,12583.182202
4575673.115211,44,12584.010271
5081445.214595,37,12584.694211
-488623.136717,5,12584.781775
-514528.663393,6,12584.898982
4891125.283191,40,12585.669205
5302902.464729,33,12586.332672
4736858.579386,42,12587.129385
4836647.975205,40,12587.879172
4240499.578902,49,12588.811407
-474770.732845,5,12588.914574
5313172.97857,41,12589.665895
-763669.255076,9,12589.829513
4444916.659496,46,12590.745097
5375170.958141,36,12591.448164
5079637.548148,34,12592.071893
-499068.378236,5,12592.168704
5046032.290456,40,12592.920339
-487956.766519,5,12593.023077
-1142358.59793,14,12593.284025
-710673.101312,8,12593.429101
4336478.681544,48,12594.319654
-497800.8242,5,12594.412431
-485717.647569,5,12594.514236
-483372.796808,5,12594.611375
-480918.646461,5,12594.70148
4292714.445088,49,12595.659609
-502819.323893,5,12595.75005
-615268.011441,8,12595.901543
4855748.606418,39,12596.634858
-491573.849073,5,12596.738441
4289108.663074,48,12597.713462
-494652.873391,5,12597.816379
5028136.203516,37,12598.543568
4361645.534929,47,12599.570509
5106924.222302,36,12600.321093
4410427.777724,47,12601.228558
-618593.15315,8,12601.398187
-487833.028294,5,12601.494896
-823505.062152,10,12601.682835
-756977.025263,9,12601.852334
-499589.534868,5,12601.949571
-734792.964521,10,12602.14924
-729949.447041,9,12602.325258
5005966.769173,39,12603.070247
-471074.175008,5,12603.167654
-883272.435291,11,12603.385621
5155922.854601,35,12604.094525
-465810.642662,5,12604.197659
-772943.068088,9,12604.385843
-497428.975392,5,12604.494732
5394363.536905,55,12605.567445
-691883.761464,8,12605.717194
5446813.697964,45,12606.591027
-592869.289499,7,12606.742983
-488815.030507,5,12606.846262
-489406.074391,5,12606.950274
4989231.587967,39,12607.718385
4849899.053825,40,12608.506405
-869341.323453,11,12608.718078
-493051.455584,5,12608.808933
-490386.366034,5,12608.900523
-494825.306475,5,12608.998145
-499156.217785,5,12609.100001
-483032.767318,5,12609.198884
5610954.546172,38,12609.942864
4471432.769016,46,12610.888138
-474774.793393,5,12610.984819
-779893.527913,10,12611.178981
-725606.07929,9,12611.358322
-479130.980305,5,12611.457283
5247950.648855,35,12612.142336
4187010.765057,49,12613.117874
-869915.586652,11,12613.347852
-486502.719129,5,12613.45085
-485242.172699,5,12613.541953
5335912.625876,36,12614.276635
4377221.494663,50,12615.250671
5421890.636687,26,12615.766268
4955090.25311,36,12616.49937
4964312.187279,38,12617.276168
-482481.370136,5,12617.378158
5086366.032689,36,12618.105275
-502620.189666,5,12618.209948
-476191.106926,5,12618.311356
5394505.644473,31,12618.947184
-497744.379306,5,12619.047774
5331952.277512,40,12619.820163
4824008.042153,38,12620.559339
-1196985.625753,15,12620.862397
-492633.374551,5,12620.965687
-888941.525216,11,12621.165574
4979900.977343,38,12621.888473
5187626.859682,33,12622.553195
4845942.338619,58,12623.722675
5403139.9804,30,12624.352562
5351370.073335,28,12624.940632
4793818.273796,46,12625.899213
-498605.223459,5,12626.001329
5182153.090296,33,12626.66779
-521339.276941,6,12626.78923
-502757.237576,5,12626.886228
-489914.375707,5,12626.987061
-496469.090477,5,12627.091876
5392801.351027,37,12627.818971
-500770.061297,5,12627.922333
5640848.35267,81,12629.558323
5406188.622407,31,12630.206639
4983613.987086,37,12630.952581
-508702.434417,6,12631.061157
4866320.067446,40,12631.879406
-1049026.568969,13,12632.133424
-1006773.634458,13,12632.406721
-496750.191669,5,12632.503293
-643860.410143,7,12632.636382
4833688.712077,41,12633.485272
5262698.929481,31,12634.084886
5327154.443164,38,12634.813548
-474548.640097,5,12634.908818
-486474.70825,5,12635.003146
5246893.493618,31,12635.624425
5205030.494342,36,12636.317772
-494420.536204,5,12636.418004
3900381.999712,53,12637.454397
-478756.08548,5,12637.558157
5142945.200436,36,12638.242774
-485812.978029,5,12638.345135
-606348.174784,7,12638.478597
-494619.434159,5,12638.575811
-1042340.201588,13,12638.842351
5288116.834341,36,12639.563833
-702241.116207,8,12639.714742
-626566.868158,7,12639.847666
-488661.426351,5,12639.945143
-702721.458902,9,12640.124507
-714087.565138,9,12640.308493
-481026.496923,5,12640.412719
-630130.82224,7,12640.563105
-731709.977753,9,12640.732625
4061486.314412,50,12641.696428
4942769.983684,38,12642.412044
4508307.536696,45,12643.3263
-486209.53603,5,12643.435303
-671164.430328,8,12643.598947
-502912.966707,5,12643.695816
-709136.965513,9,12643.865885
-790858.547832,10,12644.053697
4251575.218402,52,12645.08996
4976662.505393,39,12645.841031
5333045.622331,35,12646.537926
-829573.97667,10,12646.713631
-495638.09816,5,12646.810839
5257709.520362,33,12647.440925
-747957.750701,9,12647.622858
5257657.272151,41,12648.430007
-488675.465992,5,12648.531569
-171574.278747,7,12648.665275
5413910.832381,25,12649.149592
5414179.427139,24,12649.60451
-756131.613899,10,12649.889436
-561671.553011,7,12650.029141
-649437.870312,8,12650.175695
-813449.719388,10,12650.361637
5154788.879481,35,12651.071241
4685416.141813,44,12651.944173
5067992.989429,37,12652.646209
5212998.480153,40,12653.428909
5440968.495326,28,12653.973657
-894171.447561,11,12654.180289
-502985.933335,5,12654.276406
-672441.559252,8,12654.440639
4851333.857106,39,12655.228124
5437336.465511,57,12656.367039
-496506.118397,5,12656.466151
4473694.686302,46,12657.361314
4309330.556393,46,12658.191733
5406392.795116,28,12673.753189
-495669.941376,5,12673.856367
-484395.137878,5,12673.95316
-648148.519718,8,12674.111059
5457910.898863,26,12674.607414
4460328.410017,46,12675.479925
-703786.073776,8,12675.625697
-824821.57402,10,12675.825729
-848588.917404,10,12676.016909
-485873.446103,5,12676.11015
-755964.21627,9,12676.280129
4806657.891673,68,12677.49815
-520155.875775,6,12677.601311
-493349.988599,5,12677.692223
6136660.663185,88,12679.310078
3751010.094984,57,12680.370495
5256504.578806,34,12681.024894
-491291.397184,5,12681.122312
4928532.267908,39,12681.86736
5387269.589544,25,12682.35192
-619521.706809,7,12682.479186
4877092.808464,41,12683.279176
5359524.134614,31,12683.866881
5311401.648867,30,12684.442228
4288373.810034,46,12685.370405
-480629.488325,5,12685.470106
4408062.458154,48,12686.405909
5104677.621952,38,12687.157833
-492745.56495,5,12687.254257
-487053.298158,5,12687.345767
-467724.732602,5,12687.442355
-501573.864113,5,12687.533326
5655824.346233,47,12688.375612
-473884.848643,5,12688.466602
5403701.426878,30,12689.012276
-702755.466907,8,12689.157773
-750609.140337,9,12689.320762
4961256.951944,37,12690.000867
5002184.866245,38,12690.741576
-486228.337881,5,12690.836805
5156241.01734,37,12691.532949
-478678.135819,5,12691.639745
-512710.851358,6,12691.751174
-483370.094265,5,12691.841846
5149536.12546,32,12692.459857
-498840.565803,5,12692.552311
5033158.276827,34,12693.163013
-488155.823191,5,12693.25394
-480088.241678,5,12693.339139
-482965.10303,5,12693.429277
5195766.507486,34,12694.036095
-568580.328779,7,12694.162611
5906327.670296,104,12696.072093
4045432.441062,81,12697.610846
-492774.838046,5,12697.710949
5392230.902323,30,12698.283469
5223972.252111,33,12698.900437
-462553.810185,5,12698.992293
-610330.264173,8,12699.14415
5369945.374601,42,12699.931622
4430582.075633,44,12700.78639
-674912.577497,8,12700.937517
-619298.27393,8,12701.095118
-501982.755071,5,12701.186336
-479877.444912,5,12701.277368
4419718.493829,47,12702.179823
5297658.484209,33,12702.816235
-500152.060445,5,12702.915406
-901489.723163,11,12703.131489
-719045.333629,9,12703.313622
-674877.728572,9,12703.483079
5245302.944979,35,12704.167871
5455598.478324,25,12704.634342
-558069.17352,6,12704.74684
-503249.888222,5,12704.840724
4519014.668717,46,12705.718824
-485584.228426,5,12705.804107
-485212.96673,5,12705.900512
5093710.716447,36,12706.585572
4755283.045841,40,12707.339761
4332907.735159,48,12708.234475
4535533.485119,51,12709.170022
-488409.144672,5,12709.257635
-487462.109565,5,12709.349126
5233638.427431,34,12709.954769
5402036.137042,28,12710.458091
4314555.110679,49,12711.363654
4997317.320543,41,12712.136748
-697526.179202,8,12712.288468
5398145.518527,31,12712.869474
4844119.154398,40,12713.640208
4877206.614598,39,12714.399361
-484279.954568,5,12714.487768
4857370.02338,61,12715.642261
-929709.28469,11,12715.861278
5047182.521752,36,12716.554243
4991221.771701,37,12717.256712
-488417.004205,5,12717.347221
5353415.055447,31,12717.887662
-481216.424799,5,12717.985693
-501595.654408,5,12718.081547
5087986.76499,34,12718.723385
5340967.196264,31,12719.278197
-919278.477459,11,12719.474949
4474291.033251,45,12720.292787
-492324.172922,5,12720.3844
-501737.787886,5,12720.468728
-498957.954018,5,12720.572444
-494932.354359,5,12720.66277
5421487.875356,28,12721.19594
-669799.571495,9,12721.365673
4250458.178089,49,12722.264235
-679029.027275,8,12722.413789
-495456.815847,5,12722.504791
4178878.796635,48,12723.395911
-492785.984238,5,12723.486696
-738895.345991,9,12723.650532
5301819.39348,34,12724.249896
-654700.526227,8,12724.389217
-487403.256068,5,12724.474454
5297224.465098,31,12725.068374
-486914.431592,5,12725.159539
-809888.036242,10,12725.35936
5369504.86802,34,12726.015982
-471632.094006,5,12726.112609
-473703.903029,5,12726.210324
-459837.916534,5,12726.304618
-519421.144435,6,12726.413793
-496197.986543,5,12726.504518
-487286.796096,5,12726.603972
5249762.726938,32,12727.213502
-614868.832843,7,12727.342105
4898720.648355,39,12728.077264
4848512.988989,57,12729.189459
5344537.149332,32,12729.801256
-911405.61037,11,12729.995032
-502762.626199,5,12730.085871
-981008.659919,12,12730.29808
5214238.030196,33,12730.899865
-669180.6357,8,12731.065068
4942107.070084,39,12731.75422
-487637.733837,5,12731.843348
4619941.085618,47,12732.693573
-728274.28961,9,12732.848923
5380231.49401,31,12733.415918
-485234.40327,5,12733.503806
5372032.437048,32,12734.097823
5081183.086015,34,12734.731413
-499100.799249,5,12734.824863
5376494.598775,28,12735.346118
5428156.455363,24,12735.800497
-555618.408882,6,12735.921232
5218400.138585,35,12736.570172
4210038.01593,51,12737.521044
4981307.042478,35,12738.152061
3619969.238896,59,12739.197711
-878064.394088,10,12739.36942
5591785.285875,39,12740.078446
5022112.418165,40,12740.860356
-556963.107634,7,12740.987459
5327564.349298,35,12741.660334
-876004.565442,11,12741.859909
-739443.324776,9,12742.035985
5590256.606739,48,12742.969077
5540937.626536,41,12743.744757
-497594.806285,5,12743.847667
5706858.558012,47,12744.751698
4719356.049775,55,12745.787447
3941491.221393,56,12746.823157
-867531.528722,11,12747.035585
6142939.094684,71,12748.362615
-498196.115883,5,12748.453264
4700641.374853,43,12749.241521
-480784.833745,5,12749.330041
5383282.596484,33,12749.896052
-1000424.328988,13,12750.144986
5235661.431772,32,12750.709866
5295614.814316,34,12751.312076
-493382.647362,5,12751.402213
-496311.189224,5,12751.483603
-1387843.921997,19,12751.810825
-751616.804767,9,12751.974252
-486550.569443,5,12752.067786
-559703.703338,6,12752.174058
5297828.423674,53,12753.131839
-490476.054648,5,12753.22891
5099077.318547,37,12753.937712
5348211.699585,31,12754.519323
-499225.708909,5,12754.618592
5266458.825862,33,12755.252439
-492341.278302,5,12755.353276
5589414.026006,48,12756.258247
-661468.304679,8,12756.410173
-577297.597197,7,12756.543666
5254898.366728,35,12757.221965
5225729.776463,37,12757.894417
-489025.390579,5,12757.979444
-819863.117162,10,12758.155188
5244524.413741,36,12758.785868
-609821.021832,7,12758.912566
4479659.184402,44,12759.701676
5416259.665312,59,12760.760888
-715408.490482,9,12760.931121
-488180.099845,5,12761.015543
5744835.547049,42,12761.797496
-487772.947415,5,12761.894358
-743127.896624,9,12762.064008
-717915.816928,9,12762.237691
-689414.999439,8,12762.387766
5389742.905162,29,12762.924865
-498489.330511,5,12763.021859
4884163.714976,37,12763.709048
4778373.489524,51,12764.681548
-769723.134944,9,12764.839241
5355660.707356,33,12765.457675
4817913.844066,45,12766.287802
-626253.57757,8,12766.439401
5108303.178047,37,12767.130018
-717851.495658,9,12767.296209
-490815.662592,5,12767.384252
-502301.294595,5,12767.475393
-490222.812152,5,12767.560473
-497119.165711,5,12767.650988
5336986.561414,36,12768.299873
-487610.180547,5,12768.384511
-482327.953844,5,12768.475412
5443562.202974,40,12769.217907
-550400.658873,6,12769.329989
-502748.724527,5,12769.426773
-497334.957604,5,12769.518373
5138749.816229,37,12770.190807
-826161.8347,10,12770.386562
3734952.535355,92,12772.112167
-839183.376156,10,12772.295179
-927855.002145,11,12772.492699
5169767.682523,43,12773.329125
5429484.692439,26,12773.808293
5280572.943519,35,12774.480437
5126770.150241,34,12775.110637
5425464.75881,33,12775.692474
5346658.526955,33,12776.274135
-490146.961979,5,12776.35929
-502817.733203,5,12776.444371
5318183.203403,32,12777.031661
-651859.248279,7,12777.165039
-745859.640369,9,12777.331479
5217352.794695,39,12778.050211
-734096.126132,9,12778.228895
4900409.932473,38,12778.934861
-503162.348688,5,12779.025367
4161762.225181,64,12780.231771
-489838.733733,5,12780.322553
-674728.331597,8,12780.473549
-496498.567756,5,12780.562106
4854362.439425,39,12781.255743
5108393.105265,35,12781.879906
-494079.631801,5,12781.964762
5116316.719641,38,12782.649485
-768838.049555,9,12782.813443
4313641.585283,47,12783.673755
5417590.029078,27,12784.182799
5287010.755722,33,12784.800825
5372572.471078,29,12785.346232
-722001.999225,9,12785.528055
-492932.497716,5,12785.620298
-572549.109067,7,12785.758488
5006544.398894,37,12786.489735
5416195.734963,33,12787.151922
3726670.07966,55,12788.175863
5693170.308087,64,12789.371697
5082045.383405,37,12790.020154
-794040.416283,9,12790.18507
-701351.880081,9,12790.357696
3485810.74596,63,12791.521274
5415531.404622,38,12792.192809
-610188.376678,7,12792.320718
-489907.147286,5,12792.418037
-481649.599471,5,12792.509349
5192268.207607,34,12793.14694
5083913.601568,34,12793.78741
-499319.539846,5,12793.890587
-480835.433432,5,12793.984614
-499626.369615,5,12794.078084
-867958.548955,10,12794.266552
-494055.213801,5,12794.364127
-610915.410936,7,12794.496862
-478021.829644,5,12794.587266
5084010.391969,35,12795.248224
-483460.249274,5,12795.339358
-495112.935481,5,12795.429758
-640653.296511,8,12795.58097
5320395.105105,31,12796.163279
4808268.69207,40,12796.921932
-775293.482723,9,12797.084164
-481366.245907,5,12797.181084
-811629.386103,10,12797.377592
-547998.824548,6,12797.489945
-706408.574527,9,12797.659748
-494923.236313,5,12797.752811
5243643.701381,58,12798.82328
-479664.292285,5,12798.914034
-502938.070344,5,12799.010861
-480556.247425,5,12799.113034
5067575.665335,39,12799.841439
-688441.647348,8,12799.986579
-751721.873414,9,12800.144082
-499138.68835,5,12800.247308
5204643.864842,34,12800.895413
-483499.793522,5,12800.99901
-483360.509476,5,12801.089819
-502788.5384,5,12801.187366
-500613.623523,5,12801.283258
4844680.238561,48,12802.198939
-488467.21366,5,12802.30128
-488594.84194,5,12802.392362
-476618.955719,5,12802.483433
3952896.176471,53,12803.434948
5358383.626561,29,12803.943558
-498848.437471,5,12804.035138
5129337.520513,49,12804.913859
4324866.741721,55,12805.907389
4781589.564976,45,12806.731236
5719485.960439,50,12807.667389
-517465.136366,6,12807.773529
5168009.148169,33,12808.397955
4130877.293395,51,12809.31872
-671665.379108,8,12809.464123
-516610.904449,6,12809.567264
-479654.87556,5,12809.652469
-483616.588391,5,12809.7372
-491899.778803,5,12809.829144
-808621.128074,10,12810.003957
-502529.911892,5,12810.094462
5439589.475582,27,12810.592012
-729530.523466,10,12810.77388
5143240.782498,42,12811.560869
5250775.831058,42,12812.331286
-476904.633693,5,12812.433547
-999763.616524,13,12812.682173
-491996.221948,5,12812.780128
5290728.305222,35,12813.451909
-477617.505443,5,12813.549365
-501827.592905,5,12813.646187
-642275.175471,8,12813.790991
4902481.382202,40,12814.558942
-482191.237317,5,12814.657464
-653891.738796,8,12814.81496
-1022761.914208,13,12815.063993
4900124.847153,38,12815.794952
-559360.6565,6,12815.912156
-488971.227317,5,12816.002795
-499674.012553,5,12816.096877
-577212.384528,7,12816.227427
-862947.406318,10,12816.409172
-468009.933706,5,12816.506049
-501326.38776,5,12816.597344
-623067.545326,8,12816.748206
-720500.930788,9,12816.913646
-503027.603924,5,12817.010341
-823519.15641,10,12817.209734
-493830.179873,5,12817.305698
4821646.341486,39,12818.027449
-781169.220368,10,12818.221256
-864685.364963,10,12818.396648
5279835.62894,34,12818.990803
5012018.222846,37,12819.662916
-746912.875114,9,12819.826601
4748961.686104,41,12820.559801
-492870.534211,5,12820.651185
-499617.129259,5,12820.742049
5266187.725582,31,12821.29917
-494217.770729,5,12821.402494
-497978.276107,5,12821.493294
5159253.765495,36,12822.1601
-492162.673602,5,12822.256941
-496070.888113,5,12822.347635
-491441.340003,5,12822.444914
4605754.600632,45,12823.286746
-499816.747793,5,12823.377739
-460533.141376,5,12823.475327
-493465.15635,5,12823.574767
-502978.731829,5,12823.662958
-608443.406159,7,12823.792735
5044664.607104,38,12824.456942
5318681.041137,32,12825.026114
-549683.299818,6,12825.12942
-592140.594782,7,12825.258518
-733353.177808,9,12825.41998
-486933.83794,5,12825.511019
-500305.830428,5,12825.602298
-716557.261306,9,12825.773924
-493659.037696,5,12825.86261
-475251.325431,5,12825.959518
4727285.961223,40,12826.705117
-519208.895055,6,12826.814008
-488084.626229,5,12826.907222
-821825.2064,10,12827.086324
-648352.814275,8,12827.24194
5012088.321859,39,12827.965559
5611071.849437,40,12828.698931
-731682.716281,9,12828.868069
5048690.643891,38,12829.565056
4862904.403235,40,12830.273998
4902382.963745,41,12830.99558
-1204201.529245,16,12831.279894
5332902.976117,40,12831.982794
5314598.445104,42,12832.752767
-798214.538321,9,12832.916782
4785464.635646,41,12833.661574
-621727.984635,7,12833.79465
-627110.35157,8,12833.947301
-464548.187888,5,12834.037848
4161770.414983,53,12835.043486
5597548.798928,44,12835.866884
-811300.780514,10,12836.049292
-619185.336623,7,12836.176524
5295734.342768,33,12836.788686
-490237.791365,5,12836.87927
5571915.36852,40,12837.697773
-487843.367863,5,12837.794297
5587394.690329,52,12838.803969
-484923.056902,5,12838.909147
-588938.410091,7,12839.055287
-485950.016325,5,12839.152837
-489739.557413,5,12839.255183
-818090.316016,10,12839.436859
4544802.555663,43,12840.289378
-982866.71535,12,12840.527121
5322790.314507,31,12841.136509
-493358.876362,5,12841.240046
-618343.998678,7,12841.376569
5338358.334607,37,12842.109787
-495523.876995,5,12842.205926
5397910.305607,28,12842.775917
5365163.105182,58,12843.951446
5261607.49493,40,12844.751429
5410500.055696,24,12845.267198
-495849.200344,5,12845.36966
-484117.674978,5,12845.472018
-489968.944483,5,12845.584108
-494079.403512,5,12845.684197
-714994.539744,8,12845.854019
4879977.038737,37,12846.557114
-834947.857895,10,12846.762995
-482933.719606,5,12846.866142
-567579.102905,7,12847.006022
-710816.066971,8,12847.156948
5292915.197369,40,12847.932152
-482683.575651,5,12848.030114
5003951.941737,40,12848.781435
-501725.914099,5,12848.886907
-709672.792411,9,12849.048751
4764759.145487,40,12849.759078
5598128.857908,59,12850.876998
-496215.808348,5,12850.980893
-967361.835103,12,12851.211316
-489695.394518,5,12851.307869
-494665.404902,5,12851.405802
-494247.694465,5,12851.514358
-487768.533799,5,12851.617173
5244314.521372,36,12852.313903
-476357.282082,5,12852.411055
-713600.88798,9,12852.588998
4835220.117664,41,12853.410784
-518848.192164,6,12853.526125
-495229.720686,5,12853.616734
4476272.290829,51,12854.641333
-502427.890035,5,12854.74827
-491062.305537,5,12854.851688
5402512.356683,39,12855.640947
-482573.060654,5,12855.750316
-484636.860762,5,12855.853184
-549735.399732,6,12855.979865
-717524.339709,9,12856.165745
-706516.940608,9,12856.337488
5262947.922846,32,12856.980078
-502488.078054,5,12857.083607
-741822.338717,9,12857.280287
-482203.256752,5,12857.380295
-787478.778248,10,12857.586344
-498115.386104,5,12857.691631
-1247483.086695,16,12858.010455
4866561.946332,38,12858.773534
4487898.789253,46,12859.676765
-498461.929398,5,12859.767508
-638724.108854,7,12859.906814
-627809.068967,7,12860.03454
-502004.435818,5,12860.126789
5397894.152305,27,12860.64618
5086887.541766,38,12861.373309
-975949.271752,13,12861.622047
-118216.800956,7,12861.76153
-485971.908128,5,12861.864372
5192146.183229,34,12862.542783
-483386.639216,5,12862.640122
-802721.5635,10,12862.840105
-567112.959344,7,12862.975555
4013125.321399,51,12863.973362
-995341.971672,12,12864.203748
-472972.669324,5,12864.300473
-517976.078117,6,12864.41729
4942981.988339,38,12865.14257
-480717.141795,5,12865.245952
-494474.466132,5,12865.339118
5116784.563733,34,12866.021294
5104318.580623,35,12866.699827
-449030.183795,5,12866.809649
5388057.318435,32,12867.439359
-479859.961276,5,12867.54507
-475681.383521,5,12867.633112
-486944.692251,5,12867.727129
5173930.027014,52,12868.694078
5315314.558048,38,12869.41464
5413401.134993,27,12869.960227
-688590.218477,8,12870.118252
-643543.838332,7,12870.257797
4821090.496125,43,12871.13042
5429151.876559,45,12872.014673
-836209.077704,11,12872.245317
-501609.293655,5,12872.342305
-642255.273972,8,12872.48777
4477773.499862,64,12873.723318
-609896.783116,7,12873.862927
5064892.75522,35,12874.557269
-502929.254684,5,12874.644887
-878890.836717,12,12874.862916
-495782.241226,5,12874.960037
5303538.684306,32,12875.601834
4913711.864606,44,12876.451479
-595474.417283,7,12876.583668
-576899.328222,7,12876.71734
-804492.278536,10,12876.942617
-501332.191863,5,12877.045294
5410018.686845,26,12877.54155
-1162014.582027,14,12877.831813
-484379.202246,5,12877.935487
4088177.340285,50,12878.941261
5427380.368804,31,12879.569277
4886593.001224,40,12880.353624
-502597.823324,5,12880.455927
-1138749.484447,14,12880.747399
5268938.435849,31,12881.365335
4394938.371059,61,12882.540993
-680817.571863,8,12882.706995
5166289.233237,53,12883.734432
-470842.400215,5,12883.825493
5211139.168622,33,12884.473622
-489796.985725,5,12884.576766
-672464.424658,8,12884.752833
4205379.168672,52,12885.794583
-899500.521193,11,12886.013067
-662896.747899,8,12886.187072
4307912.622542,47,12887.121753
-696748.154481,8,12887.285289
-715860.149012,8,12887.438261
-672391.390561,8,12887.601257
-560290.916225,7,12887.734395
5328108.087452,30,12888.309744
4845085.85292,40,12889.109988
-487440.484885,5,12889.218419
-495250.679038,5,12889.315601
-474432.884708,5,12889.424482
5541109.922706,39,12890.188089
-1006833.603038,13,12890.442671
5510126.291679,43,12891.327433
-512846.967539,6,12891.436855
-575918.618681,7,12891.582141
-504008.935968,6,12891.703486
-795182.318686,9,12891.876431
-502915.654147,5,12891.970124
5335498.598135,31,12892.570094
-733997.646167,9,12892.739651
-493000.82534,5,12892.836606
-480777.398445,5,12892.927501
-914840.275607,12,12893.163445
-477030.3219,5,12893.267079
-502892.237208,5,12893.364008
-497875.281174,5,12893.467242
-910556.991404,12,12893.703362
-473266.54534,5,12893.812152
-740042.168341,9,12893.975868
-867617.01589,11,12894.174422
-482282.277093,5,12894.275179
5430631.740984,23,12894.697117
-492036.105076,5,12894.800235
-492314.833992,5,12894.884728
-465024.237997,5,12894.975647
5326858.330608,33,12895.572582
-495226.123784,5,12895.66682
-496800.928913,5,12895.769545
-496112.597404,5,12895.861768
5304722.653562,32,12896.435913
5291237.360157,36,12897.096781
-503175.833274,5,12897.193191
-701765.374382,8,12897.338787
-487409.537743,5,12897.436531
5032907.96218,37,12898.132995
5384230.326355,30,12898.711062
5364011.501238,49,12899.635423
5227571.464329,32,12900.235717
-502062.245155,5,12900.332317
5282490.159919,35,12901.01733
-502596.091294,5,12901.114501
-482204.544244,5,12901.212645
-727081.394184,9,12901.381149
5059375.033319,35,12902.047452
5532503.637534,39,12902.793055
5559089.437205,54,12903.816797
-489734.870492,5,12903.914612
-475782.110091,5,12904.011404
-770080.551919,9,12904.174911
-1258294.754514,16,12904.477789
4466149.920991,46,12905.384303
4537590.812231,43,12906.201392
-491967.021971,5,12906.307303
4757099.63476,40,12907.051056
-495582.195896,5,12907.142438
4845925.030174,39,12907.844753
-494393.876389,5,12907.931443
5233432.9017,32,12908.477152
-498093.734602,5,12908.567707
-791271.92461,10,12908.743636
-667874.072113,8,12908.888239
-992735.173826,12,12909.101604
-632194.831596,7,12909.22863
5240399.381544,55,12910.246291
-609246.601073,7,12910.379618
-771214.427326,9,12910.543235
-614918.176701,8,12910.688701
-562559.90325,7,12910.816143
5270394.89172,32,12911.410851
-807726.86987,10,12911.598208
-488692.962701,5,12911.695438
-671000.203807,8,12911.840913
-484510.517869,5,12911.93697
-482654.859014,5,12912.033608
-497344.394822,5,12912.118792
-676256.138903,8,12912.276821
-494651.175955,5,12912.376119
5154588.04249,35,12913.028007
4717254.416279,43,12913.828837
5392922.438717,28,12914.367635
-489820.385032,5,12914.464009
-476134.12601,5,12914.567557
4837225.258731,40,12915.331027
-1077674.965224,14,12915.603416
4298193.993122,53,12916.597428
-608527.664717,8,12916.742865
4941545.542169,40,12917.498265
-480744.21765,5,12917.591773
5200312.982464,36,12918.270206
-499869.506215,5,12918.367257
-500348.718438,5,12918.464009
-502508.434761,5,12918.554785
-491289.4526,5,12918.645376
4702544.515019,41,12919.396827
4912193.482936,38,12920.075742
4968146.124897,67,12921.360807
5640345.775,44,12922.209056
5218835.813799,34,12922.863305
4910199.897715,39,12923.590834
4378860.367691,48,12924.48104
5010432.170252,35,12925.160602
5257596.284952,33,12925.801997
-914247.419948,11,12926.014773
-475673.675689,5,12926.117445
-471647.639316,5,12926.208212
5298629.972309,37,12926.923252
-663893.256789,8,12927.075129
5334242.526901,38,12927.783786
-496316.544484,5,12927.874867
-477093.854346,5,12927.965599
5309398.521005,31,12928.564743
-676009.185462,8,12928.723424
4108520.226275,65,12929.959322
5378292.735723,32,12930.577322
-852948.33529,10,12930.771228
-557886.644188,6,12930.880327
5194179.518904,34,12931.547184
-495266.815682,5,12931.65596
-482418.553927,5,12931.752808
-788598.633942,9,12931.928603
-697338.148544,8,12932.086993
-614071.081618,8,12932.237673
4604467.901403,43,12933.070966
-490732.606776,5,12933.166372
5035418.578381,38,12933.892401
-687925.930789,8,12934.043478
-497016.04817,5,12934.140486
4955970.812438,37,12934.867589
4159492.237683,49,12935.793961
5227493.854193,31,12936.379078
4930879.504466,38,12937.104652
-923873.26854,11,12937.303903
7848124.751238,236,12941.757742
5373299.492886,33,12942.35411
5195997.548849,33,12942.963995
-492870.873948,5,12943.048982
-579636.523629,7,12943.183392
5411979.121696,31,12943.733553
-938441.616344,12,12943.95781
5462228.848599,33,12944.587921
-789997.882628,9,12944.763956
5009275.672776,37,12945.491379
-482886.480483,5,12945.582219
-469589.587939,5,12945.673096
-471176.634526,5,12945.767669
-669436.645657,8,12945.920903
5270282.692822,31,12946.508724
-502858.511197,5,12946.600777
-686984.149865,8,12946.751838
-1213062.724238,16,12947.072393
4482172.75632,46,12947.952382
5713300.801307,51,12948.926985
3687891.572446,60,12950.090098
5353649.654579,50,12951.0601
-502597.101833,5,12951.156636
4435980.477749,48,12952.065816
5428004.15865,30,12952.617696
4458013.244365,48,12953.538118
-494849.552211,5,12953.629211
-501742.235337,5,12953.726249
-495521.336002,5,12953.843908
4255265.714307,52,12954.817469
4067873.505031,61,12955.986746
-487223.597827,5,12956.083084
-476140.327341,5,12956.17724
4239813.833487,52,12957.168531
-501635.211095,6,12957.283139
-832640.271846,10,12957.464946
-485706.48818,5,12957.55818
-459922.997762,5,12957.646793
-492466.740441,5,12957.732085
5184995.657963,31,12958.307295
-453113.617975,5,12958.399029
-848933.883941,10,12958.58012
4945248.497833,41,12959.325596
5312167.726726,43,12960.131428
-791000.493807,10,12960.331856
-461049.419246,5,12960.422894
4856277.011938,59,12961.494822
-487866.326649,5,12961.584063
-746406.642045,9,12961.737458
4591535.129858,55,12962.724017
5292864.014772,31,12963.276438
5343206.996011,30,12963.825379
5168328.166815,37,12964.501057
5370071.785114,34,12965.143199
-562746.143655,7,12965.270618
5175117.179705,34,12965.904877
5286082.248007,31,12966.476762
-626224.454599,7,12966.606529
-479666.485779,5,12966.706938
4412102.79462,44,12967.524604
-964954.717291,12,12967.745136
4119765.513361,50,12968.683633
-475624.49945,5,12968.778866
-749131.284341,9,12968.949042
5801596.157909,46,12969.748537
-710083.627689,8,12969.890184
-708991.43745,8,12970.030682
-502327.582562,5,12970.124246
-475080.243118,5,12970.209089
5320867.661545,35,12970.83923
-494295.730733,5,12970.924093
5356618.7621,37,12971.597183
-503326.241027,5,12971.687717
-612590.622316,7,12971.815396
-569293.264781,7,12971.949096
-502657.370768,5,12972.033947
-481446.25574,5,12972.130561
4997061.790533,37,12972.820928
-825884.133296,10,12973.009502
-467951.111376,5,12973.099689
-593465.608682,7,12973.227247
-491406.461353,5,12973.318052
-669224.053784,8,12973.46934
5199137.713979,37,12974.154521
-460097.9387,5,12974.24503
-497798.137544,5,12974.342251
4507314.632154,66,12975.615049
-502333.995036,5,12975.718052
-502185.630231,5,12975.814457
-716175.555568,9,12975.986502
5410818.63858,40,12976.729688
-500004.161325,5,12976.820266
5467965.119046,28,12977.390991
5383429.28281,33,12978.014045
5098013.951403,39,12978.753306
5306901.400169,36,12979.438462
-493641.092406,5,12979.531129
-486405.360213,5,12979.620081
4085789.683819,52,12980.619802
-498213.557368,5,12980.716936
-606279.75773,7,12980.850674
4227576.607427,48,12981.755465
4195541.593735,65,12982.971209
-500203.692709,5,12983.062715
4340969.696815,45,12983.923091
-578441.170343,7,12984.055712
4937605.890101,38,12984.777533
-476948.984838,5,12984.874006
-756722.436314,9,12985.043942
5274199.380472,33,12985.662298
-549745.703231,6,12985.771148
5305932.249788,34,12986.407456
5389232.748396,59,12987.561834
-502417.856793,5,12987.661543
-496279.624582,5,12987.764615
-1102687.12938,15,12988.049268
-772554.941083,9,12988.2192
-816956.520562,10,12988.423807
5246825.721296,33,12989.049387
5389820.767926,31,12989.637013
5345283.272894,30,12990.1928
-713806.444595,9,12990.358724
-486703.796288,5,12990.449651
-471933.230687,5,12990.552126
-1355554.794493,17,12990.885825
5385979.251638,44,12991.71594
-775581.222307,9,12991.888688
-491873.147778,5,12991.976321
5373713.139736,29,12992.534423
-1201187.298628,15,12992.812836
-488071.456495,5,12992.903202
-757648.777857,9,12993.069048
4294227.413147,61,12994.148292
-482425.733547,5,12994.236866
-1043501.664996,13,12994.467584
4961629.412943,36,12995.109358
4776803.403069,44,12995.890752
-555776.918061,7,12996.012003
5130989.490205,41,12996.74515
-493744.166952,5,12996.848573
5467746.539752,45,12997.709073
-502556.114058,5,12997.800335
6332104.656536,142,13000.44732
-496994.468963,5,13000.547449
-493020.903976,5,13000.635843
5286323.375371,32,13001.235624
-645611.321821,7,13001.368999
4992289.213643,38,13002.07861
5237266.572057,35,13002.745985
-502694.052213,5,13002.829333
-502400.571843,5,13002.926269
-740827.663401,9,13003.10252
5603068.963413,69,13004.405452
5219270.202875,35,13005.065866
-483669.065513,5,13005.163167
-660901.735448,8,13005.314291
-781790.351,9,13005.479406
-499625.652257,5,13005.568368
5060464.914032,34,13006.204696
-499808.926892,5,13006.290408
-525089.073906,6,13006.39874
4859075.377441,38,13007.077792
5296478.536828,35,13007.702602
-488054.686501,5,13007.786726
5650671.402204,50,13008.708253
4697792.323627,45,13009.552444
-501277.123653,5,13009.640616
-620892.050512,8,13009.788193
-493960.534404,5,13009.877723
5208660.526465,37,13010.580202
-522614.550594,6,13010.695697
3588427.781067,59,13011.779826
-900397.44608,11,13011.98586
5098548.741551,38,13012.700967
-488746.794117,5,13012.79234
-676506.266562,8,13012.957305
-563631.564235,7,13013.082643
5434590.313618,28,13013.598501
-633343.434893,7,13013.724983
5098023.191554,35,13014.337115
-500111.002292,5,13014.422094
-498184.140519,5,13014.518969
5442314.680632,26,13015.003352
-866015.387106,11,13015.204073
-498951.217684,5,13015.295133
-510482.615017,6,13015.403667
-495284.038412,5,13015.500548
-640277.643176,7,13015.628341
4475605.992796,45,13016.4601
-863424.593367,11,13016.664227
-1037864.135524,13,13016.9005
-674672.239747,8,13017.057735
-490641.880888,5,13017.149234
5225003.748616,34,13017.75742
5219286.668718,33,13018.355453
-502689.919563,5,13018.451889
-663711.072319,8,13018.600373
-789550.766552,10,13018.772847
4078806.930694,47,13019.621639
-482812.641235,5,13019.712206
5358602.498023,31,13020.269976
5341736.461322,35,13020.93684
-495371.865928,5,13021.031221
-647975.233579,8,13021.172679
-509976.104853,6,13021.282471
-595616.222468,7,13021.405791
-656768.675435,8,13021.547857
5151759.720205,37,13022.208988
-628239.247891,7,13022.330369
-478976.19682,5,13022.420944
-499402.521,5,13022.507402
-652641.439874,8,13022.651376
-676559.410797,8,13022.79065
5403806.880067,29,13023.312603
-768885.17111,10,13023.487879
-502705.949422,5,13023.578763
-491694.999803,5,13023.669751
5008790.783632,39,13024.410552
-883443.401221,11,13024.62678
-479321.590098,5,13024.717977
-497235.013327,5,13024.815182
-789867.774848,10,13025.002869
5296336.906776,33,13025.609041
3809079.427064,56,13026.651161
4486081.381995,46,13027.505674
-606621.385766,7,13027.638708
-485686.304557,5,13027.738425
5493974.102723,46,13028.608131
-502898.605486,5,13028.698937
5348766.33986,39,13029.426166
-773390.203956,9,13029.602639
5439211.814459,24,13030.050725
-603891.07908,7,13030.177666
-491452.691227,5,13030.277243
4775671.114996,39,13031.024505
-616774.224519,7,13031.15323
-499000.173097,5,13031.247606
-485995.019272,5,13031.342523
-728579.753186,10,13031.535691
-475869.174087,5,13031.632449
-675080.050693,8,13031.783839
5397388.657709,32,13032.37767
5013926.850713,35,13033.048451
-399825.49962,5,13033.145372
-458442.939009,5,13033.238333
4992680.721238,38,13033.947619
-503153.831878,5,13034.038105
5372320.860339,29,13034.589854
5204172.567782,38,13035.304621
-480623.590095,5,13035.403808
-625950.916681,7,13035.5349
4769238.504446,41,13036.285965
-502631.764702,5,13036.377346
-739490.041142,9,13036.553087
5789520.030091,56,13037.615042
5291494.854903,36,13038.274015
-801671.660228,10,13038.462066
-559840.595563,6,13038.583276
5529803.84956,50,13039.546996
-668654.262025,8,13039.691695
-800896.324063,10,13039.885798
-554476.675639,6,13039.995967
-492453.466682,5,13040.085979
-502031.413538,5,13040.176894
-786588.085751,10,13040.352682
-944280.457471,12,13040.564992
5417655.280331,34,13041.170244
-488098.340432,5,13041.271593
-502019.354313,6,13041.376253
-637105.06317,8,13041.522221
-1125729.815085,14,13041.77639
-487812.969352,5,13041.861659
5094718.616677,36,13042.509489
-617192.106447,8,13042.655262
5043990.924489,38,13043.364062
-499671.673588,5,13043.467348
-999447.319726,12,13043.703283
5367448.32674,31,13044.273292
-476389.829264,5,13044.364294
-485562.072327,5,13044.461105
-487148.035154,5,13044.558201
5420989.052541,28,13045.073291
-494834.130131,5,13045.166399
-916968.207843,12,13045.384889
5034537.672804,78,13046.800312
-492209.141433,5,13046.893586
5391822.897191,31,13047.4726
4871106.293027,39,13048.187646
6018207.196863,76,13049.609049
-502509.198331,5,13049.702698
-497364.895986,5,13049.793565
-556740.524089,6,13049.910558
-468519.48781,5,13049.99949
5008603.868333,37,13050.711509
5357615.891154,34,13051.353377
-489340.576094,5,13051.448045
-677491.069334,8,13051.593556
-740638.071804,9,13051.769255
-478951.62657,5,13051.860792
4029204.544169,56,13052.920538
-493331.98578,5,13053.017758
4936415.219887,43,13053.827974
5210182.100292,34,13054.439553
-1008972.067475,12,13054.666114
-489473.992836,5,13054.756487
5255613.307112,42,13055.520358
5136932.077609,34,13056.154608
-782860.074858,9,13056.320046
5286125.323788,31,13056.902182
-805967.541551,10,13057.096575
-671091.990206,8,13057.248575
-481419.26207,5,13057.338477
-655987.401786,8,13057.496336
-490582.261328,5,13057.587337
4436353.192211,69,13058.915035
5431321.374991,28,13059.459649
-506601.007403,6,13059.57425
5252797.429088,34,13060.192419
-483292.508901,5,13060.283669
-714100.442287,9,13060.440864
5447393.501323,25,13060.877476
5354535.48898,29,13061.39828
-502319.796315,5,13061.489262
-486892.578276,5,13061.573964
-787923.94185,9,13061.737815
5387649.685951,36,13062.374042
-486756.842944,5,13062.46544
5259864.452515,34,13063.089873
-490667.500012,5,13063.173806
-489288.303748,5,13063.266041
5001429.507329,38,13063.992168
5310693.229876,34,13064.628832
-811032.425486,10,13064.822615
5435788.504821,30,13065.379698
-502620.148581,5,13065.483278
4855698.828891,41,13066.26447
-489288.300976,5,13066.355547
5179412.041908,34,13066.988599
-745463.983301,9,13067.155523
-496713.198704,5,13067.249038
-740492.041027,9,13067.409924
-502401.354251,5,13067.494863
-698584.149454,8,13067.657685
-528238.726156,6,13067.767315
-774925.797721,9,13067.931144
-799129.706606,10,13068.119092
-920533.231552,12,13068.342956
-502965.084041,5,13068.440677
4333557.226748,59,13069.56981
4593929.959875,45,13070.409848
-495820.580368,5,13070.500737
-543595.605712,6,13070.619643
5431759.137963,28,13071.106098
-502564.813651,5,13071.211749
5975802.154233,75,13072.536657
-480658.977431,5,13072.627571
-447358.260969,5,13072.718389
4763342.48376,41,13073.481652
5234457.336775,35,13074.151211
-495586.988703,5,13074.246394
-501677.881357,5,13074.336124
5370728.467474,39,13075.09373
-488155.617876,5,13075.191055
-664167.448546,8,13075.336129
-486265.309128,5,13075.426981
-624802.521391,7,13075.554789
-679044.587816,8,13075.705968
3966867.598775,56,13076.790905
5708845.90295,45,13077.614884
-520192.534287,6,13077.72017
-490795.473788,5,13077.808361
5251350.582729,35,13078.479612
-1004280.532765,13,13078.733042
5318307.556322,36,13079.451235
5407601.518692,31,13080.090194
-500969.127907,5,13080.191387
-543862.013645,6,13080.317815
-502679.36811,5,13080.408577
-811470.600948,10,13080.6152
5140935.784728,36,13081.30556
-494675.548753,5,13081.395808
5409436.927406,28,13081.941694
4152045.871714,50,13082.947642
5443677.686979,43,13083.796571
-558156.822893,6,13083.917
-609261.898011,8,13084.086239
-722909.364412,9,13084.260089
-612709.330324,7,13084.407973
5105493.994551,35,13085.110854
5408051.891858,33,13085.765231
-874010.825816,11,13085.971919
5017787.275456,37,13086.704307
-486868.405699,5,13086.795273
5435341.66707,25,13087.262152
5160620.162718,35,13087.960475
-599283.991359,7,13088.092729
-919219.850948,11,13088.310749
3989985.639653,54,13089.383245
-484002.706302,5,13089.486342
5304729.540542,56,13090.640945
-875714.901359,11,13090.861709
-502788.983945,5,13090.970999
-625858.915996,7,13091.112584
-476008.631464,5,13091.21341
-482491.879808,5,13091.308189
4038164.253205,71,13092.709704
-1053045.144193,13,13092.958664
5329756.59449,30,13093.576355
5268036.269663,54,13094.624857
5298808.513862,37,13095.357992
-767964.352461,9,13095.533906
-518390.49392,6,13095.648746
-832642.723859,11,13095.866975
5204669.501656,34,13096.545848
5405633.953137,30,13097.122734
5376331.655266,32,13097.747249
5182851.210811,36,13098.431169
-499397.685891,5,13098.527555
4810971.412714,39,13099.284608
-572145.939565,7,13099.432898
-836374.695723,11,13099.648738
5223541.838369,36,13100.345526
-718050.173307,8,13100.512709
4509815.122203,46,13101.405627
5917128.133068,65,13102.69338
-481376.105954,5,13102.788037
4959441.349056,38,13103.551523
-713977.971698,9,13103.720557
-785769.018136,10,13103.9208
5424785.60561,29,13104.498374
-465961.05854,5,13104.605984
-491390.021807,5,13104.710279
-704014.966533,8,13104.872582
-471110.225591,5,13104.969522
-483153.611116,5,13105.065948
5288883.19232,46,13105.965722
-556821.069979,7,13106.096711
-601580.125318,7,13106.241817
-457282.33996,5,13106.344861
-452665.349801,5,13106.441931
-801707.87085,10,13106.65018
5045845.102548,38,13107.441745
-780508.809259,9,13107.611693
-484891.746773,5,13107.736809
-756293.828034,9,13107.902015
5400533.276289,25,13108.411259
-940715.837862,12,13108.654604
5417144.236024,32,13109.289604
-499761.537229,5,13109.395409
-616657.925741,7,13109.526057
4902558.436089,40,13110.313673
-489678.742574,5,13110.411213
5366033.064328,29,13110.992483
-767580.619652,9,13111.162078
-488890.284814,5,13111.253038
-767039.890434,9,13111.434332
-501363.823642,5,13111.536887
-702430.619945,8,13111.70785
5298003.113832,32,13112.30769
4010905.980629,52,13113.247189
-487338.128074,5,13113.344041
4585866.37744,44,13114.162432
-495272.022334,5,13114.258751
5204046.820774,32,13114.876773
5344899.086107,33,13115.549837
-480944.873466,5,13115.64658
-501662.775003,5,13115.743546
-478875.359357,5,13115.840481
4978547.985254,38,13116.592201
5419133.388799,24,13117.076933
5391162.939953,33,13117.698705
-489834.787475,5,13117.791825
-663484.487513,8,13117.95541
-501608.450454,5,13118.05848
5116076.943635,35,13118.773265
-555775.933412,6,13118.888814
4294402.090132,50,13119.927181
5585964.167539,55,13121.016312
-492145.74039,5,13121.106622
-510823.4033,6,13121.227581
5579097.960236,34,13121.935932
5113821.818066,36,13122.67023
-502516.757147,5,13122.769494
-491150.746057,5,13122.869898
5339316.745246,30,13123.458667
4883403.006051,36,13124.161052
-495889.565805,5,13124.260859
-496056.414437,5,13124.361074
5443498.201439,26,13124.863875
-500120.56972,5,13124.9671
5003263.743733,38,13125.730448
-462553.214998,5,13125.815717
-487802.326821,5,13125.912281
5336563.284818,30,13126.481484
5328078.867281,38,13127.193194
5308939.112166,38,13127.917774
-493871.610018,5,13128.025668
-498432.124284,5,13128.112003
-478858.562605,5,13128.214957
-503338.075026,5,13128.312188
-146302.613207,9,13128.49676
-488683.874326,5,13128.608966
-498111.277318,5,13128.717548
-811626.728822,10,13128.911957
-491389.796743,5,13129.020934
4972686.787529,36,13129.742312
5362553.150928,31,13130.34224
5402084.533312,29,13130.930075
-494583.7706,5,13131.038435
4741093.336755,41,13131.845157
4114354.941406,51,13132.832184
-979665.819493,12,13133.097436
5336688.560556,32,13133.717093
5269578.574461,35,13134.450918
-1103244.206745,14,13134.735131
4119691.938025,51,13135.793295
4873767.996704,39,13136.547369
5442962.419679,57,13137.580017
4973519.574019,39,13138.278297
-503243.810961,5,13138.365334
-488703.987341,5,13138.456553
-557270.072334,6,13138.571032
5642539.396671,51,13139.492235
-488230.246391,5,13139.58303
3845457.870295,56,13140.63184
5299492.628427,35,13141.279884
4852045.280746,41,13142.055624
4224282.236774,50,13142.99491
5030729.259616,37,13143.67399
-699902.453593,9,13143.843919
5306756.354953,33,13144.419037
4557224.47032,48,13145.297947
5416825.719324,26,13145.758593
-487560.293088,5,13145.849176
-483417.609043,5,13145.946093
4786409.727732,41,13146.711519
-485795.605699,5,13146.806568
5354552.799662,30,13147.364105
-494018.538805,5,13147.461688
5020113.07681,36,13148.10926
4193243.061134,47,13148.939851
-558145.70141,6,13149.055431
5240591.993069,42,13149.812083
-933338.063954,11,13150.01826
5141981.792443,36,13150.705969
-482467.906627,5,13150.80006
4777284.871097,44,13151.633085
-713724.104823,8,13151.787844
-597206.550127,7,13151.920923
5339764.418131,32,13152.515469
5499068.725606,50,13153.435908
5194401.002496,53,13154.377358
-667025.982383,8,13154.510995
5349166.022876,60,13155.615752
-862979.815431,11,13155.823671
5137481.141697,37,13156.514497
5383185.277553,35,13157.168954
-629663.312095,7,13157.302953
5354562.42466,37,13157.995477
-493804.668321,5,13158.087201
5199623.841855,35,13158.732781
-648524.343202,8,13158.892568
-813692.449915,10,13159.07777
5031128.999974,35,13159.744637
4155324.384533,49,13160.677747
5198813.449041,39,13161.398568
-479225.505288,5,13161.495624
-491970.692494,5,13161.592612
-807815.884341,10,13161.774786
-492950.666644,5,13161.866495
5434026.476296,59,13162.940783
-815483.758311,10,13163.119559
-786233.086808,10,13163.295864
5354564.657258,39,13164.005634
5154797.970673,58,13165.113721
5516066.918264,41,13165.889001
-487741.284061,5,13165.986362
-906988.002058,13,13166.246541
4856061.718089,40,13167.016285
-1055783.09314,13,13167.265061
-1081222.76088,14,13167.537332
-480339.065715,5,13167.634443
5133569.408361,35,13168.301314
5218215.314096,33,13168.938074
5366904.823409,51,13169.895243
5310842.530213,39,13170.627381
-475032.048779,5,13170.721208
5267322.700157,36,13171.361143
-678053.538879,8,13171.500576
-501350.521678,5,13171.585807
-874695.903198,11,13171.779267
-630207.0126,7,13171.906645
-684743.782319,8,13172.046399
-747408.03822,9,13172.197915
-487128.430583,5,13172.288387
-675700.937688,8,13172.428292
5014567.119141,36,13173.088232
-646934.015342,8,13173.245762
-583605.246441,7,13173.375507
-489640.604083,5,13173.463989
5364365.370486,42,13174.252253
-493677.692201,5,13174.342698
4880345.121497,41,13175.087993
4820048.228432,45,13175.961158
5536771.004048,47,13176.882002
-674199.407627,8,13177.051715
-692346.132512,8,13177.209093
5343522.454625,34,13177.863587
4322472.023137,51,13178.85128
-491635.250826,5,13178.941959
-499320.636484,5,13179.045113
-500584.702835,5,13179.136206
-769009.136557,9,13179.293762
-488253.268829,5,13179.386153
5019825.948406,36,13180.032839
5363644.258827,30,13180.572937
-1005318.890595,13,13180.802445
-865772.293171,11,13181.002908
-840569.045818,10,13181.190941
-502867.432119,5,13181.275664
4325120.972136,45,13182.113502
5362413.872135,36,13182.790118
-494093.918005,5,13182.875128
-883776.56058,11,13183.093139
-503017.335625,5,13183.184315
-496953.830204,5,13183.287224
5253432.397279,34,13183.93528
5416546.250771,25,13184.426379
-495351.757339,5,13184.517403
-877085.238541,10,13184.699498
5345419.529352,36,13185.390016
-570724.037016,7,13185.530041
5423479.154736,26,13186.051138
5346575.840009,30,13186.626257
-481283.910821,5,13186.717281
-793010.897147,10,13186.900248
5161650.650801,36,13187.571336
5209655.120877,36,13188.23855
-484023.296066,5,13188.329229
5387167.803054,32,13188.947112
5240896.804647,33,13189.573264
-487242.830582,5,13189.668606
-502976.724496,5,13189.77197
5431319.117687,50,13190.771291
-607446.83113,7,13190.916703
-787606.760198,10,13191.129173
4808633.864268,69,13192.389337
5280247.991994,44,13193.182791
-509331.977375,6,13193.291736
-472356.372742,5,13193.379267
5291326.066093,33,13193.972328
4186844.185139,47,13194.82732
5031109.68781,47,13195.70402
-495659.194272,5,13195.807203
4942165.181837,39,13196.564461
-501712.584576,5,13196.661229
5303170.760083,30,13197.224913
5358156.804951,48,13198.151899
5196886.631679,34,13198.776655
4918413.184866,38,13199.46703
-502639.753553,5,13199.563818
-619663.080629,8,13199.715891
-556741.586652,6,13199.83683
-695382.993902,8,13199.982123
-762192.559844,9,13200.14592
4829759.498315,43,13200.951512
-489647.106948,5,13201.036511
-477758.984387,5,13201.121297
5250822.224383,34,13201.715537
-464811.656387,5,13201.818201
-507968.751336,6,13201.925142
-488826.636943,5,13202.012081
5089568.67358,39,13202.709096
-470968.850127,5,13202.806031
-494890.915993,5,13202.89072
5541961.887094,31,13203.454406
-489604.438882,5,13203.551595
5378623.600866,52,13204.527042
-486324.628712,5,13204.617942
5087778.561308,40,13205.376826
5126986.461794,35,13206.036225
-669735.959999,8,13206.200061
-489747.738773,5,13206.290638
6186813.553996,86,13207.896361
-743867.332702,9,13208.073336
5010488.802951,39,13208.823849
5406230.811856,61,13209.968593
-495995.178661,5,13210.06603
-492517.530709,5,13210.156553
-519712.499058,6,13210.277688
-494929.023536,5,13210.375404
-731676.794878,9,13210.538249
-683398.398752,8,13210.696316
5311440.534735,33,13211.319473
-898780.5575,11,13211.526414
-490625.70567,5,13211.622981
-126890.763035,6,13211.738059
-741159.663855,9,13211.901826
-485650.962847,5,13211.993168
-492843.259617,5,13212.078067
-456910.026982,5,13212.168392
-501903.293322,5,13212.253154
-802897.725107,10,13212.439611
-482331.445802,5,13212.526154
-459966.579446,5,13212.61729
-983210.703855,12,13212.835613
4704679.773283,43,13213.592466
-501631.395497,5,13213.683875
4548162.955044,44,13214.477537
-476917.965131,5,13214.56813
-570883.847242,7,13214.69582
4883004.965174,37,13215.390958
5226444.202966,33,13216.005911
5368668.405828,27,13216.513808
-879644.615381,11,13216.71217
5368665.6469,31,13217.307188
-677263.109927,8,13217.459198
-492977.354558,5,13217.549595
-758540.491056,9,13217.70739
5321083.19864,35,13218.356352
5338083.152787,30,13218.919122
5255903.689695,34,13219.575054
-794677.516217,9,13219.743937
-484899.19934,5,13219.840723
4043702.002326,54,13220.833603
5298919.483389,34,13221.462127
5803168.155107,57,13222.561607
-496833.076881,5,13222.659761
-483256.983755,5,13222.749353
-546357.780316,6,13222.875021
5149300.744709,37,13223.561492
-698588.722921,8,13223.7067
4951355.925623,36,13224.397337
-493538.977942,5,13224.500379
-492353.255963,5,13224.59124
4890847.276178,42,13225.379268
5126113.73114,33,13225.997316
-496941.212973,5,13226.094769
-492754.035938,5,13226.180392
-502673.375795,5,13226.270285
5396437.63032,31,13226.827775
-616765.894911,7,13226.949258
5930747.56392,61,13228.008956
-483331.266716,5,13228.099957
5411370.616869,32,13228.681631
-704804.158311,9,13228.845337
4650316.051442,58,13229.887712
-753808.724909,9,13230.05783
-498264.992725,5,13230.148768
-749200.888842,9,13230.312344
-465730.79386,5,13230.405286
-1416336.482302,18,13230.742103
-687246.895702,8,13230.894242
-837797.756156,10,13231.081324
-495777.213674,5,13231.179015
-484773.229304,5,13231.270126
5410468.239308,31,13231.845297
-1058936.21411,14,13232.106143
5672629.012841,50,13233.045591
-695719.143614,8,13233.196389
5336884.011637,33,13233.820523
-502927.417844,5,13233.917785
-495532.446238,5,13234.008529
5351510.665542,35,13234.626528
-720495.662269,9,13234.785614
-765376.37819,9,13234.947988
5213346.285925,33,13235.529452
-495035.282138,5,13235.620669
-487990.499477,5,13235.711306
-1278350.963461,17,13236.020605
-477271.235131,5,13236.111191
-811961.154095,10,13236.293011
-491799.551407,5,13236.37835
-490757.035873,5,13236.468702
-562058.670339,7,13236.595955
-495022.285971,5,13236.687223
5405830.283596,31,13237.28145
-488194.034093,5,13237.378392
5308536.368852,69,13238.674412
4826706.993534,41,13239.444191
5305348.325255,34,13240.092582
-492314.951094,5,13240.184054
-490840.066434,5,13240.27435
-672374.703658,8,13240.422938
5291435.078845,35,13241.06814
4950348.859719,37,13241.765364
5413905.860796,29,13242.304368
-780962.333747,9,13242.4743
-625259.697198,7,13242.607353
-488142.120617,5,13242.704259
-782755.709695,9,13242.873958
-681325.188287,8,13243.01987
-716415.681967,9,13243.189156
-808126.263391,10,13243.370841
-497226.161987,5,13243.468116
5442326.303492,40,13244.189084
-495200.798378,5,13244.274174
-719692.615827,9,13244.431801
-501850.883279,5,13244.516219
-502753.424737,5,13244.607301
5313388.927368,38,13245.274096
5198051.082657,38,13245.958402
5314778.893022,35,13246.576659
4982134.653466,37,13247.273436
5430288.118434,33,13247.903729
-487276.039199,5,13248.007005
5326819.08249,37,13248.703935
-502812.723543,5,13248.800842
-501283.591122,5,13248.898118
5312533.947604,42,13249.667222
-1003484.608604,12,13249.897593
-485377.635003,5,13249.988351
5400851.019194,28,13250.522162
-496328.84278,5,13250.612786
4852497.717953,43,13251.418939
5151513.661419,60,13252.558274
-499445.750818,5,13252.655297
-497007.515777,5,13252.758158
-493267.957764,5,13252.867258
5089802.81381,34,13253.521956
-493944.819764,5,13253.618217
-496977.686294,5,13253.709135
-494972.466066,5,13253.799932
-1033184.048263,13,13254.03636
-487155.443336,5,13254.127305
-496337.944644,5,13254.218215
-806205.401963,10,13254.393863
-494089.87896,5,13254.484689
4968247.658445,38,13255.163625
-611417.441906,7,13255.293032
4398207.454158,47,13256.12017
-597110.462298,7,13256.243924
-513429.809213,6,13256.351468
-1021620.318234,13,13256.581689
-494541.917387,5,13256.66608
5401407.417094,27,13257.199594
4960982.049035,39,13257.981955
5671934.613603,52,13258.969529
5443410.973114,50,13259.932762
-494688.646661,5,13260.023477
-502380.726819,5,13260.118259
-768436.780251,10,13260.296329
-500335.348723,5,13260.387062
-692201.332277,8,13260.530411
4963657.817123,34,13261.145803
5265796.824719,33,13261.731561
-452183.155583,5,13261.823738
-501895.574487,5,13261.90804
-729065.715582,9,13262.069983
-494005.466139,5,13262.156503
-130826.164072,6,13262.25953
4736456.453985,40,13262.998861
5092468.803685,36,13263.684015
-483707.373992,5,13263.782709
-489684.892991,5,13263.878017
3990915.213648,52,13264.860097
-614075.084356,8,13265.017173
4869675.717689,39,13265.780685
5180151.506933,35,13266.441335
-485712.076006,5,13266.533298
5075618.97185,37,13267.228966
-647131.219028,8,13267.386049
-500627.856306,5,13267.480607
4982364.159888,40,13268.240779
-777072.983923,10,13268.428866
4223375.795242,47,13269.279875
-490682.595931,5,13269.368129
5424067.851506,34,13269.956171
5140375.702929,34,13270.555575
-472902.686269,5,13270.644048
-709786.218171,9,13270.799786
-502489.451647,5,13270.888781
-502377.415864,5,13270.985723
-673444.016769,8,13271.131232
-679074.706421,8,13271.270568
5255114.139396,49,13272.185835
4482281.502825,45,13273.034445
5303476.9896,37,13273.731008
5210370.80413,31,13274.332216
-707031.511996,8,13274.482837
-483337.885647,5,13274.579587
-829942.674671,10,13274.792161
-523281.194933,6,13274.91258
5276886.475139,33,13275.531989
5215515.129524,52,13276.541327
-495201.760338,5,13276.633622
-486865.995306,5,13276.736872
5406292.301247,26,13277.22937
-624369.78212,8,13277.373041
-494839.551665,5,13277.466215
-489166.589061,5,13277.560679
-834681.095516,10,13277.745884
4086755.861701,48,13278.585064
-521256.78528,6,13278.688184
-808043.025538,10,13278.878952
5414703.338545,31,13279.432669
5518935.841126,52,13280.37894
5306627.071754,38,13281.082505
5124952.574816,36,13281.773197
-485907.086909,5,13281.873606
-809500.842242,10,13282.057406
5418307.762244,26,13282.53583
-501392.329099,5,13282.620742
4843131.374598,38,13283.306989
-621196.138477,8,13283.450989
4242060.912659,48,13284.317889
5324037.733377,31,13284.881396
-820823.663379,10,13285.075684
5138135.931728,34,13285.690865
5263388.650434,37,13286.32994
-501128.969812,5,13286.420728
-488281.122781,5,13286.511449
-706895.242745,9,13286.668766
-561655.813683,7,13286.80854
-559567.793584,6,13286.917543
-471977.473886,5,13287.01432
5152023.377794,31,13287.572109
-498064.433898,5,13287.663468
-502699.523771,5,13287.753531
-497981.52586,5,13287.851221
5205121.125121,34,13288.475192
-750601.927114,9,13288.645975
5149708.370985,36,13289.322912
-500770.979675,5,13289.413991
-636061.076275,7,13289.547369
-476696.597731,5,13289.638546
4980742.078835,36,13290.324425
3734326.175184,57,13291.394608
-502601.804716,5,13291.486515
-492247.788352,5,13291.57759
-664627.742923,8,13291.728844
-863481.677714,10,13291.929276
-502794.470431,5,13292.026033
-489406.162331,5,13292.12929
5217711.776305,36,13292.813457
-807953.01448,10,13293.001611
5215434.66898,34,13293.613737
-625001.42354,7,13293.740674
4262505.950055,48,13294.613535
-496836.246985,5,13294.704495
-733371.422648,9,13294.861737
-502629.344204,5,13294.952932
-499908.093889,5,13295.043872
-496872.269737,5,13295.143097
5314794.226506,33,13295.756212
5385452.563523,32,13296.365429
-491271.940755,5,13296.468209
4304461.181846,47,13297.389427
-501339.205804,5,13297.486061
-502792.963595,5,13297.576576
-560770.893829,7,13297.704354
-833507.298729,10,13297.891682
5341738.266107,56,13298.946506
5410248.165326,29,13299.479453
-491209.279135,5,13299.564565
-495483.349775,5,13299.649516
5027948.341642,36,13300.291337
5302819.998297,34,13300.89136
-492571.647345,5,13300.982982
-483368.663749,5,13301.073208
-459756.324852,5,13301.164234
4603597.923293,49,13302.049011
-460968.790749,5,13302.14583
5261306.405452,34,13302.776376
-483392.215307,5,13302.867216
-706341.297165,9,13303.036499
-935791.406681,12,13303.273357
5574662.474097,47,13304.139489
5416161.521161,31,13304.697083
5397165.779341,38,13305.424145
-479004.267585,5,13305.52168
-501736.881552,5,13305.618509
-576241.995563,7,13305.75759
5034144.820761,37,13306.460547
-493535.899642,5,13306.563566
-617642.924945,7,13306.690974
-489885.19115,5,13306.779444
4975541.622391,52,13307.769577
-512800.726167,6,13307.882573
3975856.446016,53,13308.813611
-665572.712605,8,13308.956779
-715699.499611,9,13309.108922
-502786.810556,5,13309.19984
-483987.305514,5,13309.285402
-717488.527731,8,13309.429984
-791763.448955,10,13309.61169
-1325346.571902,17,13309.914824
-984274.927489,12,13310.133024
5481375.748201,40,13310.871974
-968667.647686,11,13311.078387
-486359.989432,5,13311.172584
-487003.284028,5,13311.260154
-1097780.989144,13,13311.503021
-1598854.046529,20,13311.877859
5326865.433488,31,13312.478417
5400984.778405,32,13313.078
5330429.311659,34,13313.722709
3998947.636595,52,13314.702109
5184115.544984,36,13315.356374
5182563.118556,39,13316.053163
-497981.526885,5,13316.144452
-487367.326448,5,13316.235434
5099882.62332,37,13316.905556
-501205.119413,5,13317.010596
5261654.495471,36,13317.708192
4281639.376389,49,13318.659401
4534868.88359,47,13319.592254
-757310.194905,9,13319.768039
-481078.972404,5,13319.859436
5427442.772638,31,13320.447383
-484771.115556,5,13320.544127
4885799.049893,37,13321.276915
-497412.045844,5,13321.386208
-502358.702749,5,13321.488977
-596492.651267,7,13321.628729
5248088.134093,34,13322.325247
5328598.525066,102,13324.301384
5387651.023656,37,13325.024401
-475328.703275,5,13325.125772
-613471.878722,7,13325.252762
-455510.185564,5,13325.361334
-851215.136498,10,13325.573372
5259769.482473,36,13326.306681
5281284.187307,33,13326.955172
-483143.161795,5,13327.056117
-499565.905373,5,13327.149083
3925970.350413,52,13328.142844
-482527.310957,5,13328.233603
-492800.193419,5,13328.324614
-487449.491319,5,13328.421711
-812735.782489,10,13328.615475
4533801.629028,43,13329.445552
-498599.704697,5,13329.542674
-500711.967869,5,13329.652401
-481959.846449,5,13329.748964
4789264.605062,42,13330.579954
-642195.150322,7,13330.700298
-486610.710315,5,13330.796943
5278012.489545,31,13331.409185
-852250.370745,11,13331.628179
5166944.214747,49,13332.597192
5399722.368678,42,13333.445564
5410614.147815,28,13334.029711
4255703.384114,48,13334.966413
-589989.378187,7,13335.09375
-848942.948309,11,13335.311565
-501159.386281,5,13335.415178
5303161.746978,31,13335.997167
4881361.872431,39,13336.754391
-511309.849332,6,13336.885257
4765823.123303,39,13337.656991
-899135.741254,11,13337.875399
-486781.411462,5,13337.977949
4917948.716453,37,13338.72377
5154298.647275,38,13339.481344
-497377.606087,5,13339.586605
-501124.653248,5,13339.695505
-479998.627702,5,13339.790122
-668724.559132,8,13339.958502
-490567.639932,5,13340.058683
-491983.998511,5,13340.159694
-616619.608325,8,13340.329426
-496052.88143,5,13340.42643
-772418.633272,9,13340.595997
-489734.539672,5,13340.698935
-799174.581633,10,13340.906927
-499361.689289,5,13341.014457
5170684.21305,35,13341.723238
-895343.646579,11,13341.93563
-492459.591375,5,13342.039107
5393200.979012,31,13342.656436
5185710.874923,40,13343.4198
-487525.258489,5,13343.510746
4705514.335943,64,13344.71701
-499173.626568,5,13344.821576
-477737.893697,5,13344.916572
3770911.731527,56,13345.995629
4812768.91603,42,13346.838067
-488241.77449,5,13346.934408
5130379.589589,51,13347.904347
-495948.956292,5,13348.007077
5341972.143727,33,13348.655558
5111854.066439,33,13349.285734
-486334.292451,5,13349.388745
-480654.577822,5,13349.479882
-491082.714078,5,13349.570469
-482333.363416,5,13349.655466
-617294.279633,7,13349.782687
5424171.523298,44,13350.606879
4553839.270383,48,13351.55848
5484816.683639,59,13352.72865
-709621.839209,9,13352.897872
5220283.513519,35,13353.619327
-477961.560385,5,13353.710208
-468043.720796,5,13353.80634
-483219.972318,5,13353.90461
5255237.284295,33,13354.574692
-592229.858057,7,13354.719021
-492159.230117,5,13354.824463
4849737.458587,39,13355.634214
-891546.806022,11,13355.861049
5111918.518672,41,13356.672936
4865557.649818,40,13357.491157
-495458.40952,5,13357.587642
-476406.142358,5,13357.679157
-478369.946593,5,13357.772158
-772294.671792,9,13357.939622
5451973.571464,30,13358.521421
-792274.909576,10,13358.727325
4649966.213066,69,13360.102623
4874375.260958,38,13360.854507
-803783.538978,10,13361.042296
-475596.239642,5,13361.138816
-495237.839359,5,13361.235988
-481263.809771,5,13361.339242
-543748.42302,6,13361.46625
-499653.177466,5,13361.571934
-500838.078839,5,13361.678515
5338108.525968,36,13362.416436
4730056.826504,60,13363.611624
-124104.581923,6,13363.720874
4854739.294094,38,13364.464939
-503032.708802,5,13364.555314
-501878.423316,5,13364.647884
-483780.358798,5,13364.743614
-493223.22607,5,13364.836979
-676454.311197,8,13364.993876
-733242.408695,9,13365.181219
-494955.214696,5,13365.271625
-738066.853725,9,13365.461087
5273308.865382,34,13366.150646
4271663.036535,47,13367.0792
-492542.298158,5,13367.168725
-475705.169218,5,13367.265393
-761748.796603,9,13367.453245
-773341.815495,9,13367.641113
4430125.980285,50,13368.646989
-712819.772659,9,13368.824297
5274275.002284,39,13369.580531
4277273.991182,45,13370.507664
-496142.333083,5,13370.609096
-1146673.454966,14,13370.901917
-502782.53125,5,13371.01078
5220145.130597,51,13371.985932
-487550.501925,5,13372.095137
-510256.456832,6,13372.210519
-858360.555469,10,13372.404382
-492691.759588,5,13372.501315
-479466.658215,5,13372.604064
-484086.819049,5,13372.697606
5226886.16657,33,13373.349546
-487267.857138,5,13373.453918
-501835.599419,5,13373.549586
5397315.06005,30,13374.113058
5109420.39427,37,13374.846419
-490932.687943,5,13374.943268
-488384.622903,5,13375.040332
5296036.662151,39,13375.773788
-495291.55983,5,13375.864421
-490943.848243,5,13375.961383
5412589.04172,29,13376.537292
5199074.614158,32,13377.149305
-943587.315638,12,13377.387709
5218656.64841,33,13378.02965
-502126.842969,5,13378.118757
-494988.152239,5,13378.215522
5368104.495683,33,13378.827674
-486894.403959,5,13378.925092
-483286.163678,5,13379.015924
-1000087.596984,12,13379.241169
-899755.261968,11,13379.448577
-498108.194255,5,13379.542978
-474653.703354,5,13379.636414
-492378.502998,5,13379.734109
-787470.317281,10,13379.92467
-930128.406923,12,13380.161303
5417258.817429,51,13381.130946
-779721.57342,9,13381.306282
-824030.018958,10,13381.487864
-502555.989586,5,13381.578749
-766356.854745,9,13381.749063
-487382.878369,5,13381.840305
5036141.152852,45,13382.705956
-459716.990903,5,13382.803111
-494346.706647,5,13382.896536
-719614.647391,8,13383.039466
-473756.607392,5,13383.14291
4181669.64819,48,13384.076051
5097055.782702,56,13385.197373
-502480.650073,5,13385.300128
-488849.858482,5,13385.403203
5276777.248879,30,13385.978283
-568838.690311,7,13386.111887
5047740.68311,34,13386.760232
-502664.636696,5,13386.857055
-491301.133847,5,13386.954729
-746833.614511,9,13387.123654
-266103.476719,10,13387.309859
-481881.132357,5,13387.402605
-477156.904906,5,13387.493792
5250787.183619,36,13388.184695
-609517.422812,7,13388.313945
-492889.04308,5,13388.402582
-720515.765617,9,13388.574929
-490097.591534,5,13388.669807
-493354.04578,5,13388.775724
-497063.234092,5,13388.869269
5009950.566958,36,13389.554398
-593884.678553,7,13389.687182
4816932.033384,42,13390.49422
-607115.102381,8,13390.65096
-495340.36479,5,13390.741351
5082301.788829,37,13391.462966
-500243.547535,5,13391.553505
5649283.686715,51,13392.474488
5591031.200534,41,13393.220701
4857601.060687,41,13393.983784
5075901.305593,36,13394.668163
4177297.680875,50,13395.633168
5346810.396559,41,13396.389209
-502965.247083,5,13396.486303
-486463.393002,5,13396.589814
5110293.398227,36,13397.28014
-674777.393396,8,13397.444039
4912710.538453,38,13398.165133
5361523.423948,28,13398.692164
5025425.752281,36,13399.359324
5050619.440933,39,13400.06182
-650979.860644,8,13400.207078
-495801.346247,5,13400.309964
-468887.50293,5,13400.400881
-804862.358645,10,13400.576647
5370608.739694,30,13401.1164
-491777.723024,5,13401.200838
5276383.577511,33,13401.810901
-490241.125205,5,13401.897749
-513562.777309,6,13402.013487
-687945.446681,8,13402.1708
-631542.436895,8,13402.321752
-491570.924431,5,13402.41288
-502612.180755,5,13402.503677
3961985.916184,56,13403.541304
-495592.081348,5,13403.631266
-496512.308369,5,13403.721932
-482287.097585,5,13403.819199
5151594.805059,34,13404.468148
5347671.456152,32,13405.055441
-499651.993478,5,13405.158529
-730207.263928,9,13405.315473
5423282.496268,36,13405.958398
5175801.308328,33,13406.553452
-701344.880362,8,13406.703672
-768365.818222,9,13406.866791
4836339.119396,39,13407.58197
5269879.216377,31,13408.158227
4904041.104535,37,13408.860768
-681920.441533,8,13409.018681
-489038.613103,5,13409.115102
-488490.174925,5,13409.212228
4543436.287901,46,13410.096642
-666714.661043,8,13410.254692
-494378.289874,5,13410.35774
5366696.472851,30,13410.933258
-477198.78326,5,13411.030822
-493674.284936,5,13411.127218
-502713.900989,5,13411.223911
-494718.253591,5,13411.314944
-503358.90248,5,13411.406063
5269098.26661,33,13412.018055
-687770.002866,8,13412.18167
4825753.094302,39,13412.947273
-487792.091298,5,13413.042005
-496807.336084,5,13413.1391
4338630.389466,47,13414.054224
-494483.052219,5,13414.151374
5248944.347432,33,13414.768935
-1100780.552712,14,13415.041902
5296819.044317,32,13415.653942
-495349.833304,5,13415.752604
5319266.576147,40,13416.496037
5305278.431605,56,13417.534776
-1193617.000181,14,13417.774972
-679133.279558,8,13417.926573
-485524.819291,5,13418.011402
-490171.521024,5,13418.108315
-500179.003581,5,13418.199382
-480376.668274,5,13418.290153
5023724.725534,41,13419.042228
5388775.961267,27,13419.556935
4418447.321345,46,13420.416685
-735178.478862,8,13420.562623
-856863.836963,11,13420.756115
4952558.074055,42,13421.569517
5505203.601304,48,13422.49098
4522282.95434,42,13423.302032
-460889.147019,5,13423.398644
5448608.350314,27,13423.943856
-498265.366606,5,13424.041088
-480051.203537,5,13424.140801
4138444.934044,68,13425.455904
-486695.521997,5,13425.545985
-776215.117339,9,13425.719465
5304003.776887,32,13426.337663
-833171.496296,10,13426.53138
-701392.503431,8,13426.677583
-494607.236077,5,13426.773913
-784676.021341,9,13426.943201
-495591.396064,5,13427.04265
-476540.797775,5,13427.13771
-476664.231717,5,13427.228275
-631644.140746,7,13427.367601
-517232.93091,6,13427.488607
-494479.522457,5,13427.592007
4438736.645764,46,13428.494537
-484324.359198,5,13428.594542
-886703.83208,12,13428.822114
-681958.784529,8,13428.961113
5476304.390152,61,13430.136721
-641603.680399,8,13430.291179
-484425.300186,5,13430.388053
4740018.518081,40,13431.152571
5072513.13661,34,13431.803292
-1202217.823613,15,13432.070317
4096835.521036,50,13432.966692
-580524.351972,7,13433.08807
5433584.633925,29,13433.602996
-555296.916536,6,13433.712707
4902374.687707,38,13434.402841
4245900.884424,49,13435.342801
5373256.55048,35,13435.995736
-483946.227323,5,13436.094107
4820146.073673,39,13436.820829
5723239.541127,47,13437.72303
-822847.192864,10,13437.910909
-793747.153048,9,13438.081629
-832062.718491,10,13438.271438
-577874.455825,7,13438.403969
-502213.56212,5,13438.506233
5050445.434074,37,13439.193398
4921149.795659,49,13440.099527
-499607.060708,5,13440.190062
3619218.726987,54,13441.220429
5889181.285939,60,13442.360204
4939669.67961,39,13443.123872
-637143.715681,7,13443.262596
-490830.976759,5,13443.353801
-848402.599237,11,13443.565876
4007185.746884,64,13444.761422
5169497.044118,33,13445.395748
-478832.270985,5,13445.486666
-503048.54425,5,13445.577522
5400878.261984,27,13446.098858
-487675.086769,5,13446.196052
-483227.846773,5,13446.286697
5306843.597912,32,13446.85688
-815430.047842,10,13447.025697
-1404233.183847,17,13447.333728
-499863.900305,5,13447.432093
-482384.601918,5,13447.521414
-811010.305875,10,13447.698412
-488585.751919,5,13447.784107
5405389.16103,25,13448.237913
-560762.034534,7,13448.371376
-943600.101747,12,13448.595309
-502682.258555,5,13448.686345
-502638.714108,5,13448.770851
-478290.752814,5,13448.862689
4954183.201812,38,13449.577467
-500797.343804,5,13449.668475
-491803.303701,5,13449.764775
5486168.60349,54,13450.783489
-483227.399408,5,13450.889387
5274647.53598,37,13451.625645
5143350.452847,36,13452.299221
-512155.173919,6,13452.4129
-502186.233126,5,13452.507473
5402835.866544,41,13453.288204
-671440.095589,8,13453.437739
-490229.490644,5,13453.534759
-713511.890374,8,13453.685476
5144240.399944,34,13454.309879
5342684.023852,32,13454.879895
-485006.834129,5,13454.970241
-582423.798427,7,13455.091804
5633421.368759,49,13455.970534
4189760.985201,50,13456.937329
-505056.785136,6,13457.049063
-502520.80652,5,13457.146557
-793316.340722,10,13457.333584
-769814.12427,9,13457.509466
5169137.381316,34,13458.1639
5385293.729914,30,13458.721362
5330905.297624,29,13459.284927
-483307.281901,5,13459.376462
-754819.090064,9,13459.539526
-716716.906709,9,13459.715268
5435388.419339,30,13460.284835
4513323.934473,46,13461.147409
-729246.991408,9,13461.324134
5691995.123892,40,13462.084894
-803851.976261,10,13462.284557
-476248.808801,5,13462.381978
-475030.860604,5,13462.478261
5232261.821671,37,13463.181757
5258191.753983,31,13463.757264
5403268.763151,26,13464.257369
-490968.051557,5,13464.351542
-496673.54,5,13464.441972
5387958.278542,32,13465.055976
-480927.959254,5,13465.157399
-501229.537882,5,13465.260244
-500155.367703,5,13465.351176
5205231.268134,35,13466.011694
5421844.131091,30,13466.587759
-498771.897261,5,13466.684202
5557939.322942,68,13467.972079
-489049.233282,5,13468.065892
-566159.319835,7,13468.205544
-614080.960232,7,13468.332769
4988671.882476,36,13469.005454
-555887.918071,6,13469.120232
-587514.140853,7,13469.252944
-559369.435875,7,13469.387107
5354063.298858,32,13469.999457
5335038.388054,35,13470.665874
-876478.596033,10,13470.853717
-491242.654245,5,13470.948147
5382237.48061,30,13471.513703
-736570.853229,9,13471.683511
-496232.596649,5,13471.780879
4979824.161678,37,13472.471586
4952089.020318,42,13473.235254
5033032.256185,38,13473.90142
5253625.81568,33,13474.509339
-476001.111305,5,13474.598814
5343448.0909,30,13475.152203
3560937.138243,61,13476.289462
5171918.776018,33,13476.907831
5339160.187071,48,13477.822222
-484822.087879,5,13477.919091
4014323.682084,51,13478.858876
-478584.475834,5,13478.9562
4841403.203103,44,13479.755261
-881823.766269,10,13479.934603
-553436.934473,6,13480.034729
-579280.373295,7,13480.161381
5382732.54661,35,13480.774827
-487377.916142,5,13480.87012
-484029.405933,5,13480.959924
4486552.600042,46,13481.785556
-474782.91438,5,13481.870183
-487185.283918,5,13481.962057
-486267.329893,5,13482.052037
-814659.773639,10,13482.234041
-498073.335187,5,13482.3312
-486501.868287,5,13482.427711
5228224.983892,38,13483.131578
5333718.782773,32,13483.771138
4721705.429612,57,13484.829652
-487436.8616,5,13484.918596
-747178.041871,9,13485.082525
-480045.248312,5,13485.185396
-572514.985097,7,13485.312184
-710232.678052,9,13485.488304
5389158.339933,28,13486.015391
5230210.192583,36,13486.700319
5093720.378583,33,13487.305813
5841534.973398,59,13488.420882
4785517.242684,39,13489.142301
-1073329.953282,13,13489.378253
4941754.659158,46,13490.208901
-1165371.908966,14,13490.456943
-494401.619724,5,13490.54819
4746049.388548,42,13491.293367
-492317.331495,5,13491.384529
5358122.853586,31,13491.935785
-643379.89302,8,13492.091737
5391868.43821,32,13492.680902
-484562.619285,5,13492.772355
-838114.987977,10,13492.941523
-492893.069238,5,13493.032457
-585484.534323,7,13493.154566
-715860.033412,8,13493.299593
-779154.193607,9,13493.468655
3820544.909688,54,13494.426152
-501615.938976,5,13494.514302
-451197.165313,5,13494.601758
5310586.181646,37,13495.281507
-475058.116848,5,13495.365518
-488175.582265,5,13495.456377
-492127.763158,5,13495.553741
5387306.748084,28,13496.08221
-488024.777803,5,13496.17153
-502856.263468,5,13496.262547
5247552.828303,38,13496.965359
-479336.46441,5,13497.064656
5127812.899136,33,13497.67614
-486438.967145,5,13497.775597
-493679.416362,5,13497.871382
-495344.644473,5,13497.968091
4984836.056229,40,13498.729455
-612708.3853,7,13498.868865
-797887.061491,10,13499.064133
-720832.577948,9,13499.238051
-484199.372921,5,13499.329245
-496939.292986,5,13499.41958
-502994.647748,5,13499.504485
-497308.008883,5,13499.589687
5283072.45071,34,13500.209444
-703013.663669,8,13500.347249
4500297.096589,45,13501.159039
4750449.188017,39,13501.879896
5331217.86004,32,13502.497919
-496684.532867,5,13502.593553
-631268.696177,7,13502.722738
-656678.016308,8,13502.868279
-492421.491499,5,13502.961774
4986741.048163,35,13503.637588
-728595.329667,9,13503.813408
5396816.60927,27,13504.316071
5427622.553596,22,13504.728573
-706200.800896,9,13504.903715
-500238.560112,5,13505.000777
4409623.176854,71,13506.345931
5221938.834758,32,13506.952612
5392969.274005,29,13507.500498
5368451.47025,31,13508.079391
4044514.03976,49,13508.994318
4772817.170778,40,13509.739903
4050184.593249,51,13510.685547
5123980.40792,45,13511.521203
-521100.41837,6,13511.636314
5065705.053205,38,13512.370005
-502266.428908,5,13512.460546
-491234.205275,5,13512.557989
4071213.159467,50,13513.509091
4441949.264339,45,13514.370075
-631696.801813,7,13514.502581
4783351.671441,59,13515.627529
-733691.856106,9,13515.799829
-820528.613979,10,13515.993765
-756637.865208,9,13516.170749
-732900.817885,9,13516.349256
3941625.443021,53,13517.33356
5137368.616578,36,13517.962926
-479691.78323,5,13518.054479
-1544334.788229,20,13518.447897
-496085.740341,5,13518.551105
3630425.904336,60,13519.665718
-475284.133759,5,13519.756768
4414944.948126,46,13520.593544
4949319.024574,37,13521.277733
-484772.017877,5,13521.374826
-502854.328725,5,13521.489649
5359654.739701,28,13522.01685
-491698.604039,5,13522.120156
5427911.176827,29,13522.663944
-498612.945857,5,13522.764398
5378795.827057,29,13523.338473
-495493.730496,5,13523.437762
5271291.406398,31,13524.047358
-603839.092862,7,13524.180899
-868614.32417,11,13524.383631
-608680.195683,7,13524.514049
4048311.046126,49,13525.44734
5296176.955176,35,13526.119555
5115686.297732,37,13526.808222
-480796.070577,5,13526.895548
5409445.877122,31,13527.459226
4858685.315643,40,13528.180126
3750574.921049,55,13529.174005
4804623.489951,39,13529.90078
-478603.255939,5,13529.992064
-697280.50973,8,13530.154193
-481693.32137,5,13530.252825
-507467.611042,6,13530.367842
-940442.054428,12,13530.603794
4959953.723385,38,13531.318844
-486933.301448,5,13531.41591
5416057.069281,31,13531.991681
-503169.656886,5,13532.089117
-483340.848414,5,13532.185879
5051323.536719,37,13532.882541
5059118.973324,35,13533.537401
5390112.186919,38,13534.257954
-659873.813509,8,13534.409399
4920108.35126,38,13535.130795
-800427.000816,10,13535.325309
5781212.37475,61,13536.463871
-799536.54976,9,13536.615119
5396678.129913,33,13537.196888
-483722.729009,5,13537.287142
-494390.153173,5,13537.378828
-595350.257078,7,13537.50054
4396111.418424,46,13538.330943
-483617.79287,5,13538.42768
5838478.458781,57,13539.481917
4549934.932126,44,13540.296007
-501250.034253,5,13540.396546
5386214.193045,30,13540.955004
5318169.367407,42,13541.72968
5056230.825463,35,13542.384254
4507027.155228,43,13543.208613
-783553.220768,10,13543.384231
-779344.619514,10,13543.566475
5038610.422759,36,13544.244853
-1013146.793795,13,13544.493085
4626161.153243,53,13545.493158
-484970.265059,5,13545.584219
-491642.645033,5,13545.675256
-494819.874728,5,13545.778093
-495522.581126,5,13545.874756
-486611.972867,5,13545.978053
-469004.373144,5,13546.072023
-481084.436844,5,13546.172191
-859869.085645,11,13546.377761
-476338.082656,5,13546.474641
4715226.299877,86,13548.008726
4522650.090232,44,13548.790012
-497526.830008,5,13548.880565
-800022.932508,10,13549.062569
-740808.188894,9,13549.236291
-502945.759926,5,13549.330405
-488015.912068,5,13549.425802
4921847.589735,38,13550.134765
4798367.483908,41,13550.904947
5257942.382291,30,13551.480254
-494831.792143,5,13551.572557
-487381.624765,5,13551.666121
-957718.2231,12,13551.892116
5244422.566992,36,13552.577082
4440390.894127,73,13553.965082
5396048.877053,33,13554.595381
-813697.264883,10,13554.784529
-478549.340297,5,13554.875873
-456775.946975,5,13554.964826
5684935.576879,47,13555.824151
-683388.227576,8,13555.964464
5332356.40087,31,13556.516686
5090078.117806,35,13557.206883
5019416.122986,35,13557.892002
-823227.036216,10,13558.092062
-490805.324869,5,13558.184578
-729315.469324,9,13558.370379
-519243.71617,6,13558.491493
5605034.675831,50,13559.485564
-489620.422232,5,13559.577497
-746706.100704,9,13559.742508
4578162.517735,45,13560.607162
-917457.113365,11,13560.818843
4846148.942052,42,13561.594107
5425357.972437,55,13562.61895
-502362.694305,5,13562.727832
5060526.7608,37,13563.466791
-475105.193946,5,13563.575884
-494867.644547,5,13563.685153
5396758.56171,33,13564.314978
-501155.142833,5,13564.41842
-491681.941848,5,13564.521853
4912284.478754,39,13565.304115
5066273.147003,40,13566.098165
-502852.86135,5,13566.199606
-596118.648783,7,13566.333028
-796512.877889,9,13566.499183
-492396.930696,5,13566.593516
5010824.948732,36,13567.28542
-490285.790747,5,13567.381236
5129649.292099,48,13568.329873
5558687.712101,44,13569.212215
-495648.219199,5,13569.321077
-498451.516322,5,13569.417851
4997945.43156,42,13570.223999
-686620.178532,8,13570.387299
4533006.185755,51,13571.393697
5051845.191315,46,13572.284383
-808443.445935,10,13572.472097
-477449.922021,5,13572.571251
5368313.747385,32,13573.199259
-503105.44021,5,13573.317669
5408811.207511,30,13573.89568
5202825.575373,33,13574.52271
5016232.688123,37,13575.229164
-796924.040506,9,13575.398568
5354290.693322,29,13575.950471
-673074.575177,8,13576.083684
-496146.885921,5,13576.180391
-488654.812478,5,13576.2772
4301825.268145,47,13577.188217
-671913.845929,8,13577.337829
-745159.440476,9,13577.526075
5130648.245378,35,13578.216736
5225904.162053,35,13578.873586
-926654.320798,12,13579.101574
-496748.060928,5,13579.204125
-816240.635073,10,13579.398058
-703532.219546,9,13579.585916
4555819.853328,44,13580.45255
-818401.065048,10,13580.640495
5427857.269278,28,13581.225922
-487265.478912,5,13581.331918
-719887.100876,8,13581.482661
4976758.911268,37,13582.215851
5783180.135734,46,13583.161829
4475172.113659,75,13584.664777
4784233.87497,40,13585.494683
5115832.034639,35,13586.19121
-705716.255377,9,13586.376197
-937858.608165,11,13586.5912
-832074.979406,10,13586.78508
5123089.657171,34,13587.48231
5248426.336719,34,13588.16956
-634799.546062,7,13588.3123
-589138.27791,7,13588.457996
-769075.863791,9,13588.656123
-492851.952061,5,13588.748447
4171585.931565,50,13589.732919
-495366.782417,5,13589.833762
-868073.941922,11,13590.039418
-472556.480003,5,13590.133687
-493322.80674,5,13590.227429
-502735.658591,5,13590.33041
-481035.463419,5,13590.427052
-487275.569225,5,13590.5246
-512718.99348,6,13590.653782
-468834.949944,5,13590.75817
-771715.189954,10,13590.954284
-478672.609011,5,13591.051651
-467261.633872,5,13591.15061
5407446.793268,26,13591.660708
5368691.627901,28,13592.221264
-479551.099629,5,13592.318405
5447670.768797,30,13592.924063
-600448.052983,7,13593.057662
-765443.795047,9,13593.220785
-500230.366929,5,13593.320619
-507875.615856,6,13593.432984
4475260.591314,46,13594.321141
-493059.558974,5,13594.425787
-495982.088916,5,13594.525546
-1556985.536528,19,13594.923638
4755258.246679,38,13595.723969
5161248.518469,34,13596.414154
5540681.146453,50,13597.341747
5135857.468414,35,13598.038241
-502798.929826,5,13598.129478
3354547.594084,61,13599.335364
-495078.950478,5,13599.426405
-651696.793042,8,13599.602865
-706309.979453,8,13599.765939
-486737.416486,5,13599.86863
-502732.699783,5,13599.979871
-499975.580842,5,13600.119659
-964045.923325,12,13600.335256
5629836.598776,40,13601.080938
-484051.18199,5,13601.171294
4908952.155378,39,13601.905585
5081040.040895,37,13602.607847
5229428.864087,38,13603.328814
-621282.880599,7,13603.456074
-485702.233975,5,13603.555901
5566171.001373,45,13604.419665
-480229.94849,5,13604.521486
-488303.856508,5,13604.613564
-479754.816118,5,13604.704236
5365420.79703,39,13605.43735
-1212258.072208,17,13605.777149
5190057.32828,35,13606.425732
-720461.869977,9,13606.600935
5412063.221555,32,13607.273766
-479219.745479,5,13607.383273
-501775.299982,5,13607.479671
5643965.827006,58,13608.618873
5583510.886437,38,13609.322333
-490617.661294,5,13609.419392
-919025.775903,11,13609.636003
5542633.058884,41,13610.461517
5387416.92462,32,13611.067064
-502383.879493,5,13611.151885
-576429.409517,7,13611.285233
-472815.97835,5,13611.376645
-489511.551026,5,13611.485215
-475151.1924,5,13611.594566
4082866.009647,53,13612.606666
4421813.5972,59,13613.703822
-501595.562334,5,13613.792787
-498820.735028,5,13613.89439
-821536.870077,10,13614.091391
-622419.160134,7,13614.224294
-498600.38148,5,13614.333369
-495729.293563,5,13614.424599
4048326.415655,53,13615.449061
-687672.012599,8,13615.60055
-1093211.950114,13,13615.878797
-493880.021255,5,13615.976159
4489656.757467,45,13616.848253
4619936.876831,43,13617.666794
-512717.826386,6,13617.781482
5413810.816626,25,13618.254209
5110658.847866,51,13633.937422
5670006.960567,43,13634.724807
-474797.308826,5,13634.809986
5308941.483547,33,13635.403547
5082622.231085,38,13636.055815
-551325.40835,6,13636.161116
-1001264.955487,14,13636.403726
4927876.364296,37,13637.052645
-493476.923367,5,13637.143011
-618183.765755,8,13637.287161
-823870.017388,10,13637.464341
-477524.602581,5,13637.549135
-482000.057527,5,13637.633806
-616997.146665,7,13637.763381
4568036.090363,43,13638.562255
-489001.087286,5,13638.652059
-492388.62907,5,13638.749869
-483253.001658,5,13638.840629
5436892.330801,36,13639.543027
-500571.696482,5,13639.634459
5396937.690883,32,13640.246161
-483384.606152,5,13640.343015
-497934.498497,5,13640.439694
-690935.6917,8,13640.584847
-582439.966202,7,13640.729174
-990084.748809,12,13640.948407
5343392.919608,33,13641.605814
-803515.736162,10,13641.791247
-787608.811992,10,13641.978747
5408845.412369,75,13643.442371
4240837.821927,48,13644.360644
-897143.880563,11,13644.575949
5321618.280819,34,13645.22054
4642614.647878,66,13646.481425
3432405.783338,59,13647.596427
4714740.069032,41,13648.360067
-608647.532244,7,13648.493344
4127998.582653,49,13649.36603
-474208.230847,5,13649.456403
-705293.530581,8,13649.595825
-460087.192939,5,13649.687122
4035303.819761,51,13650.607997
-488218.849681,5,13650.698909
-479058.825684,5,13650.789657
-968769.800848,12,13651.020047
-494147.623743,5,13651.110791
-472728.20442,5,13651.201729
-719619.635044,8,13651.349657
4553109.001854,43,13652.166124
-488307.135115,5,13652.262249
-493812.67234,5,13652.359848
-704656.946859,8,13652.519227
5420129.277939,27,13653.02043
5401418.42253,38,13653.746816
-729922.086669,9,13653.9166
5449642.983197,27,13654.456487
4974722.971646,42,13655.304854
4270611.874777,66,13656.613769
-485356.327928,5,13656.710521
-748159.577247,9,13656.874263
5123296.518196,37,13657.552903
4974232.139844,38,13658.231276
-785269.541809,10,13658.412991
4219841.456056,51,13659.352765
-771090.725074,9,13659.534581
-611910.4114,7,13659.667815
5266084.955314,31,13660.267632
-607010.080324,7,13660.409968
-492837.027668,5,13660.510653
-697853.417098,9,13660.680339
5136639.269641,35,13661.342257
5358041.966068,33,13661.958362
4524927.571079,44,13662.812862
-492205.372952,5,13662.908654
-489863.09913,5,13662.99484
-494727.745264,5,13663.097224
-488612.284238,5,13663.200587
5445399.541781,31,13663.794387
-977874.404189,12,13664.018956
-478604.060345,5,13664.11579
4532765.110071,62,13665.267304
-494200.37309,5,13665.378145
-793467.085915,10,13665.558346
-751609.919783,9,13665.72427
-550711.226193,6,13665.833193
-559399.030691,7,13665.951574
-835455.961091,10,13666.139302
4974772.038821,37,13666.801873
-500857.636574,5,13666.890826
5264645.029616,32,13667.460346
-807657.742392,10,13667.648508
-706620.608554,9,13667.806353
5065159.479121,46,13668.642596
5409405.645258,28,13669.173305
-749571.267068,9,13669.348043
-783505.61089,10,13669.549193
5468938.167932,41,13670.333215
4874921.333089,39,13671.057025
-592648.683029,7,13671.187984
-491345.653717,5,13671.284392
4442789.453328,45,13672.152675
5317397.057968,34,13672.817408
-496594.478658,5,13672.914398
-496957.234556,5,13673.008009
-500748.284769,5,13673.102517
5098795.990883,35,13673.732785
-803888.794621,10,13673.908404
-498852.4105,5,13673.993371
-488952.346171,5,13674.084524
5321092.96596,63,13675.217298
-567816.634115,7,13675.350533
-489658.957767,5,13675.441451
-489881.014681,5,13675.526322
5190758.690025,36,13676.16909
-494309.871483,5,13676.259537
5445070.620842,25,13676.723997
-481941.994418,5,13676.816981
5123188.938422,36,13677.483808
-795688.064583,9,13677.647197
-492496.445723,5,13677.738329
5384236.775887,31,13678.31372
5384661.095218,28,13678.841269
5367955.88989,32,13679.435109
5139743.299942,40,13680.180813
4062460.057749,51,13681.137882
-494056.149825,5,13681.228798
-488189.407907,5,13681.31948
5360443.457126,30,13681.883034
5243166.392023,39,13682.622607
-484768.408417,5,13682.707248
5116405.245813,37,13683.434557
5035622.962835,36,13684.094898
5055381.306172,39,13684.798162
-512390.059084,6,13684.90692
-663586.656512,8,13685.058664
-495671.66351,5,13685.155328
3584044.704861,59,13686.241879
-586811.989163,7,13686.367265
-474601.917536,5,13686.466283
-673913.41087,8,13686.616042
4989686.89815,37,13687.343305
5358210.152394,33,13687.985406
-674446.541468,8,13688.130785
5028464.338474,37,13688.831715
-520754.220186,6,13688.943266
5243851.476183,38,13689.668566
-499286.217822,5,13689.763242
-493855.174976,5,13689.856664
-488601.945979,5,13689.949341
5196538.015898,37,13690.639952
-463048.381742,5,13690.731064
-499989.654671,5,13690.827406
5432568.540061,26,13691.318612
-502940.085734,5,13691.421853
5265706.47038,36,13692.106857
5076022.037888,58,13693.148665
-486722.181808,5,13693.241836
-689618.721954,8,13693.381081
5355148.588035,36,13694.021523
-450491.277568,5,13694.111895
-711629.179401,9,13694.275954
-487453.202662,5,13694.360953
5634536.099177,94,13696.124604
-494744.474043,5,13696.225516
-787700.365026,10,13696.417265
5414374.339949,48,13697.299345
-797851.95179,9,13697.479736
5157060.282123,40,13698.221777
-718780.212305,8,13698.366009
4763333.955468,42,13699.190315
-485727.828388,5,13699.287173
-486464.28637,5,13699.389953
-479701.294947,5,13699.486897
-492943.405756,5,13699.590106
5325748.614957,34,13700.244853
-856765.913515,10,13700.449117
-481793.032538,5,13700.541554
4955315.753445,40,13701.298873
-671776.499123,8,13701.450733
-479086.248602,5,13701.548094
5412132.548647,23,13701.977948
-799721.439239,9,13702.142255
-490842.645533,5,13702.226448
4859476.365356,41,13702.959278
5005922.603364,38,13703.637896
5028966.887402,36,13704.280806
5338831.082789,33,13704.898738
-489552.225993,5,13704.989654
5202795.832992,48,13705.889607
-668680.837328,8,13706.043893
5376278.776316,31,13706.625724
5709093.987194,45,13707.474515
-493729.908988,5,13707.576219
-502903.257013,5,13707.66198
4964894.160176,39,13708.420017
5340327.421673,36,13709.098438
5238594.699703,51,13710.085973
4879747.292804,38,13710.807347
4369210.048846,50,13711.722315
-1112109.900625,14,13711.985051
-517687.719104,6,13712.085865
-501878.75894,5,13712.176636
-492511.370141,5,13712.261493
-455146.698273,5,13712.352411
-478662.973057,5,13712.443602
-735606.24529,8,13712.58873
-760317.660378,9,13712.746322
-495138.590705,5,13712.841741
-485125.298947,5,13712.928309
-493868.849769,5,13713.012654
-486216.351922,5,13713.103494
5043180.755979,36,13713.764353
-785434.608607,9,13713.929304
-682484.695169,8,13714.085243
5083742.456613,36,13714.752429
-891645.240108,11,13714.957843
-479965.248729,5,13715.057162
5107710.692228,35,13715.74594
-744365.900827,9,13715.918246
-488822.747484,5,13716.013019
-722595.19652,9,13716.17717
-488508.837847,5,13716.267077
5464611.250175,33,13716.873098
5245701.155632,36,13717.535721
5722788.821969,48,13718.374416
-1441698.012252,18,13718.68428
-483726.546564,5,13718.76378
-545675.446649,6,13718.885271
5548536.707139,54,13719.866694
3916253.234738,55,13720.927516
-514678.057737,6,13721.054803
4556100.704107,44,13721.878587
4103789.777261,51,13722.829851
-912178.547048,11,13723.023751
-584348.528051,7,13723.1573
5235604.053668,33,13723.769041
-955889.552928,12,13723.999706
4933836.814458,45,13724.842144
5079469.821756,35,13725.527084
6109746.812806,78,13727.035342
-653358.292164,8,13727.180795
4774698.086486,43,13727.974647
-613096.308413,7,13728.095899
4578250.025875,44,13728.871538
-492606.299062,5,13728.962552
-478513.156539,5,13729.053216
-671847.125353,8,13729.198712
5052847.354891,36,13729.865332
4031943.710324,49,13730.768342
5457546.236465,31,13731.362922
4540521.579767,45,13732.207798
-502416.976094,5,13732.30142
-473296.689647,5,13732.392211
5265150.414771,55,13733.422408
-497408.952814,5,13733.513688
-769081.037777,9,13733.683052
5761237.820049,47,13734.550658
-546509.560592,6,13734.662801
5211198.372508,49,13735.52524
5282161.029176,36,13736.143569
-517275.590493,6,13736.24842
5394228.016596,29,13736.769813
-563224.451612,7,13736.895099
-492754.964768,5,13736.979731
-770404.690903,9,13737.137515
5387823.821563,30,13737.67542
-496787.520874,5,13737.767443
5321859.700881,33,13738.34908
-490876.449752,5,13738.434458
5248236.039245,42,13739.185843
-476310.292163,5,13739.276343
-481466.819908,5,13739.367539
-886970.569041,11,13739.56889
5245263.075611,34,13740.197678
-655781.679781,8,13740.351188
-480049.593673,5,13740.451845
-516274.144548,6,13740.567146
4827516.010177,43,13741.385118
-1293617.200567,16,13741.681953
-482978.986745,5,13741.772933
4526040.291699,44,13742.603786
-473508.81157,5,13742.700281
-704222.598082,8,13742.846003
-464600.479706,5,13742.936602
5301006.442698,37,13743.645783
5059756.339104,35,13744.320341
-864064.408753,11,13744.524865
-831392.179529,11,13744.730188
-502339.975724,5,13744.821398
-808145.883827,10,13744.990725
-485765.88187,5,13745.08198
-571860.112211,7,13745.202914
5742691.306028,63,13746.342115
4021821.070469,50,13747.28788
-486930.865903,5,13747.384958
5742065.552041,49,13748.311593
-481935.013418,5,13748.396935
-486022.575024,5,13748.493923
-495786.284356,5,13748.596354
5381337.129273,32,13749.194698
-450794.384369,5,13749.28137
-497762.731682,5,13749.378477
-488564.64087,5,13749.47577
-773553.877307,9,13749.65124
-778410.689634,9,13749.814848
5233470.662196,37,13750.500008
-497259.286999,5,13750.596907
5265041.277148,31,13751.192335
5441565.731083,24,13751.644549
-747837.05747,9,13751.802171
-502564.799912,5,13751.887378
5144105.715863,37,13752.549649
-820452.294649,10,13752.723102
5377551.613809,32,13753.286847
-130208.317925,6,13753.407941
5214931.78464,35,13754.060436
-483480.419731,5,13754.153427
-477197.961986,5,13754.244439
-479578.924478,5,13754.344427
-1015131.431972,12,13754.571735
-491781.036985,5,13754.664091
4751950.742902,44,13755.498968
-501549.765289,5,13755.58935
4302882.753873,49,13756.50506
-1142359.620391,14,13756.771165
-488331.359239,5,13756.868392
5418245.180389,24,13757.328743
-472828.496108,5,13757.425956
-776535.480417,9,13757.601558
5067796.701904,36,13758.270506
4946678.093297,41,13759.044006
5110071.983494,36,13759.756889
-485860.872186,5,13759.849146
-488882.303643,5,13759.936403
4490034.404471,45,13760.752966
-448221.851327,5,13760.837399
-769281.726939,10,13761.01971
-500764.64743,5,13761.112284
-679951.731151,8,13761.249894
-476859.348217,5,13761.340497
-552966.624802,6,13761.450596
5337610.650759,33,13762.037873
-484837.500652,5,13762.128091
-865869.119183,10,13762.310338
-853248.681119,11,13762.509828
5580101.774786,58,13763.582992
3862171.25223,58,13764.685982
-902031.718732,12,13764.916231
5079847.67261,36,13765.606669
-502576.749222,5,13765.691373
-481629.269023,5,13765.794525
-569331.393424,7,13765.927978
-494131.888384,5,13766.024704
-785182.994711,9,13766.194838
5278963.757494,37,13766.897924
-488468.404263,5,13766.99448
4891139.664608,39,13767.688183
-493374.04801,5,13767.77597
-470527.483918,5,13767.863353
5010230.03424,37,13768.515529
5156585.646267,35,13769.157992
4444723.602236,46,13769.993907
-462867.036637,5,13770.096889
5131501.479893,35,13770.765491
5090154.467033,35,13771.418272
-479940.014898,5,13771.509266
5040594.8098,45,13772.351443
-840436.390243,10,13772.545505
-916392.95249,11,13772.757447
4550289.919357,41,13773.532943
4089692.446135,63,13774.654026
5212880.670204,35,13775.272396
-754384.820356,9,13775.454126
-541551.747816,6,13775.563135
-487233.130753,5,13775.659928
5115931.079965,39,13776.38788
-488604.799313,5,13776.478402
-473396.012267,5,13776.581146
-485329.685068,5,13776.678065
-503199.707446,5,13776.769132
5191727.752726,35,13777.43959
-502665.056953,5,13777.532837
-484078.131597,5,13777.636758
-474517.323287,5,13777.73599
-492600.139489,5,13777.829585
-488963.533311,5,13777.93081
-714513.334063,9,13778.105259
4936827.391791,37,13778.799117
-784013.116722,10,13778.968949
-633058.917123,7,13779.08999
-495048.403862,5,13779.186697
4852952.029546,38,13779.872587
-597986.952796,7,13780.005449
-990076.852054,12,13780.217383
-555516.908709,6,13780.320614
-482588.377652,5,13780.410741
-682800.890859,8,13780.557121
-482995.296396,5,13780.64761
-499756.301595,5,13780.738183
5289088.067365,38,13781.417367
-502384.106545,5,13781.514055
4595880.930056,43,13782.308048
-955260.903822,11,13782.526029
-495298.156448,5,13782.622879
-498695.557452,5,13782.722786
-476130.93499,5,13782.820002
-463041.456659,5,13782.914278
5504785.899828,40,13783.659421
5422284.776543,26,13784.156791
-502856.800657,5,13784.259565
-495217.83686,5,13784.35657
-1272971.189603,17,13784.689277
5413457.265251,25,13785.172335
5219741.649088,37,13785.895094
-502754.014817,5,13785.993774
5398192.212862,29,13786.549938
4488306.801141,45,13787.440285
5227767.200632,33,13788.064478
-502837.831676,5,13788.158217
4835260.892381,39,13788.88891
-470463.67934,5,13788.989901
6364105.292999,88,13790.688519
-573853.586945,7,13790.82509
5395815.534135,31,13791.3856
5428152.178898,23,13791.827866
-487998.516027,5,13791.928143
-498259.532211,5,13792.016009
-494624.982437,5,13792.109356
-490785.181236,5,13792.204042
-500823.788825,5,13792.294859
5219873.762699,39,13793.015992
-493407.93649,5,13793.106657
-582593.155528,7,13793.233901
-555150.959728,6,13793.342854
5173649.455068,32,13793.936449
-494696.580235,5,13794.028154
4965531.0613,37,13794.73346
-707741.123227,9,13794.90348
-776914.43821,9,13795.112336
-674232.071219,9,13795.28177
6390046.081628,89,13796.92617
-1145308.092165,15,13797.233288
5408068.062599,31,13797.824357
-656013.072647,8,13797.966689
-600866.401003,7,13798.094765
4155764.64345,49,13799.07245
4219632.857841,49,13800.057024
-493370.148582,5,13800.160487
4860397.396233,40,13800.972062
-492959.613668,5,13801.079926
4201865.640993,49,13802.050961
5287405.052564,62,13803.305909
-804380.084438,10,13803.517496
5217286.638169,32,13804.159887
5345008.982582,31,13804.76597
-573591.05524,7,13804.911292
-592615.896157,7,13805.056921
-488749.258201,5,13805.169447
-900463.410298,11,13805.397335
-484659.574059,5,13805.493345
5326387.628378,37,13806.20786
-498811.162292,5,13806.298944
-463343.490224,5,13806.39003
5161650.899011,37,13807.074449
-603960.044437,7,13807.208401
5151521.161345,35,13807.898818
4301483.720094,47,13808.807543
-512175.018698,6,13808.934779
-888851.970401,11,13809.158999
5595028.967545,82,13810.764814
-687757.739528,8,13810.92855
5394116.211493,27,13811.486723
-647165.664791,8,13811.649928
-558110.586838,7,13811.789208
5675621.917241,57,13812.910094
-497034.688729,5,13813.007143
-482832.2252,5,13813.104012
5566378.571201,51,13814.079982
-474857.787767,5,13814.182791
-960707.511872,11,13814.407245
5149634.371411,40,13815.223537
4863148.859219,39,13816.000716
5211201.307895,32,13816.661546
-489836.453778,5,13816.758204
-489553.966577,5,13816.855039
-485998.333226,5,13816.94602
-489234.939692,5,13817.036995
-494527.177466,5,13817.139936
-471821.322008,5,13817.230827
-589370.974292,7,13817.352046
-476820.09557,5,13817.449075
-494941.186298,5,13817.540263
-798685.993034,9,13817.709432
-472863.473305,5,13817.794323
-503266.208755,5,13817.88527
-773725.759601,10,13818.067684
5371983.190778,39,13818.794334
-481514.657887,5,13818.900061
5331905.872387,53,13819.891144
5453485.060572,39,13820.660787
-980154.720963,12,13820.903073
5505669.226965,41,13821.690855
-502266.814336,5,13821.781847
4080996.490172,51,13822.81205
-495405.200354,5,13822.921082
-613189.491572,7,13823.066882
-495506.796488,5,13823.169482
-495676.821077,5,13823.266451
4994370.178301,45,13824.109097
5304671.317765,34,13824.793652
-485990.094635,5,13824.884416
-523258.504682,6,13824.993441
-715165.287666,9,13825.169278
-497020.759525,5,13825.266138
-476581.687052,5,13825.357681
-501382.129961,5,13825.460516
-489854.027586,5,13825.551038
5333146.320087,32,13826.151015
-482535.307988,5,13826.254296
4837814.906214,42,13827.065969
5228646.407026,37,13827.769548
-513845.001271,6,13827.878021
-485144.129158,5,13827.975516
5415693.48909,29,13828.526792
-790638.950194,9,13828.692859
-705061.974258,8,13828.841993
-498662.443583,5,13828.94494
-488000.815764,5,13829.041509
5295922.582945,31,13829.626282
-488009.86261,5,13829.720926
-554282.611678,6,13829.841764
-842824.774289,12,13830.078128
-493726.164493,5,13830.179995
-492625.084936,5,13830.292538
4651799.126877,70,13831.720226
-488393.457924,5,13831.823841
-500309.310963,5,13831.924113
-475857.729827,5,13832.023437
-488598.808688,5,13832.127487
-487302.283797,5,13832.229422
-787818.85888,9,13832.423446
4203000.674461,48,13833.392653
-486356.355901,5,13833.477273
5077810.957586,35,13834.144211
-700537.486619,9,13834.332095
5127120.530614,34,13835.018282
-696134.478312,8,13835.199711
-623829.895057,7,13835.332563
5271462.727966,34,13835.984051
-838381.030367,11,13836.186103
4667363.997089,42,13837.03464
-492703.271245,5,13837.141103
4970828.576352,38,13837.858575
-492683.958565,5,13837.961707
5366110.545052,31,13838.574331
5022684.528229,45,13839.477284
-486736.406039,5,13839.580137
-484742.416552,5,13839.677748
-513608.601385,6,13839.786364
5499135.524567,44,13840.671023
-702956.388924,8,13840.852502
4515285.757359,43,13841.701088
-503443.113004,6,13841.822549
-717651.461569,10,13842.022709
5615831.823489,55,13843.060835
-860138.684196,10,13843.240195
-483252.048998,5,13843.330895
-472773.584179,5,13843.421905
-587016.081316,7,13843.552014
-465754.545108,5,13843.652308
5103371.311655,39,13844.361321
5223704.042109,33,13844.99147
-665822.786539,8,13845.143042
-489118.111553,5,13845.250345
-503041.409507,5,13845.349165
-915290.954707,11,13845.591959
4536663.310686,46,13846.524816
-1065405.844614,14,13846.809436
-754923.286654,9,13846.976887
-489158.28244,5,13847.078928
5729823.949477,88,13848.837369
5347058.727017,33,13849.463667
-662877.60721,8,13849.627281
-461324.540674,5,13849.731461
-783703.358241,10,13849.917807
-472663.177529,5,13850.015281
-479417.823019,5,13850.111982
-613580.185047,7,13850.25124
-484579.168501,5,13850.354736
-502992.501692,5,13850.451135
4732768.330586,40,13851.221024
4923594.865023,40,13852.009126
-502430.27931,5,13852.117916
5016726.135633,38,13852.875634
-1107144.953835,14,13853.168404
-496292.850843,5,13853.269071
-462267.359187,5,13853.378561
4551679.834739,44,13854.26586
-491540.586398,5,13854.371984
5306654.687712,36,13855.093395
5101408.495239,35,13855.765974
-494930.543498,5,13855.863292
3828230.358615,55,13856.951822
4931476.78452,36,13857.638692
-501587.02147,5,13857.735332
-459763.424013,5,13857.832394
-499516.403972,5,13857.91719
-479261.28628,5,13858.008215
-759405.634482,9,13858.171519
5398687.625606,31,13858.735213
-480238.774456,5,13858.826345
4881541.375968,39,13859.523271
-621203.64804,7,13859.656783
-167366.202737,7,13859.795876
-500140.087106,5,13859.892864
-494060.011193,5,13859.996065
-493947.694512,5,13860.08628
-486808.579228,5,13860.18362
5397665.802951,33,13860.820164
-484655.035202,5,13860.916758
5031497.56863,38,13861.638636
5895380.429522,64,13862.892649
5117398.261895,38,13863.682122
-502694.13222,5,13863.776749
-596123.744689,7,13863.91644
-597716.670384,7,13864.043788
4967201.829711,39,13864.722135
-823181.075775,10,13864.898161
5546700.232382,42,13865.661851
-586269.36902,7,13865.782725
-497892.168509,5,13865.867574
5706168.971876,52,13866.800794
-618692.511717,7,13866.933963
5441127.177137,26,13867.431049
5303243.042121,33,13868.049088
-493015.142934,5,13868.146319
-615434.975486,7,13868.273542
5408140.659023,32,13868.861253
-489705.274869,5,13868.958104
5341033.149947,31,13869.534046
-497274.154629,5,13869.627923
-487752.269881,5,13869.727601
-486791.564334,5,13869.823425
-794669.881444,10,13870.012938
-672005.255591,8,13870.164129
-570477.123903,7,13870.291486
-776619.662488,9,13870.460952
5109788.002729,37,13871.121377
-582216.647032,7,13871.242636
-621135.340242,7,13871.364056
-489812.173598,5,13871.46798
-697390.036132,9,13871.636775
4273877.268734,48,13872.509385
-772732.002377,10,13872.70438
-500010.068673,5,13872.794063
4879415.40695,40,13873.527468
5426503.832719,26,13874.065307
4889382.791472,64,13875.279041
-496096.035013,5,13875.375699
-647541.010252,7,13875.509184
4846127.197444,44,13876.384048
-501682.279159,5,13876.482344
-489066.090301,5,13876.581303
5305222.563719,33,13877.208964
5019493.73262,38,13877.927047
5025523.9818,38,13878.678684
-485801.815658,5,13878.782687
5338556.266308,33,13879.399842
-502855.814893,5,13879.490188
-492152.361194,5,13879.581793
-496193.888033,5,13879.690684
5212431.284881,35,13880.357105
-459893.984836,5,13880.456065
-491851.147044,5,13880.551084
-791365.063688,9,13880.726304
-684363.42869,8,13880.878218
-524893.704514,6,13880.987438
4705177.142095,54,13881.987143
-635972.504305,8,13882.13225
4921351.457636,38,13882.859641
-880288.503353,10,13883.053317
-604950.729598,7,13883.192715
-626373.192479,7,13883.326417
-500033.737811,5,13883.425692
-493026.204473,5,13883.520602
-496562.092179,5,13883.616894
-502613.36544,5,13883.722175
6251291.013314,70,13885.053576
4499268.412793,45,13885.914149
-483462.789231,5,13886.016598
-947780.841572,12,13886.246953
-497124.609651,5,13886.337767
5208990.252479,37,13887.024359
-502780.404774,5,13887.110487
4994193.322055,38,13887.792128
5364537.649076,35,13888.416893
5234745.060956,36,13889.064777
-578710.801591,7,13889.196681
5443325.935043,31,13889.767683
-886442.879213,11,13889.974047
-948945.025021,12,13890.197947
-756390.384022,9,13890.36796
-482392.575162,5,13890.452609
5433554.315917,24,13890.907504
5226592.711275,34,13891.525017
4219676.680768,51,13892.446453
-1054484.234784,13,13892.677106
5390833.159489,29,13893.18917
-485621.112365,5,13893.276379
-645108.812104,7,13893.409617
-494686.698984,5,13893.500845
-500216.326458,5,13893.595909
4876712.560173,43,13894.379398
5445454.348945,50,13895.300872
5402747.452956,27,13895.82801
-1032385.451777,13,13896.076055
-576824.564373,7,13896.216247
-730950.822192,9,13896.385279
-496607.470679,5,13896.482031
4279865.756971,49,13897.389198
-844163.38067,10,13897.578946
5493789.895752,30,13898.143046
5379176.551448,31,13898.730617
-583319.187711,7,13898.865629
-498492.06297,5,13898.955094
5240828.573317,35,13899.591172
-783486.162139,10,13899.774317
-447021.53715,5,13899.863753
-489911.48439,5,13899.95242
-861322.114354,11,13900.156481
-863959.734426,10,13900.34459
5177314.862905,34,13900.967464
5273153.162312,32,13901.548469
-484211.578429,5,13901.645186
5775050.355189,81,13903.208538
-495388.573994,5,13903.30007
5408440.29918,26,13903.808607
-622392.277614,7,13903.936328
5320250.746685,32,13904.567663
5254496.18338,36,13905.253312
5270039.657844,33,13905.868927
-873558.897908,11,13906.068956
-502368.373189,5,13906.166274
4112566.182031,49,13907.099243
5103788.433308,33,13907.729499
5785148.338617,49,13908.644479
4965116.57,38,13909.360882
5403764.075447,26,13909.856353
-946920.915164,12,13910.068328
-792983.36086,9,13910.238094
-484261.701194,5,13910.329015
-478655.328115,5,13910.426159
-476854.145894,5,13910.517259
5307261.112853,36,13911.189369
-483502.121151,5,13911.289065
-502607.74815,5,13911.383998
3905721.094818,56,13912.401406
5106317.101307,39,13913.092093
-716409.191578,9,13913.249791
-474525.681773,5,13913.341496
-487864.238513,5,13913.431541
-1351506.955683,18,13913.759139
-651951.91949,8,13913.910873
-462042.15129,5,13914.00325
-482041.710019,5,13914.092459
-494244.587907,5,13914.183521
-631717.487599,7,13914.310562
5070834.250367,35,13914.977486
4443242.875057,45,13915.831516
-754273.080065,9,13916.007438
-577094.233824,7,13916.14053
-843496.869063,10,13916.331201
-673418.354528,8,13916.480656
4923020.225048,37,13917.194749
4232703.932692,47,13918.074739
5206527.002894,33,13918.697523
-656107.7277,8,13918.853509
-493922.254765,5,13918.941899
5434410.360626,26,13919.400654
4615972.86209,45,13920.206905
-489275.344953,5,13920.297519
-463680.38408,5,13920.398885
4836413.942291,39,13921.115853
-581155.345953,7,13921.243037
5401140.409101,29,13921.781792
-767993.540862,9,13921.939602
-502362.336437,5,13922.037982
-498277.76939,5,13922.129043
5115567.853699,36,13922.830735
4067250.81886,53,13923.848445
-492314.047574,5,13923.951543
5463967.169752,46,13924.836421
-479593.023136,5,13924.927979
4706566.434908,44,13925.769442
5314243.607242,47,13926.68041
-1246666.103141,15,13926.978687
-498661.745587,5,13927.076467
4367965.429706,49,13928.042244
-471499.783873,5,13928.139009
5241130.463341,36,13928.8607
-648199.938222,8,13929.006103
5312128.071109,37,13929.702315
4158714.596802,51,13930.610428
-554571.195058,6,13930.716857
4244273.349041,47,13931.564023
-716253.484116,9,13931.726687
-508515.241668,6,13931.835412
-600530.384813,7,13931.957059
5377964.73468,65,13933.156977
-495448.647298,5,13933.253647
-480855.781493,5,13933.344874
-758276.20962,10,13933.52611
5013029.775536,35,13934.187212
-487855.106463,5,13934.27795
-500344.212742,5,13934.368497
-1054289.515893,14,13934.623696
-502535.387502,5,13934.714327
-494390.044562,5,13934.804882
-488243.129381,5,13934.890073
-496706.974437,5,13934.980995
-484893.410135,5,13935.065329
-502534.698743,5,13935.150245
-708277.776491,9,13935.309153
5215260.232546,34,13935.920378
-667687.124261,8,13936.059168
5663751.58803,59,13937.150589
4680931.016126,42,13937.951063
4621600.332332,42,13938.72072
-853447.572072,10,13938.919481
-483817.751838,5,13939.010669
-495697.498504,5,13939.10145
5123871.058048,41,13939.837581
-495040.231569,5,13939.925425
5609332.190705,35,13940.543751
-826152.890068,10,13940.719267
-492456.315345,5,13940.810148
5156640.149857,34,13941.416321
5378215.817325,29,13941.955637
5138323.62972,35,13942.60456
-484082.5846,5,13942.701241
2684143.517531,73,13944.083392
-746023.381171,9,13944.252189
5214921.118491,32,13944.846575
4176570.538331,48,13945.706547
5249301.309714,36,13946.366846
5432288.378974,27,13946.901805
-489916.305551,5,13946.997875
-644902.912261,8,13947.142703
-782146.24875,9,13947.306698
4559894.505398,45,13948.154664
-658850.904566,8,13948.3065
4937123.256924,39,13949.04616
5302197.321397,36,13949.72492
-485724.89563,5,13949.827614
-483834.901731,5,13949.918199
-495324.266321,5,13950.008996
-210985.689588,13,13950.246063
-499823.54337,5,13950.33064
-493551.279258,5,13950.427403
-841694.643083,10,13950.605694
5234344.248334,33,13951.191934
4995287.739236,36,13951.81486
-916909.564757,11,13952.00277
-1001275.762146,13,13952.2334
5425876.474171,33,13952.82707
-559007.152861,7,13952.948078
-858293.454092,10,13953.128723
-493777.851042,5,13953.216963
-468794.372366,5,13953.299977
-950505.350937,11,13953.499967
5309637.882736,35,13954.142541
-486179.868716,5,13954.233081
4786038.690632,40,13954.978893
5307542.021201,30,13955.554606
5004715.332536,39,13956.281352
-872986.647729,11,13956.487282
-490814.596129,5,13956.584392
-954414.972374,12,13956.814451
-480736.529466,5,13956.905486
-481355.30144,5,13957.002693
-627648.041131,7,13957.148069
-800634.328452,10,13957.333921
-630025.404683,8,13957.474836
4216177.479842,49,13958.335353
5164696.353907,35,13958.947533
-497361.41386,5,13959.02619
4232035.726641,50,13959.941518
-489471.156823,5,13960.032517
-484565.536821,5,13960.13576
-490963.172053,5,13960.226735
5244807.368089,36,13960.9049
-688731.74262,8,13961.056336
-519382.834456,6,13961.165424
4896592.811819,38,13961.886664
4898770.406793,40,13962.638115
-470947.830594,5,13962.728918
-461880.379555,5,13962.825807
-857029.100446,11,13963.026196
-492433.99545,5,13963.117082
-495992.280915,5,13963.213712
-456187.197001,5,13963.305241
5533237.600074,47,13964.189644
-480402.415681,5,13964.280285
5150211.936223,33,13964.922883
-928048.970656,11,13965.116674
-481358.609115,5,13965.201272
-650065.890819,8,13965.346803
-482143.68552,5,13965.437741
4190282.06186,48,13966.292725
-491148.605117,5,13966.376897
-495789.871988,5,13966.467843
-469105.859495,5,13966.558749
5242973.511639,31,13967.116873
5235069.775973,36,13967.761953
5418621.392141,28,13968.28579
5136279.9092,35,13968.909996
-461169.719174,5,13968.994781
-643947.191636,7,13969.122046
4120197.949959,51,13970.025062
-1057095.171775,13,13970.255242
-488495.219587,5,13970.346496
-867712.146226,10,13970.534157
-766179.071385,10,13970.715815
-491324.273573,5,13970.806789
-497391.582175,5,13970.912534
-480238.06254,5,13971.006778
-704989.407827,8,13971.153075
-810393.184805,10,13971.346118
5069142.208307,37,13972.049548
-874421.539338,10,13972.249317
-744303.368601,9,13972.424896
5546856.975832,72,13973.775993
-487459.754832,5,13973.873263
-481164.608674,5,13973.964098
5362842.583525,31,13974.548226
-475283.916413,5,13974.636571
-519376.545384,6,13974.740031
-494705.113013,5,13974.839939
-682436.131559,8,13974.981871
-486711.347308,5,13975.066694
-580177.020129,7,13975.200293
4812968.007958,63,13976.336073
4390038.589844,51,13977.254328
-476751.920945,5,13977.33966
4542369.159437,44,13978.119372
4893305.322825,37,13978.787501
5362051.638883,32,13979.369614
5048239.058481,39,13980.096502
-491503.16584,5,13980.193644
-721261.382929,9,13980.357291
-701132.414673,8,13980.517578
5322416.570214,33,13981.120837
-714760.509316,9,13981.284217
-670905.524263,8,13981.436084
-497155.051195,5,13981.526664
-502716.850963,5,13981.623459
5205516.953117,34,13982.278465
4249156.011045,52,13983.247755
-494739.880977,5,13983.338959
5388027.044743,30,13983.933271
-450133.717205,5,13984.023735
5403784.312127,30,13984.581321
5144832.683943,32,13985.175579
-481734.042576,5,13985.266254
4155472.932282,50,13986.174716
5354745.826008,29,13986.697774
-486085.943418,5,13986.786511
-484405.726326,5,13986.87836
-480241.529007,5,13986.962401
5391113.489526,35,13987.580604
5269816.110684,35,13988.226037
-481981.499307,5,13988.319753
-610870.89341,8,13988.465416
5398303.929988,25,13988.937853
-507014.456601,6,13989.047182
-497341.010567,5,13989.137942
-906908.119571,11,13989.356502
-492862.091366,5,13989.453507
-486910.191985,5,13989.549991
-494586.516766,5,13989.648368
-624965.907415,7,13989.783273
5353183.786433,30,13990.36225
4985397.242476,37,13991.065455
-477973.172605,5,13991.162462
-496966.274283,5,13991.25339
-500266.900067,5,13991.350221
-497152.452177,5,13991.453171
5186994.366108,33,13992.095001
-703401.867818,9,13992.26762
-675183.62637,8,13992.418855
-495956.189053,5,13992.519263
5704773.202556,52,13993.507085
-481291.778387,5,13993.59852
-550404.914761,6,13993.722151
-870158.764409,11,13993.931613
-527199.937674,6,13994.042819
-825504.959001,10,13994.222193
4954357.3146,38,13994.986277
-496504.428055,5,13995.086137
-500815.5416,6,13995.19811
4539000.254316,44,13996.033901
-646860.852765,8,13996.173288
-478406.359746,5,13996.26437
5396116.846544,27,13996.737343
4472448.82079,45,13997.537391
5470496.955707,49,13998.409644
-1309079.576783,16,13998.694245
-500451.815696,6,13998.810796
5299530.528319,36,13999.483691
-785224.617504,10,13999.669951
-711226.504141,9,13999.836053
4525596.363351,43,14000.633486
5032957.190414,37,14001.340794
5233115.261143,31,14001.918165
-485067.130514,5,14002.01618
-701308.365171,8,14002.166544
-493299.118069,5,14002.259883
5202580.29382,35,14002.917747
5403918.812679,28,14003.433056
5396111.921584,32,14004.05795
-1062717.765189,13,14004.293667
-706964.902026,8,14004.451289
5085215.071751,36,14005.087558
-494783.135455,5,14005.17234
-624696.960392,8,14005.317988
-502498.652184,5,14005.408587
5721890.149621,48,14006.281669
4125653.544379,47,14007.148231
5412372.099293,29,14007.675611
-773969.227847,9,14007.864527
-627257.087309,7,14007.996242
-727688.619695,9,14008.165933
-497778.469313,5,14008.262919
-504544.81277,6,14008.383983
5773614.109767,52,14009.335526
-496238.841618,5,14009.420298
-647471.997324,8,14009.560145
5407418.652294,28,14010.056737
4656663.718341,49,14010.92958
-636734.2767,7,14011.05034
-491488.96453,5,14011.141566
-500600.486742,5,14011.232338
-680213.519856,8,14011.371651
5196857.97467,37,14012.050288
4833189.196901,37,14012.7503
5683402.412827,52,14013.717006
5169382.672082,36,14014.389913
-600174.373936,7,14014.524573
-498914.033035,5,14014.614489
-629554.877982,7,14014.74717
-759761.3207,9,14014.918348
-829263.414318,10,14015.110727
-1158262.507801,16,14015.401378
-490592.831254,5,14015.492751
-500463.276434,5,14015.589999
-483992.08749,5,14015.689118
5282039.806046,31,14016.289747
-635731.104244,7,14016.419389
-483567.111817,5,14016.522901
-947135.882374,12,14016.749918
5040432.956775,39,14017.45722
5322209.377447,32,14018.025332
-834043.900422,10,14018.213776
-493452.683001,5,14018.304495
5056045.160432,34,14018.922223
-497796.21128,5,14019.013567
-489528.596246,5,14019.104639
-498988.356197,5,14019.195384
4919740.260685,40,14019.946661
-488336.609085,5,14020.043975
-575721.233279,7,14020.165044
4633137.681044,46,14021.015766
-498659.150553,5,14021.103872
4976359.283786,36,14021.749389
5337316.900494,35,14022.364703
-488979.832657,5,14022.45558
-503277.52289,5,14022.546057
-494201.740611,5,14022.636992
-1022765.213154,13,14022.882315
5154074.991879,38,14023.574053
-745148.027565,9,14023.746037
-489652.238803,5,14023.836869
-501836.161953,5,14023.934372
-484284.901883,5,14024.02878
-699953.263883,9,14024.193768
-473884.947363,5,14024.285499
-701080.267078,9,14024.449085
-495691.525981,5,14024.54615
-501000.041865,5,14024.6374
5249055.561319,33,14025.245716
-475545.458718,5,14025.333533
-800988.710889,10,14025.528178
-1188719.908999,16,14025.859214
-482164.139979,5,14025.952051
4578375.710284,41,14026.709811
5423471.280554,24,14027.158004
-486632.276452,5,14027.249127
-591601.315169,7,14027.375714
-480567.929546,5,14027.472752
5367355.521314,31,14028.030676
4155792.738069,56,14029.017903
-501609.237143,5,14029.107291
-483503.909373,5,14029.194297
-560357.37418,7,14029.321282
-674005.073285,8,14029.460355
5217600.127908,33,14030.097293
-481427.420684,5,14030.187421
-485703.792488,5,14030.287883
-482746.058668,5,14030.375648
5424997.51078,32,14030.981465
-492136.759517,5,14031.090503
3970948.753303,51,14032.062735
4748092.652045,40,14032.806745
-502587.212278,5,14032.908854
-512681.658402,6,14033.011979
-804674.538247,10,14033.203581
-495611.529365,5,14033.297621
-720571.568094,8,14033.441806
5798134.088354,71,14034.719007
4981935.841103,38,14035.389863
-733864.085894,9,14035.550917
-696258.511478,9,14035.72018
5339485.018756,30,14036.26561
-479108.86997,5,14036.363
-487940.612163,5,14036.459988
-506480.000063,6,14036.574642
-521009.649959,6,14036.684045
-770397.951606,9,14036.873563
5436014.68738,28,14037.423147
5021637.236875,41,14038.192828
-767305.899393,10,14038.393082
-1449311.931236,19,14038.762646
-496735.341672,5,14038.871739
5574005.214542,49,14039.863481
-705137.726426,9,14040.029261
4206962.757076,52,14041.059386
-490061.962581,5,14041.165528
-477204.364182,5,14041.265465
-502317.821747,5,14041.365176
-930965.747596,11,14041.560584
5405546.185891,28,14042.066445
-494131.595933,5,14042.158663
-702744.44996,9,14042.33061
4471915.006167,48,14043.235113
-699754.240689,8,14043.386525
5389276.127308,28,14043.901342
-605160.267311,7,14044.034857
5080853.688535,52,14045.05552
-481358.721503,5,14045.143723
5572535.934975,55,14046.240924
-843769.628364,11,14046.476968
4681293.265945,42,14047.303251
-490246.685255,5,14047.404717
-495210.671848,5,14047.494783
-778214.321195,10,14047.677435
-790151.229956,9,14047.839935
5407300.492536,28,14048.416458
5404537.955632,31,14049.046584
-495986.144478,5,14049.143169
5000890.557671,47,14050.076737
4442076.377941,45,14050.961062
-485857.038395,5,14051.06994
-814848.254969,10,14051.272301
-511730.862236,6,14051.389062
5607640.658127,55,14052.439795
5271826.51879,35,14053.127344
-499510.122103,5,14053.227896
-487723.033304,5,14053.334549
-487157.781751,5,14053.436764
-547773.714113,6,14053.548676
-724350.237492,9,14053.712022
-739634.517101,9,14053.89424
-489763.688395,5,14053.98686
4128589.371086,50,14054.985107
-958646.93567,12,14055.239733
-846569.288388,11,14055.451249
-464069.759081,5,14055.548182
-485175.179609,5,14055.645564
5001502.050141,35,14056.336331
-815967.099355,10,14056.524365
5025870.919476,38,14057.239236
-483753.547416,5,14057.33621
-519850.547877,6,14057.455838
5518995.372094,44,14058.282638
5345192.30258,31,14058.881631
5393510.737182,30,14059.462986
-734172.920174,9,14059.632587
-835316.507607,11,14059.839705
-556552.091394,7,14059.971997
4444294.541655,48,14060.948208
5003448.174752,43,14061.802646
5029411.719153,36,14062.553387
5192067.547128,56,14063.656469
-480055.530388,5,14063.751618
4864467.609668,38,14064.510714
5295731.943657,31,14065.123142
-503140.60741,5,14065.217605
4802996.294672,39,14065.999286
4266242.893441,56,14067.068314
-485587.797397,5,14067.165028
3803556.069402,57,14068.286432
4950502.982767,37,14069.001328
-490915.707596,5,14069.098564
-793751.525521,10,14069.30466
-652136.937033,8,14069.474221
4334123.429254,47,14070.419369
5366147.941364,31,14071.031169
-479790.024129,5,14071.136675
-486634.489728,5,14071.239337
-484864.990345,5,14071.346489
5751846.973222,46,14072.219283
-473380.964088,5,14072.31617
-211982.865962,8,14072.480531
5360304.887536,27,14073.025312
-814228.592384,10,14073.209256
-667123.827985,8,14073.364689
-491311.278835,5,14073.468398
5374580.54523,29,14074.055782
-806452.937682,10,14074.262117
-486472.25571,5,14074.358623
-498069.503753,5,14074.456496
-784050.554011,10,14074.64836
-488757.321267,5,14074.748083
-489739.041145,5,14074.838727
-496158.593104,5,14074.930969
-501205.028113,5,14075.024895
4926265.413404,37,14075.715937
-891350.519349,11,14075.929291
4122809.837348,51,14076.906165
-490364.542121,5,14077.006963
-499826.035806,5,14077.115706
-959079.85222,11,14077.32171
5340272.803802,37,14078.060977
5332601.982615,32,14078.700451
4089974.876324,56,14079.742247
5219070.966818,32,14080.339247
-502677.719738,5,14080.442683
-671969.058643,8,14080.594089
4882555.580998,42,14081.363877
4935933.30935,39,14082.151544
4491852.756448,48,14083.093434
-911742.009987,11,14083.314842
5726927.895304,66,14084.623731
5116842.445967,36,14085.309721
4790113.472825,43,14086.120719
-471122.728698,5,14086.225109
-725805.45389,9,14086.387344
-553813.789112,6,14086.49044
3314877.961902,61,14087.623762
-502497.515022,5,14087.714641
-495511.105657,5,14087.799327
5313923.242909,31,14088.392824
-484570.784988,5,14088.483964
-667976.621801,9,14088.666302
-485386.079746,5,14088.750334
3901913.385708,52,14089.787174
-487181.238823,5,14089.895677
5398220.81114,27,14090.416752
5712611.032599,40,14091.168991
-483309.208219,5,14091.273008
-501195.057009,5,14091.374282
5338620.307527,32,14091.992816
5168743.980897,34,14092.672026
-697405.640253,8,14092.835322
-717284.90607,9,14093.029601
-484215.48381,5,14093.131913
5083614.310696,37,14093.829199
-495132.906501,5,14093.919408
-499230.569997,5,14094.018264
-476429.857961,5,14094.115993
-487939.485058,5,14094.207186
-522443.878105,6,14094.320576
4992532.153843,37,14095.040868
5095743.674455,36,14095.771708
5062436.49114,38,14096.537675
5350895.331022,31,14097.14394
-649389.324188,8,14097.28875
5180846.57757,36,14097.985963
4959428.65681,37,14098.660995
-495362.181524,5,14098.75526
-492072.382664,5,14098.8485
-498884.293505,5,14098.937498
-472141.955546,5,14099.027403
5393607.741648,30,14099.55356
5349076.721423,32,14100.136882
4801314.688107,38,14100.829287
-481867.013595,5,14100.918753
-491284.564521,5,14101.010101
4999130.864594,42,14101.816119
-491211.28356,5,14101.906569
-811460.352446,10,14102.100949
-415840.262136,5,14102.194267
6185610.244727,78,14103.658257
-618389.804474,7,14103.785424
-498005.054264,5,14103.882211
5123062.803358,37,14104.573324
4917274.245785,44,14105.403616
-624052.172686,7,14105.536625
-732690.665585,9,14105.700371
-518492.672735,6,14105.821417
-681914.832031,8,14105.972962
4773202.063088,40,14106.711845
5219648.114495,36,14107.348578
-601732.374732,7,14107.481807
4900680.714127,42,14108.255327
-502543.033828,5,14108.348756
4201533.284473,52,14109.285656
5167482.065857,34,14109.893339
-507928.496119,6,14110.012055
-615694.149879,7,14110.130128
-487131.143717,5,14110.220978
-495215.503978,5,14110.311861
-502862.095738,6,14110.414793
5945794.255397,75,14111.802886
-502382.166867,5,14111.905677
-898355.679326,11,14112.111825
5184250.905378,34,14112.74211
-898891.536673,11,14112.948945
-494528.967856,5,14113.04816
4513396.154666,47,14113.905102
-495964.729706,5,14113.990446
-497110.097449,5,14114.081362
4944365.153438,38,14114.74922
4186037.616813,51,14115.668877
4973716.918666,38,14116.377465
-469169.279705,5,14116.474327
-892706.240589,11,14116.686705
-772610.856901,9,14116.856499
5370806.410664,30,14117.41972
-746418.588999,9,14117.582025
5377985.274758,31,14118.183582
-685030.010329,8,14118.341037
-696473.838117,8,14118.486316
-493870.61191,5,14118.583727
5386793.227309,31,14119.153215
5284200.434698,34,14119.752861
-498372.607935,5,14119.845337
-786744.979294,10,14120.03604
-497568.817699,5,14120.125881
5224645.357841,38,14120.813349
-492312.138458,5,14120.910628
4781384.346272,40,14121.667859
-489534.121571,5,14121.758885
5349774.285256,32,14122.377256
5351057.036086,33,14123.007518
-496447.078306,5,14123.100197
-471610.002984,5,14123.195257
-1037246.967192,13,14123.443196
5278312.972477,33,14124.061545
-493958.346389,5,14124.152343
-588170.115605,7,14124.292277
5386076.608846,35,14124.952796
5384621.689523,28,14125.449505
-478836.699816,5,14125.540288
-502562.001218,5,14125.625269
-734688.715676,9,14125.782342
-1110073.848039,14,14126.036918
-491947.436106,5,14126.130217
-482223.648804,5,14126.219309
5273712.784017,35,14126.843237
-783269.016448,10,14127.032028
-510847.2555,6,14127.146118
-783165.522235,9,14127.303788
-837857.250635,10,14127.492054
4931393.230853,40,14128.230768
4299967.145463,48,14129.134131
-486644.591967,5,14129.227017
-477076.174252,5,14129.321427
-501483.072509,5,14129.42448
5337929.008661,30,14130.018686
-638543.515284,7,14130.151947
-779061.903614,9,14130.327614
5372195.053289,28,14130.84945
-493972.592291,5,14130.945738
-723278.055675,8,14131.097097
-699019.078531,9,14131.266185
-560796.792488,7,14131.39409
-711912.946919,9,14131.551841
5398839.464163,30,14132.090745
-810375.124848,10,14132.26689
-688476.684861,8,14132.400146
-710257.194287,9,14132.56941
-496287.05279,5,14132.658253
-740582.050539,9,14132.823897
5260874.109179,34,14133.442527
-834006.886854,11,14133.652735
-494964.33218,5,14133.74514
-474800.306549,5,14133.840501
-500364.071424,5,14133.926868
-492731.94316,5,14134.02394
4933296.383363,39,14134.763131
3914328.46483,52,14135.745073
-499181.643228,5,14135.836228
-490051.490976,5,14135.932082
5403471.800542,34,14136.570836
-487179.242666,5,14136.66038
4934479.809706,42,14137.435555
-721969.487516,9,14137.599185
-629459.342025,7,14137.726378
-770394.769144,9,14137.878219
3586207.463803,57,14138.902131
-473327.550623,5,14138.99619
-764489.363213,9,14139.156572
-495889.579821,5,14139.245259
-490686.911604,5,14139.332796
-496617.892838,5,14139.42322
4248156.567501,48,14140.30272
-848479.241251,11,14140.507616
-713751.59965,9,14140.666035
4912555.30765,41,14141.456094
-959188.851694,12,14141.6841
5366058.730051,30,14142.271746
4506117.578331,46,14143.162505
4530525.715691,48,14144.068434
-502648.112986,5,14144.168456
-491631.25711,5,14144.269039
5104034.142975,38,14144.9986
-617481.269454,7,14145.128221
-652136.522095,8,14145.275803
5411377.591856,26,14145.780131
4810704.604892,58,14146.877608
-717690.812812,9,14147.034876
4589577.023355,42,14147.776293
3708151.372291,56,14148.780153
4845252.560967,41,14149.553362
-650892.93768,8,14149.713275
-495336.85109,5,14149.804297
-495135.695821,5,14149.900926
5559287.251571,42,14150.667819
-715448.219705,9,14150.821783
-491787.090902,5,14150.913119
4240499.944044,51,14151.84042
-490812.168842,5,14151.93101
5719577.015478,53,14152.906401
-657446.224264,8,14153.065028
5266169.649385,41,14153.834277
-475736.849604,5,14153.931395
-488396.63025,5,14154.028125
-655103.222102,8,14154.173381
-492543.874356,5,14154.271116
-496641.111821,5,14154.367024
-928744.453138,12,14154.597315
4521811.471947,47,14155.520136
-485515.900582,5,14155.611008
-675317.168169,8,14155.76766
-502165.972781,5,14155.857683
-683569.437176,8,14156.009986
4850680.365804,43,14156.809395
-501522.068999,5,14156.893933
5270036.755357,38,14157.609198
-491647.19744,5,14157.707949
-488855.271743,5,14157.801329
-665687.054306,8,14157.948325
-496526.151367,5,14158.039738
-896813.984217,11,14158.232997
-488194.672954,5,14158.32398
-502630.216551,5,14158.415278
-944786.275145,12,14158.62712
5302395.373543,39,14159.30572
-813775.649617,10,14159.486907
-707096.159159,9,14159.639359
-489991.704216,5,14159.729342
-481247.656398,5,14159.810436
-488706.233617,5,14159.906011
4560185.005588,46,14160.742509
4526112.693433,44,14161.578588
-631515.227766,7,14161.715315
5003223.014123,38,14162.439216
5747997.761473,57,14163.505234
4798529.066484,40,14164.25685
-502831.714168,5,14164.347488
-889438.987239,12,14164.566119
-977668.575353,12,14164.784176
-502383.300607,5,14164.869107
5216705.351401,33,14165.451522
-635978.242075,7,14165.578114
-485467.872384,5,14165.668682
-502476.015686,5,14165.753583
-489858.397087,5,14165.850572
-495292.480751,5,14165.935693
-511019.957917,6,14166.055933
5538519.452989,36,14166.72368
-868813.291138,10,14166.898901
5266941.978451,35,14167.535687
-503040.374024,5,14167.632106
-480995.39191,5,14167.723087
-767086.088378,10,14167.90487
5146808.498141,34,14168.555386
-472632.137126,5,14168.650941
-502424.054555,5,14168.747862
-1300897.845758,16,14169.044626
-615548.810294,8,14169.195838
-488413.895864,5,14169.292881
3798378.324022,52,14170.274068
-494096.142536,5,14170.365307
-474009.539516,5,14170.462584
5190944.166709,33,14171.074238
-497145.620627,5,14171.171309
5767677.617957,49,14172.083344
5133464.541401,34,14172.722337
-522562.762198,6,14172.838053
4869683.378677,41,14173.559024
-525194.931393,6,14173.674383
-1037684.297444,13,14173.904642
5032405.377642,39,14174.589511
-893406.668417,11,14174.791153
5288318.953678,35,14175.415403
5398552.377748,30,14175.989165
5093826.346363,35,14176.643305
5234508.819009,37,14177.348767
-656068.431293,8,14177.491449
4738032.088393,42,14178.291389
-478596.7581,5,14178.388309
4400857.894623,46,14179.261585
-502594.7372,5,14179.358019
5269607.684751,34,14179.964667
-488088.952151,5,14180.054731
4825930.239949,40,14180.784414
-498236.307468,5,14180.872936
-545219.543485,7,14180.988203
5299080.093887,33,14181.591148
-487125.103845,5,14181.679144
-498190.61337,5,14181.77014
5201642.518096,44,14182.606019
5247766.52042,31,14183.194543
4846680.045493,40,14183.939133
-492933.466251,5,14184.025872
-800101.362627,9,14184.181966
-486104.116701,5,14184.270812
4769758.907627,47,14185.109255
-732025.407,9,14185.266585
5405944.198247,29,14185.805706
-475447.363553,5,14185.896665
5243661.300699,31,14186.460246
4853977.22386,63,14187.581205
5332183.498357,30,14188.10864
5385993.375165,32,14188.672091
-709938.7348,8,14188.817912
-480949.016437,5,14188.902338
5317756.168243,32,14189.472398
-513944.77077,6,14189.575023
-471113.42322,5,14189.670278
4974006.53756,36,14190.332816
-492962.728814,5,14190.423438
-494895.284056,5,14190.520409
5215730.733783,33,14191.138499
-585879.797476,7,14191.265659
-488780.494572,5,14191.362691
4184253.923316,49,14192.314289
5667934.32219,37,14193.029159
4198472.584237,49,14193.962708
3712988.231852,57,14195.047161
-502219.02847,5,14195.149971
-553112.084177,6,14195.265738
5355424.767907,30,14195.840938
-477466.257196,5,14195.938068
-686861.495418,8,14196.095587
5302862.746211,34,14196.768921
4970216.721063,36,14197.477399
4967847.370292,37,14198.126084
-498890.124355,5,14198.216442
5634173.016839,42,14198.94549
-456146.639444,5,14199.034547
-741991.198926,9,14199.192118
4145355.116991,49,14200.047618
-490015.847109,5,14200.137456
-491865.32271,5,14200.228341
-870838.865232,11,14200.428457
-489024.379208,5,14200.519485
-1409795.547066,19,14200.864563
-726078.50632,9,14201.040856
5348775.033831,32,14201.634228
5376434.471803,28,14202.155498
5378436.10006,50,14203.033987
-482415.054373,5,14203.124935
5287196.494086,35,14203.749123
-510664.148722,6,14203.852166
5409013.740228,53,14204.900364
-500950.190641,5,14204.994365
4217718.107993,47,14205.840358
-495830.988794,5,14205.924908
-602178.821174,7,14206.057869
5077507.274065,37,14206.724413
-497453.486799,5,14206.815231
5118702.271121,38,14207.508563
-761761.339121,9,14207.669756
4976045.601399,35,14208.306021
4968109.24203,41,14209.063574
5172331.336961,35,14209.699757
-487097.780727,5,14209.791135
5393558.730551,31,14210.384724
-495720.177236,5,14210.4712
4139385.227961,72,14211.827361
-496189.654303,5,14211.918067
-495272.828831,5,14212.008351
-488497.923573,5,14212.101482
4847434.038376,39,14212.833298
4762352.374506,40,14213.590271
-478321.729209,5,14213.681727
-500579.28209,5,14213.778252
-493346.93668,5,14213.862971
5359828.958815,31,14214.451158
5395903.504094,30,14214.996557
-603999.278003,7,14215.112123
5062766.838941,36,14215.754277
4906173.691465,38,14216.422986
4513347.851048,45,14217.262737
-516963.735665,6,14217.371581
5481795.485484,33,14217.993105
-1213096.091921,15,14218.2933
-489755.490717,5,14218.383553
5680577.74843,38,14219.099519
-906903.126095,12,14219.317955
5246921.740146,34,14219.955436
5420206.151702,28,14220.468198
5123267.23078,36,14221.104825
-671129.715633,8,14221.249979
-487983.260448,5,14221.334755
5303927.346516,40,14222.044045
-749886.513033,9,14222.201695
-494697.357919,5,14222.292587
-493330.23621,5,14222.377553
-455953.328523,5,14222.468405
5319398.133786,29,14222.989106
5067591.178767,35,14223.63877
5308735.138806,54,14224.668773
5491207.18474,38,14225.395281
-496022.100815,5,14225.487565
-731707.693904,10,14225.67429
4772259.02522,37,14226.340587
4850099.094137,63,14227.449635
5177996.773325,33,14228.043644
-638699.395809,8,14228.194526
-701577.883887,8,14228.340287
-495999.930642,5,14228.431797
5340889.900325,32,14229.018926
6724429.199551,132,14231.489511
-503111.239897,5,14231.582719
-481063.729364,5,14231.672088
-488431.375004,5,14231.764084
4275372.779855,46,14232.63193
-492117.357871,5,14232.727796
5220243.001953,33,14233.357798
-810234.102326,10,14233.559981
-785353.072692,10,14233.748464
-658654.571248,8,14233.890941
-490832.111738,5,14233.993977
-760967.744538,9,14234.164201
-491930.571128,5,14234.260906
-935487.487215,12,14234.490027
-776563.715538,9,14234.661294
-858854.975442,11,14234.866698
-495452.460884,5,14234.95959
-484386.154377,5,14235.054787
-481129.614473,5,14235.145635
-515200.179259,6,14235.254929
-556361.050795,7,14235.391443
-468494.444541,5,14235.484953
5354445.486072,30,14236.018031
-493355.980136,5,14236.10888
5357462.584529,35,14236.751997
3805753.085204,56,14237.781498
-488561.969657,5,14237.878532
-856541.541228,10,14238.054999
-491141.037673,5,14238.145284
-590165.884944,7,14238.278847
-882963.792848,10,14238.472566
4987370.931708,36,14239.151321
-493534.921131,5,14239.248255
-488356.585887,5,14239.351176
-501623.746663,5,14239.441796
5647955.003358,43,14240.242348
-771869.617949,9,14240.411461
-828088.975707,10,14240.605677
4143282.088954,50,14241.495997
-811290.811899,10,14241.677907
-780044.336591,9,14241.835904
-487227.746156,5,14241.920456
5384384.949637,31,14242.459648
-503009.510308,5,14242.545232
5358818.586989,55,14243.556507
-802298.035527,10,14243.737085
-777419.228858,10,14243.920034
-507836.400443,6,14244.029466
-475856.847748,5,14244.135934
5335967.207202,30,14244.726351
-497440.877084,5,14244.816868
3977771.753846,51,14245.804789
4929938.429536,41,14246.577069
-493738.401657,5,14246.666957
5212306.223747,35,14247.335769
5291737.676247,35,14247.99853
5411653.742719,32,14248.610927
5080888.555974,34,14249.253109
-484921.80116,5,14249.343972
4656694.659558,44,14250.186321
-945519.84202,12,14250.410148
3377888.323778,61,14251.53856
-556157.893203,6,14251.646772
-484470.703622,5,14251.73551
-502581.540375,5,14251.82256
5154613.140755,33,14252.426152
-711918.489171,9,14252.58582
-502483.298568,5,14252.6782
-497710.309876,5,14252.761398
-500513.28956,5,14252.852711
5245518.878606,37,14253.519217
-475793.968572,5,14253.610106
4834715.763821,40,14254.345344
-489198.327437,5,14254.437876
-490970.410403,5,14254.537333
5351200.202546,31,14255.116337
-500338.714486,5,14255.203914
-481446.037843,5,14255.301506
-474422.698065,5,14255.397798
-470126.587218,5,14255.500499
-659602.540006,8,14255.643669
-494550.925944,5,14255.737114
-494829.359782,5,14255.835374
4133072.680003,49,14256.742858
4949841.348447,37,14257.458445
-518334.451822,6,14257.573215
5419087.33092,26,14258.039617
5120311.517402,34,14258.657731
5359729.438898,42,14259.397009
-492175.032437,5,14259.490434
5244084.14513,38,14260.173345
-476410.576689,5,14260.270122
-991928.54637,12,14260.487761
5316477.000457,52,14261.451401
-492398.123241,5,14261.536962
-519501.086224,6,14261.6515
5401920.387634,28,14262.160946
5478109.166911,55,14263.184901
4747209.854773,40,14263.912255
4795960.479571,40,14264.651375
-483735.184934,5,14264.748272
-779348.700855,9,14264.923931
-496924.550366,5,14265.02107
-809551.590281,10,14265.203169
-499282.300509,5,14265.29599
5332070.907086,35,14265.961422
-494587.537338,5,14266.053693
5483681.739271,34,14266.681031
4500283.448818,45,14267.535871
-781323.525373,10,14267.742364
-417077.853999,5,14267.844572
-1350211.366021,17,14268.178102
-662029.87623,8,14268.341666
4937800.527867,39,14269.068806
-480324.792827,5,14269.159509
-864225.794449,11,14269.365668
5305032.676137,34,14269.961892
5309976.952191,32,14270.523122
5425430.800188,25,14270.965534
5100156.103659,44,14271.753316
-496072.791893,5,14271.844195
5384988.269094,32,14272.438243
-495360.068749,5,14272.529136
-484597.081966,5,14272.619775
4362629.114306,47,14273.486348
4010737.035639,53,14274.468001
-481490.541265,5,14274.559254
-588031.65101,7,14274.686945
-502617.203166,5,14274.783358
-477042.350789,5,14274.876196
5382310.836732,32,14275.461738
4888746.507909,40,14276.237982
5199635.041266,33,14276.880008
-493615.175788,5,14276.964606
4920988.247636,38,14277.692306
-1075561.536296,14,14277.952883
-498633.602714,5,14278.04335
5441686.739792,46,14278.952536
-500592.245317,5,14279.043627
-474600.176021,5,14279.147129
5337092.31672,37,14279.891519
-630359.427007,7,14280.019509
-517181.29449,6,14280.128483
-787645.62328,9,14280.31369
5061697.805454,35,14281.013583
5230715.735268,34,14281.667138
4453343.429764,49,14282.673382
5103441.877186,35,14283.41674
-502436.84495,5,14283.509338
-970745.792313,13,14283.739655
-474144.609961,5,14283.825035
-502640.488304,5,14283.915726
-621206.379409,8,14284.060826
-502249.321472,5,14284.151994
4901951.357668,38,14284.873217
5215087.565771,32,14285.490973
5388005.793427,30,14286.048934
-705851.843702,8,14286.219686
5397249.204981,56,14287.363486
-481424.875942,5,14287.460491
-732250.275077,9,14287.642545
-666992.255186,8,14287.813997
5312835.334775,33,14288.489839
-866615.699159,11,14288.714997
5085174.396751,37,14289.442146
-454268.198335,5,14289.545176
4573469.378862,44,14290.387762
-616019.792681,7,14290.536716
4545327.428368,71,14291.911541
5637744.323158,46,14292.787255
5048511.735061,37,14293.533125
4492065.352128,46,14294.45394
5268366.504666,33,14295.129481
5050042.467756,38,14295.902099
-479876.533192,5,14296.017045
-487585.347703,5,14296.114098
-492371.008496,5,14296.22385
-979747.923292,12,14296.466046
-887548.415244,11,14296.684069
-457740.046011,5,14296.793278
4910633.161354,38,14297.574545
5241173.199959,33,14298.223306
4777021.114641,41,14299.001441
-489024.503944,5,14299.107655
3582102.062796,67,14300.356231
-1108374.733856,14,14300.61282
-708557.582389,9,14300.780375
5183645.173683,33,14301.39323
-462793.85607,5,14301.489484
-793846.726369,9,14301.647032
-491486.743004,5,14301.751304
5110322.251732,43,14302.586542
5092165.425243,34,14303.258822
5396022.843793,29,14303.840553
5112915.579419,50,14304.79238
4957366.852793,37,14305.54947
-494003.803712,5,14305.644405
4462341.40608,44,14306.547284
-491248.832985,5,14306.656971
5609356.376085,48,14307.598216
5246572.515881,36,14308.281871
-1068193.970697,13,14308.518892
-612779.074924,7,14308.652093
5060821.02507,39,14309.391427
4368465.929843,90,14311.166769
-1315940.534088,17,14311.49426
-498410.907413,5,14311.585415
4332920.678064,48,14312.506431
-718883.48234,8,14312.669547
-499820.925067,5,14312.77345
4927824.677464,45,14313.662183
4274478.083147,48,14314.608996
-463265.984337,5,14314.711909
5871894.161553,66,14316.008583
-502209.770194,5,14316.105726
5266660.74565,36,14316.802894
-782588.017866,9,14316.972306
-489541.832255,5,14317.087352
-827398.831247,10,14317.279299
-493706.263848,5,14317.375486
5351715.975967,29,14317.917455
-460543.37816,5,14318.005349
-501633.598469,5,14318.096959
-495363.475585,5,14318.190729
-949350.37087,13,14318.438734
-501375.384699,5,14318.523743
-645199.78395,7,14318.656625
-673346.837564,8,14318.808239
-482101.388145,5,14318.909255
5070789.335217,44,14319.767329
5134738.062552,37,14320.487054
-745228.822445,9,14320.669613
-611858.308929,7,14320.802326
5389936.746781,32,14321.432433
4934780.973539,57,14322.565637
-928978.869007,12,14322.801958
-563262.248343,6,14322.917088
4913762.861372,35,14323.583651
-888665.321477,11,14323.797708
-604963.596492,8,14323.965435
5291547.173429,36,14324.650036
-641783.67827,8,14324.791208
-480898.262173,5,14324.891296
-676122.27285,8,14325.038253
-775915.419764,10,14325.232183
5136586.387217,38,14325.965052
5215439.942633,35,14326.631805
-615171.109911,8,14326.789132
4262138.56115,52,14327.819288
5137052.531687,38,14328.597861
-495236.643411,5,14328.698574
-494744.448174,5,14328.792029
-795153.692243,9,14328.965443
-501351.069054,5,14329.067808
-471085.259608,5,14329.16535
-750946.803415,9,14329.340867
-474322.1611,5,14329.449806
5423434.858574,26,14329.952891
-500589.308989,5,14330.056513
-582266.830467,7,14330.201118
-761127.073707,9,14330.389381
4791222.296425,39,14331.182683
-759554.456481,9,14331.371072
4295622.932956,66,14332.685365
5216845.527657,45,14333.607107
-664803.237005,8,14333.764641
-502622.777554,5,14333.861794
-496036.133952,5,14333.958309
4924832.049579,39,14334.709737
-479918.497941,5,14334.812844
4865905.326113,45,14335.691919
-494919.389806,5,14335.81894
-714922.221371,9,14335.988509
4322619.46923,48,14336.93972
-623472.046708,7,14337.072962
-494633.319314,5,14337.16999
5410096.548063,25,14337.660291
4087491.954897,49,14338.527762
-490697.377312,5,14338.613928
-488645.436887,5,14338.697435
-542925.480253,6,14338.799721
-494371.194987,5,14338.893049
-743958.643779,9,14339.05477
4959159.540922,37,14339.727341
-623055.23263,7,14339.854179
4072298.473812,53,14340.842392
-489413.355559,5,14340.938963
-501183.257759,5,14341.036249
-649110.833835,8,14341.181393
5235772.863314,32,14341.800459
5131470.704627,32,14342.405838
-483543.662888,5,14342.502486
-1458533.147407,19,14342.872616
-797427.869334,9,14343.03576
-489146.613553,5,14343.126747
-808054.704951,10,14343.309484
-490269.975939,5,14343.393186
-678218.741001,8,14343.549649
4148628.226703,50,14344.472035
4967870.352971,39,14345.150982
-932410.023127,12,14345.363244
-481799.798445,5,14345.456215
-758818.97288,9,14345.605701
-716602.05217,9,14345.781423
5341242.948499,29,14346.295966
-491284.81495,5,14346.381195
-801789.768026,10,14346.56268
-500316.200798,5,14346.654018
-834826.183856,10,14346.835365
-489330.141432,5,14346.926489
-792140.135024,9,14347.095826
5242200.449331,33,14347.683783
-501195.657745,5,14347.774897
-499232.621773,5,14347.871563
7351764.595871,171,14351.089684
-494622.175698,5,14351.182365
4834455.196685,40,14351.944104
5446944.987141,43,14352.762828
-623459.747074,8,14352.909615
-501692.621019,5,14353.004305
-483005.05297,5,14353.095176
4996272.022956,35,14353.719843
-482946.050694,5,14353.810086
5889070.217927,66,14355.004461
-719319.909709,9,14355.161729
-462476.111191,5,14355.256233
-501752.039523,5,14355.349408
-817245.963127,10,14355.539279
5259480.513141,37,14356.223838
5504440.211585,47,14357.131047
-496494.039821,5,14357.234069
-496262.530702,5,14357.330903
3881514.486818,54,14358.379633
4533766.950682,44,14359.233919
-495443.3319,5,14359.325081
5412128.862589,23,14359.755086
5228287.506976,34,14360.385636
-482765.451003,5,14360.482452
4216969.465918,49,14361.40975
-834753.897263,10,14361.609548
5271933.833359,35,14362.275846
-484751.281327,5,14362.373043
-491109.919774,5,14362.476651
5201661.101926,33,14363.100241
5317655.75278,28,14363.627191
4201922.639325,51,14364.5912
-698467.084864,8,14364.742926
5110460.520055,38,14365.451622
-561372.655484,7,14365.59245
4877140.045646,40,14366.301583
-805370.9484,10,14366.481775
-761442.258243,9,14366.633554
-672427.928428,8,14366.784771
4947379.592674,37,14367.439368
-495423.419061,5,14367.530097
5327589.217028,28,14368.045178
5359421.518525,28,14368.554727
4496977.132893,44,14369.38482
-1375557.863722,18,14369.755777
4539741.06115,46,14370.608241
-680013.683556,8,14370.758174
5167590.760384,56,14371.753522
-1146383.339935,14,14372.001977
-491097.307515,5,14372.086711
-615509.507251,7,14372.216029
4644615.400924,68,14373.426686
-477011.387438,5,14373.517179
5181885.910673,35,14374.15357
-503123.428964,5,14374.250585
-498898.309189,5,14374.347438
5291456.503837,41,14375.11694
-703602.410329,9,14375.286453
5228060.401597,33,14375.911355
4957104.997544,35,14376.571463
5333885.041171,30,14377.15365
5030237.213277,41,14377.922517
-585166.855528,7,14378.056367
5139350.863462,35,14378.673885
-501770.320996,5,14378.759147
-492654.405675,5,14378.849799
-856020.782309,11,14379.043905
-736323.76597,9,14379.21943
5300835.914117,32,14379.80146
-1025434.823756,13,14380.037848
-490610.785197,5,14380.128471
-778194.850014,10,14380.316091
-502731.229799,5,14380.413199
-487190.290119,5,14380.510104
5208499.218792,36,14381.200924
-470508.658987,5,14381.303126
-744096.889302,9,14381.479543
-485341.084665,5,14381.576542
-731057.537254,9,14381.752423
4229451.663805,48,14382.679489
-494536.869346,5,14382.778671
-479718.347724,5,14382.878707
-754036.595281,9,14383.049179
-482624.177387,5,14383.146454
-1031119.255002,13,14383.394913
-487520.247404,5,14383.486194
-489067.268704,5,14383.601567
-696970.931148,9,14383.780689
-491788.367387,5,14383.873844
5286838.781012,34,14384.528139
4416533.032088,45,14385.376642
-491298.440398,5,14385.461085
-706354.983871,8,14385.612693
4938410.449051,40,14386.327868
-829848.140872,10,14386.503763
-513781.508473,6,14386.616971
4400706.066302,70,14387.86108
-446762.584623,5,14387.95767
5011803.656604,37,14388.667433
-496762.000689,5,14388.758118
-857170.771094,10,14388.957777
-497274.214115,5,14389.048475
5486338.44278,49,14389.988053
-493944.040704,5,14390.093362
-497394.958033,5,14390.182686
-824322.655117,10,14390.383226
4482585.604938,44,14391.218468
3891831.152415,52,14392.199819
5558546.622141,57,14393.299006
-492668.283034,5,14393.387343
5099712.304482,39,14394.072649
-489484.257492,5,14394.163165
-754809.757008,9,14394.323222
-491670.717085,5,14394.405871
-502112.742052,5,14394.506283
5120637.104554,46,14395.332875
-1084469.323041,14,14395.599606
-495372.060248,5,14395.69675
-489646.65229,5,14395.794446
-494243.225665,5,14395.896601
5336107.677171,34,14396.581066
5099339.219619,35,14397.253882
-713452.626329,8,14397.405273
5027319.25142,36,14398.084173
5195958.057172,51,14399.029308
5143580.832159,36,14399.685812
4834289.452263,40,14400.402906
-788997.444633,9,14400.556573
-493162.57413,5,14400.655446
-859427.52912,11,14400.853571
4225725.184391,70,14402.162365
-475086.017708,5,14402.253454
5337588.449012,39,14402.992446
5408001.971845,24,14403.434953
-494330.698623,5,14403.534424
-492628.475285,5,14403.629143
-482605.776293,5,14403.719573
-495808.388308,5,14403.81725
4944806.808105,41,14404.574538
5390278.88517,31,14405.144056
-480751.519904,5,14405.234784
4191140.811915,47,14406.154474
-495454.526636,5,14406.252969
-851322.59955,10,14406.443363
5346814.855742,35,14407.101121
-937930.066755,11,14407.302589
-702286.906925,9,14407.470954
-492687.043283,5,14407.561439
5389610.986937,33,14408.149333
-618353.225867,7,14408.270687
5424650.503713,26,14408.751173
-796092.01687,10,14408.925107
5168025.879917,38,14409.60419
4589185.018808,59,14410.710369
-568223.400543,7,14410.849588
5313036.474037,29,14411.385792
5275031.608732,32,14411.961362
-690634.858126,8,14412.112325
-495668.521463,5,14412.197315
5495230.146312,54,14413.154749
-949915.738352,13,14413.391357
-624925.131192,8,14413.530533
5179323.417486,33,14414.123737
-477556.495843,5,14414.209412
-664880.634753,8,14414.361019
-488898.228178,5,14414.452031
-467286.499162,5,14414.548878
-801637.232032,10,14414.742429
5314840.889907,32,14415.337696
5265259.258799,37,14416.060558
-501943.282355,5,14416.154511
4910738.751409,39,14416.91216
-618575.477141,7,14417.045189
4947373.704504,39,14417.778937
-481479.069566,5,14417.881634
-855664.639163,11,14418.078351
-488641.527249,5,14418.178496
-502558.104836,5,14418.269173
-477919.243216,5,14418.357954
-495834.890195,5,14418.446625
-474020.225365,5,14418.530169
-497452.392951,5,14418.621024
5314110.955524,36,14419.257076
-475988.537707,5,14419.346834
-494463.707403,5,14419.43311
5287574.156647,39,14420.130332
-493293.296368,5,14420.220632
-587111.10217,7,14420.342047
5113660.155153,33,14420.948159
-713812.685895,8,14421.087502
5410000.511025,47,14421.947654
-502828.235103,5,14422.032418
4945724.324885,39,14422.760176
-622616.3416,7,14422.892978
-487200.661533,5,14422.990244
5005781.54304,39,14423.747406
4472588.380743,44,14424.584052
4961873.602459,45,14425.42598
-825049.920587,10,14425.625983
-487099.443311,5,14425.716909
5292057.35731,34,14426.377658
-705295.70651,8,14426.523135
-502946.783096,5,14426.631538
5413306.650602,31,14427.234609
-873042.062802,11,14427.441873
-701555.984331,9,14427.607516
-633068.880211,7,14427.740993
-810343.146704,10,14427.922913
5541735.289831,59,14429.025934
5420158.435607,26,14429.504455
-493741.911157,5,14429.601701
4794509.603124,44,14430.370872
-870481.55104,10,14430.553184
5070530.714513,36,14431.195379
-480402.339602,5,14431.286371
5373079.846281,31,14431.846664
-483232.546115,5,14431.940468
-488065.648991,5,14432.025974
-789460.262971,9,14432.18291
-650680.370853,8,14432.328284
5108170.42183,40,14433.043841
5924730.957855,68,14434.303692
-641251.223114,8,14434.455353
4938153.014948,37,14435.170413
4730032.74953,55,14436.200591
4746847.056783,45,14437.000836
-491826.42367,5,14437.102956
5461438.351495,47,14437.933829
-494570.29113,5,14438.025727
-488104.762174,5,14438.111685
4362670.896279,70,14439.395262
5635622.711203,47,14440.297233
5246210.997567,32,14440.878929
-586157.430894,7,14440.999982
4879600.440748,36,14441.642862
-804181.912759,10,14441.824201
5407417.107547,30,14442.352028
-799360.309744,10,14442.530794
5065935.101031,38,14443.217364
-494202.856802,5,14443.308736
-710079.525365,9,14443.478744
5779147.505188,67,14444.708597
-492096.952506,5,14444.800369
3818335.475264,55,14445.867312
-751477.682717,9,14446.036528
-502968.068746,5,14446.132805
5023538.056588,36,14446.823706
4488418.743742,43,14447.647661
-494782.72675,5,14447.744868
5358253.336402,41,14448.508283
5647957.95495,49,14449.417809
5022006.684087,40,14450.188774
5016529.694264,38,14450.859576
-825104.481435,10,14451.035113
-499215.556303,5,14451.125236
-483912.57291,5,14451.210921
4378576.556533,68,14452.441304
4827925.0727,41,14453.208931
3808071.444944,52,14454.192605
5224776.702943,33,14454.81725
5001554.096775,40,14455.558677
-502579.886137,5,14455.646863
5230159.248166,36,14456.325674
5367712.421879,37,14457.028953
-739668.896108,9,14457.198964
4116133.351544,48,14458.07067
-641165.816391,8,14458.210441
-525414.670157,6,14458.324445
-687549.950823,8,14458.467011
5161382.134612,35,14459.083079
-1042382.492789,13,14459.307259
5086730.847899,35,14459.949578
-480091.956559,5,14460.040305
5289244.213159,40,14460.804271
-517621.395256,6,14460.913186
-885585.74049,11,14461.125068
-496397.720139,5,14461.221622
-621705.595233,7,14461.349508
-695170.399135,8,14461.502876
-474505.922258,5,14461.598849
4861682.792688,39,14462.361202
-470367.695844,5,14462.458347
-495761.020205,5,14462.561529
-498398.948455,5,14462.658585
-494755.079775,5,14462.761763
-492538.585331,5,14462.858559
5516314.28433,46,14463.7065
-500013.719529,5,14463.801589
-851594.15788,10,14463.973537
-491360.100949,5,14464.063972
-517639.624853,6,14464.172942
4428995.46667,45,14464.967045
5305498.469111,37,14465.639074
-496808.066459,5,14465.736493
-1077153.976017,13,14465.972756
-498079.746222,5,14466.064035
-481915.949564,5,14466.155341
-979866.552563,12,14466.367016
-489235.711196,5,14466.463721
-487105.53526,5,14466.561126
5190679.674873,35,14467.258063
-1055678.74112,14,14467.530492
5113661.296436,39,14468.300401
5684077.79425,51,14469.249176
-495526.990036,5,14469.342551
4102983.415439,51,14470.315379
5101766.035631,56,14471.384541
-619968.58713,7,14471.523866
-456157.356863,5,14471.614969
-716498.720662,9,14471.793663
-487502.199631,5,14471.887892
5127930.37269,35,14472.542053
-616431.010968,7,14472.674997
-486711.706385,5,14472.77567
-483278.989586,5,14472.863173
-502611.522095,5,14472.949911
-496097.576852,5,14473.038936
-711875.86238,8,14473.180245
-462723.715196,5,14473.265645
5453969.752226,24,14473.699118
5039084.448126,37,14474.353997
5321698.718836,39,14475.056724
-497716.887637,5,14475.147365
-420210.089991,5,14475.240837
-491940.466022,5,14475.32934
5170796.484924,34,14475.988983
-803138.645289,10,14476.17731
-494977.47121,5,14476.268805
-496326.568309,5,14476.353447
-886861.47119,10,14476.54167
-746772.421321,9,14476.711473
4886612.422301,39,14477.444252
-720788.151866,9,14477.61175
-547805.005928,6,14477.723559
-483089.257344,5,14477.822514
5345907.082604,39,14478.505147
4284082.14592,48,14479.353462
5154574.088485,34,14479.961556
4252214.44026,49,14480.865229
-755442.394292,9,14481.038029
-494640.205532,5,14481.134583
4992813.644414,38,14481.844032
-500088.101788,5,14481.935012
-793279.258512,10,14482.122488
-670483.785358,8,14482.274315
-496976.836859,5,14482.372283
-500820.145118,5,14482.462467
-485901.503762,5,14482.552878
5347714.310399,31,14483.140437
5306290.556225,31,14483.740749
5250602.064349,33,14484.370531
5324819.245785,32,14484.979558
-573560.452724,7,14485.109982
-906391.918974,11,14485.316036
-464213.942111,5,14485.421605
4909929.941673,41,14486.17049
-499412.25008,5,14486.267747
-501381.395218,5,14486.356653
5151593.198769,45,14487.152308
-485617.588506,5,14487.243218
-712304.166101,8,14487.388333
4845421.120809,39,14488.091723
-732058.909718,9,14488.257441
-502381.012596,5,14488.345849
-491614.074885,5,14488.430695
5228102.012249,35,14489.054832
-738295.656732,9,14489.212833
5404989.022765,27,14489.709875
5154131.450445,33,14490.309796
-476707.736117,5,14490.404879
5168311.790283,35,14491.029855
4921012.780607,39,14491.745798
5785087.166888,71,14493.085147
-492144.135207,5,14493.182287
5376770.58125,28,14493.6968
-752023.003317,9,14493.873134
5423295.633082,28,14494.400331
5347456.631673,31,14494.975338
4958325.307111,39,14495.714991
4781969.942667,40,14496.490662
-501199.712959,5,14496.587861
4486829.434615,44,14497.429987
5411585.250023,29,14497.97516
-812623.307922,10,14498.163081
5313798.910693,30,14498.753971
-482881.055483,5,14498.847843
-489245.850001,5,14498.938664
-501157.565725,5,14499.02964
-497827.296273,5,14499.121269
5412389.995111,30,14499.660069
-963694.668075,12,14499.883803
-704102.694685,9,14500.047942
4838388.787067,39,14500.74464
-495242.50787,5,14500.84167
-486772.727008,5,14500.92621
-486486.82414,5,14501.011441
5280839.272012,32,14501.593331
5210585.437654,33,14502.211502
-1323967.867439,18,14502.547371
-482763.806069,5,14502.641773
-142480.336397,8,14502.792778
5398572.442639,54,14503.799593
-486413.651179,5,14503.897751
-501096.216385,5,14503.991817
-488496.725928,5,14504.083752
-490928.651524,5,14504.174255
-493268.680438,5,14504.271609
4654481.824616,44,14505.089831
-474044.889869,5,14505.174147
5041838.466474,37,14505.880004
5326435.910419,32,14506.479607
-949508.826472,12,14506.701386
5178634.99821,33,14507.323249
-480542.385474,5,14507.417772
4474818.69166,42,14508.216784
-507021.561016,6,14508.337922
-557439.797046,6,14508.446761
5062991.226273,45,14509.261457
4847219.846739,41,14509.991844
5616242.956491,52,14510.931099
5428450.586859,28,14511.422467
5171849.424713,38,14512.124952
-689356.440047,8,14512.269902
-677533.744033,8,14512.410718
-497271.653897,5,14512.500608
5069024.081114,36,14513.161694
-499366.647084,5,14513.253322
4774173.9588,40,14514.003645
-492171.998368,5,14514.094359
-797879.417111,10,14514.27612
-748764.683826,9,14514.446255
-481474.752447,5,14514.5468
5031857.355099,38,14515.274192
5273952.769417,32,14515.90081
-900135.390939,11,14516.112425
5243287.808622,34,14516.767452
-1326602.25673,18,14517.118507
5326014.420913,37,14517.842479
4856151.903124,39,14518.639329
4194306.855645,48,14519.590982
-491571.956059,5,14519.689131
-494205.044682,5,14519.785136
-738109.003305,9,14519.956692
-457467.667086,5,14520.057711
5123972.981372,35,14520.742316
-474423.457099,5,14520.839072
-488331.885666,5,14520.941928
-814158.819805,10,14521.130386
-805762.952199,10,14521.317961
5269461.242569,33,14521.928474
-905696.632875,11,14522.132161
-500809.506264,5,14522.232253
-707260.343275,8,14522.396827
4507048.422761,45,14523.320133
-489482.722657,5,14523.414949
-500230.01414,5,14523.517468
-497061.276868,5,14523.614607
5195150.906653,37,14524.335576
5390802.283515,30,14524.923812
6114959.630345,89,14526.687044
-503038.369337,5,14526.784168
-502977.507563,5,14526.880947
5052034.165944,37,14527.626062
5593461.644436,74,14529.105208
-748468.601321,9,14529.274804
-501561.900195,5,14529.383492
-632869.667536,7,14529.525811
5204813.863883,31,14530.129338
-492151.372114,5,14530.21382
4379964.545255,46,14531.122837
-486356.473505,5,14531.214077
-494832.771269,5,14531.317185
-491181.594679,5,14531.415271
-496536.171983,5,14531.516767
-480166.969048,5,14531.620122
-494552.50408,5,14531.717614
-723808.759948,8,14531.874545
5236073.033245,40,14532.680352
-848082.763909,10,14532.893988
5061711.317728,38,14533.644022
-939728.902414,11,14533.86216
5240745.906069,37,14534.546659
-926944.046255,11,14534.740516
-512622.786307,6,14534.862376
-643384.410366,8,14535.007521
5178826.269213,32,14535.583208
-489044.080644,5,14535.679833
4997900.68688,40,14536.443748
-472168.638111,5,14536.541037
5249642.675665,32,14537.164787
-483418.316236,5,14537.273806
-488093.749698,5,14537.370959
-465780.449953,5,14537.462698
5234800.887347,38,14538.188475
-828164.367248,10,14538.382838
-991510.253912,12,14538.630983
5306430.727972,39,14539.382578
-460449.305496,5,14539.481117
5307007.322646,30,14540.055263
4976349.086642,38,14540.78867
5174389.227723,36,14541.497421
-718086.442245,9,14541.67314
5151022.799088,33,14542.291135
-500302.476367,5,14542.394433
-485834.065398,5,14542.485257
-502766.865076,5,14542.5941
5798384.725048,66,14543.842334
5603325.069673,43,14544.670602
4451879.406431,43,14545.509158
5362922.622771,28,14546.074481
-502497.480724,5,14546.175432
5352450.710972,36,14546.872704
5233301.750495,39,14547.618221
5204332.93196,38,14548.369569
5781277.621728,44,14549.23116
5931701.843355,90,14550.975169
5160533.884748,32,14551.569082
-812997.180385,10,14551.750591
-495325.501168,5,14551.842332
5426610.577234,24,14552.295961
-480455.426603,5,14552.401528
-577335.906846,7,14552.532834
-548655.635136,6,14552.641389
-484946.240903,5,14552.744328
-485965.093108,5,14552.841851
-495917.35727,5,14552.9384
-493137.672874,5,14553.016981
5378117.136049,35,14553.665847
5460158.912236,37,14554.33806
4806144.474368,36,14555.029146
5385326.693258,28,14555.599008
-1204093.884724,16,14555.905624
5765272.38507,46,14556.792711
-502291.909207,5,14556.883749
4491131.166897,49,14557.829079
-492035.436008,5,14557.9264
-490354.308315,5,14558.019198
5256294.910167,33,14558.640997
5398142.404386,31,14559.259101
-766182.566368,9,14559.44127
-590367.493416,7,14559.580048
-664035.472531,8,14559.755855
5008085.936117,51,14560.83471
5221755.012017,37,14561.574322
4225048.190225,50,14562.640592
5158285.617172,33,14563.283103
-495074.884422,5,14563.367763
5290454.456314,34,14563.992261
3988061.683163,51,14564.900593
5221639.510868,34,14565.549015
4783867.845341,43,14566.349247
5109788.276199,36,14567.028398
-491116.316326,5,14567.143356
-496054.474148,5,14567.240363
-489982.691569,5,14567.337046
5005148.26753,36,14567.997218
5360213.03005,32,14568.615369
-676601.574474,8,14568.767378
-831854.707278,10,14568.973552
-862309.740828,11,14569.191349
5250790.241934,34,14569.797091
5226882.143981,35,14570.463624
4020031.462827,53,14571.481743
-499245.160518,5,14571.579063
-491138.622955,5,14571.670272
4625584.234469,54,14572.723902
-485265.747671,5,14572.821578
5124469.092785,34,14573.45123
5285190.353698,32,14574.092268
-554820.223083,6,14574.214682
5219078.869432,49,14590.079526
-494809.236854,5,14590.170969
-465496.667049,5,14590.255848
5375383.685214,26,14590.71612
5175053.413263,49,14591.594943
-495528.148394,5,14591.685655
-500978.366837,5,14591.778661
-477265.63827,5,14591.876562
-546237.383812,6,14591.98264
-496298.009185,5,14592.079536
-989046.861204,12,14592.303554
-740389.310733,9,14592.473698
4903656.85205,36,14593.163909
5300243.44711,33,14593.788988
-495421.277756,5,14593.897581
4869331.383082,42,14594.739423
4017448.814939,50,14595.684906
-487140.616832,5,14595.776063
5332028.140497,29,14596.312246
-474150.326085,5,14596.406419
-493326.698376,5,14596.49702
-683797.057157,8,14596.649043
5345953.027599,32,14597.248014
5300840.140918,33,14597.860345
-486043.912245,5,14597.954745
5596190.536762,73,14599.450704
4544380.180162,46,14600.442436
5444917.716063,27,14600.95508
-490744.821617,5,14601.048132
5373063.340397,34,14601.648304
-610318.101106,7,14601.769473
4957385.034859,39,14602.484391
-476119.375434,5,14602.575388
5128783.806462,35,14603.272298
5868792.268122,47,14604.096563
4859714.305539,38,14604.768909
-668282.28011,8,14604.91457
-521772.428831,6,14605.023235
4837335.486882,39,14605.792747
-681700.31565,8,14605.938156
-772498.375837,10,14606.114109
-798338.471552,10,14606.283565
-451633.861103,5,14606.380924
4876767.280165,40,14607.077576
-490121.669234,5,14607.156342
5584523.865577,48,14608.005022
4158261.405453,51,14608.944263
4952160.551138,37,14609.658978
5263378.034868,45,14610.525846
5371335.444997,29,14611.076932
5405854.381338,29,14611.625037
-496598.844937,5,14611.719538
-455839.58507,5,14611.810703
-492997.94079,5,14611.907579
5319774.927263,32,14612.513636
4535592.989271,43,14613.349328
-882453.607675,11,14613.55464
-486196.614525,5,14613.647818
3772325.071343,56,14614.712986
-810798.075171,10,14614.897331
-510325.768915,6,14615.01204
5228163.606571,38,14615.721453
-519623.905139,6,14615.827832
-479491.002956,5,14615.919153
-480593.002954,5,14616.016184
-490401.887627,5,14616.112873
-495710.538577,5,14616.197617
-718305.19561,9,14616.36208
-468566.763251,5,14616.446024
-719801.254377,9,14616.610288
5368685.278941,33,14617.215938
-495469.405594,5,14617.310786
5028105.983637,36,14617.977964
-489610.106121,5,14618.064417
-716271.329204,8,14618.210031
-459107.600368,5,14618.312518
-496612.053921,5,14618.411057
-617530.061197,8,14618.560106
-783510.972354,10,14618.74904
5358153.656282,32,14619.361587
-483411.981009,5,14619.453056
-495908.694874,5,14619.549096
-840581.763395,10,14619.736694
-479847.483047,5,14619.827517
-736074.691382,9,14619.997852
5009442.050729,39,14620.719028
5727331.667216,49,14621.652048
5840749.361383,91,14623.360676
5047448.955663,33,14623.972972
-898837.687741,11,14624.171166
-498494.981143,5,14624.263347
-809721.087184,10,14624.451637
-723382.355919,9,14624.621164
4870461.292877,37,14625.278651
5329095.997834,36,14625.923997
-452573.889232,5,14626.039223
-812529.784903,10,14626.214483
5142013.05983,36,14626.876004
5392107.453684,34,14627.499757
-692688.573883,8,14627.645134
-487387.510646,5,14627.736431
5373583.110441,37,14628.41435
-489403.814444,5,14628.505135
-475760.600015,5,14628.602645
4162571.360493,50,14629.531521
-789860.902802,9,14629.69322
5322699.61306,33,14630.305921
-497048.133756,5,14630.396246
-875037.796046,11,14630.608556
5415014.911368,26,14631.083345
-483830.697676,5,14631.172604
-491068.43619,5,14631.262673
4867657.921404,39,14632.014149
-824053.689007,10,14632.208302
-882947.240685,11,14632.411716
-471325.569691,5,14632.508004
5052204.970678,38,14633.226462
-1043654.964871,13,14633.468915
5400903.816901,29,14634.03204
5730269.546939,58,14635.134627
-479745.608761,5,14635.225746
-480741.512615,5,14635.316723
4600563.864944,46,14636.153349
-1278542.049758,16,14636.431967
5527829.479501,66,14637.601042
-494263.91379,5,14637.691994
-490212.292591,5,14637.782935
-769544.89084,9,14637.946542
-491794.415557,5,14638.038454
-502868.427248,5,14638.129487
-493297.861255,5,14638.220701
-500603.341447,5,14638.318135
5311062.962988,30,14638.865852
4868619.87864,58,14639.940846
-661641.210312,8,14640.087542
-501008.275199,5,14640.176822
4658985.179914,49,14641.081926
-500604.604998,5,14641.182915
4797055.578755,43,14641.970908
-778763.388593,9,14642.146668
4920970.75113,42,14642.915686
-1166779.990184,16,14643.218982
4868349.400728,40,14643.976145
5528925.313647,35,14644.655006
-481792.495009,5,14644.740102
-728147.539599,9,14644.921386
-498893.625002,5,14645.018604
-734161.191508,9,14645.182466
4230269.979996,49,14646.115892
4506507.2885,47,14646.990865
-665599.796765,8,14647.145414
-660372.758533,8,14647.29772
5283683.318259,32,14647.898083
-754205.438092,9,14648.060859
5273924.379373,38,14648.75256
-499591.263892,5,14648.846437
-494315.161203,5,14648.933032
-563070.202181,7,14649.056769
-769635.777596,9,14649.205707
4859110.860448,36,14649.836593
-801113.028087,10,14650.012424
-455748.264656,5,14650.102757
-561235.383988,6,14650.213461
5093870.443373,36,14650.861026
-678821.302396,8,14651.012268
4463424.947395,46,14651.85431
5288747.612877,30,14652.41588
-611452.090645,7,14652.54771
-450404.373969,5,14652.642433
-731931.131547,9,14652.8234
5458486.017558,53,14653.825946
-828945.345812,10,14654.011708
-495062.97489,5,14654.096073
5246351.09141,35,14654.715062
-634760.066637,7,14654.841832
-644278.3118,8,14654.987173
-484757.189362,5,14655.075823
-481839.352752,5,14655.166744
4943444.821721,41,14655.981248
-475056.070222,5,14656.084288
-482652.128498,5,14656.17506
-747382.722214,9,14656.387406
5209763.537199,38,14657.12648
-483878.893323,5,14657.235615
-494816.575964,5,14657.332152
5374176.033742,27,14657.804727
-498205.560653,5,14657.88979
-494877.214245,5,14657.980562
-484260.585577,5,14658.077981
-483334.628846,5,14658.168484
-496905.866447,5,14658.266026
-500707.489287,5,14658.36245
5105893.382749,39,14659.086698
-484669.340537,5,14659.174323
5340796.778873,31,14659.738523
4432569.81896,45,14660.629345
-844376.934786,11,14660.829132
-716724.499597,8,14660.987276
-709771.463229,8,14661.159205
-855064.229025,10,14661.356607
-461906.316419,5,14661.453904
5224397.523536,34,14662.095496
-725435.239115,9,14662.265008
5253178.972956,32,14662.864694
-494674.929158,5,14662.955606
5420696.299628,37,14663.604581
-488628.388608,5,14663.695101
-697060.541652,8,14663.828387
4972413.420167,40,14664.525264
4410608.904577,46,14665.343432
-487652.05744,5,14665.440392
5420319.518804,24,14665.907414
5293311.0143,35,14666.561505
-736834.297887,9,14666.731223
4526106.291527,44,14667.561312
5713358.700092,52,14668.555749
5016046.123391,39,14669.28847
-497617.679818,5,14669.37981
5260530.528754,38,14670.08864
5399456.899989,28,14670.645982
-477020.564276,5,14670.738928
5242852.720725,31,14671.34262
4742163.618927,45,14672.210191
5274921.62491,45,14673.070183
-502970.771751,5,14673.167291
-483145.886399,5,14673.257729
-494152.546961,5,14673.352207
-685862.133118,8,14673.512519
4894221.384462,38,14674.233465
-567922.325425,7,14674.360738
4219445.937287,49,14675.23906
-730637.212067,9,14675.397159
-584988.734061,7,14675.519482
4853014.665564,41,14676.269903
-678322.14508,8,14676.414763
5417734.718917,29,14676.948237
-903725.113804,11,14677.166733
4960301.612631,37,14677.839056
5185782.654511,33,14678.43763
-1018206.107568,13,14678.66906
-504425.944681,6,14678.778887
4349541.806659,49,14679.735838
5531713.43713,35,14680.414468
-298616.238637,15,14680.693094
-487007.277032,5,14680.78412
5330085.935481,30,14681.360993
-851895.164357,10,14681.559838
-500927.487545,5,14681.656886
-612070.213451,7,14681.790094
5014337.373271,37,14682.495013
-816630.142935,10,14682.675028
-519018.663527,6,14682.783862
-821065.48757,10,14682.972151
-490768.484314,5,14683.068857
-500311.27068,5,14683.167013
5256798.034985,31,14683.755899
4795865.063424,38,14684.486796
-773502.897356,10,14684.674731
-484790.174498,5,14684.765593
-674358.526487,8,14684.92887
-484488.388988,5,14685.026917
-815413.507819,10,14685.220274
-497818.889605,5,14685.311073
-480793.98324,5,14685.407655
-621967.309379,8,14685.559298
5256589.188438,31,14686.147245
-666323.966976,9,14686.309808
-572615.843779,7,14686.432279
5180394.120345,33,14687.025664
-729004.891062,9,14687.189679
4860072.270522,39,14687.923173
-493692.177075,5,14688.013505
-1035036.259088,12,14688.231523
4933089.129048,39,14688.946567
-487678.293939,5,14689.03801
-603968.569006,7,14689.17161
-550914.236193,6,14689.298705
5416609.66133,25,14689.825659
4515558.032978,44,14690.655831
-502438.835538,5,14690.746983
5193103.446782,38,14691.443668
5385713.311976,30,14691.983279
-1438021.45179,20,14692.370521
-513047.051319,6,14692.498244
5088825.515626,36,14693.19489
-478428.646487,5,14693.292117
5319854.064435,38,14693.976351
-699427.363636,8,14694.134447
-514282.709177,6,14694.243114
-488107.530273,5,14694.339855
-1170392.76937,15,14694.619442
5130130.959281,35,14695.343996
-482288.684917,5,14695.431108
-785959.910966,9,14695.588988
-501312.010623,5,14695.680131
-891275.79495,11,14695.88517
4849477.384102,63,14697.061318
-691577.060269,8,14697.206255
-523742.444017,6,14697.327413
5429284.473249,23,14697.754541
-500028.823817,5,14697.843243
4895550.084049,38,14698.582362
-842922.587089,10,14698.787903
-831865.63774,10,14698.981799
5435358.056805,26,14699.497622
-510394.097441,6,14699.605888
3569473.642348,63,14700.824673
-484818.866111,5,14700.92122
5121961.712352,37,14701.642853
5527235.61981,58,14702.797086
-848484.949577,10,14702.981469
-780959.365511,9,14703.139462
-672839.789458,9,14703.296891
-498939.662229,5,14703.393804
4449060.89176,46,14704.241704
-158845.775508,7,14704.375012
5017401.249068,37,14705.066267
5418350.49339,28,14705.605179
-487868.833369,5,14705.696359
5002612.203162,37,14706.417422
-500759.35208,5,14706.514879
-571826.893242,7,14706.647589
-728235.096149,9,14706.818054
-716382.676259,8,14706.968722
-805453.618023,10,14707.156744
-491788.656811,5,14707.253717
-488043.289779,5,14707.357058
4545246.915424,45,14708.235293
-896743.326437,12,14708.465516
3782032.049534,55,14709.54516
-492668.066288,5,14709.641062
5218595.612461,53,14710.671345
-487374.242571,5,14710.774343
-907283.250058,11,14710.993089
-502441.058446,5,14711.090094
5405902.665203,27,14711.620867
-745872.180411,9,14711.792447
-641391.363553,8,14711.932082
5324562.455257,29,14712.452956
-668909.455949,8,14712.598427
-488043.874614,5,14712.689224
5318508.613103,31,14713.253221
5351314.143264,32,14713.852772
5080149.744237,36,14714.531755
5373171.602594,31,14715.143928
4131706.620976,49,14716.089196
4103640.249771,50,14717.052821
5411680.566904,28,14717.585705
4499350.154007,45,14718.397753
-502922.084036,5,14718.492958
-484453.634755,5,14718.582391
4982265.855803,38,14719.246099
-496189.930463,5,14719.330937
-487089.083395,5,14719.421875
5369207.550864,35,14720.064633
5286984.181428,33,14720.695143
4221451.621474,49,14721.634088
-519431.172796,6,14721.754947
-482192.921355,5,14721.852078
-1005955.055476,14,14722.118914
-495318.21135,5,14722.222221
4990785.471296,37,14722.943225
-495755.335321,5,14723.039838
-502577.482969,5,14723.136959
5201742.967122,34,14723.767039
5405464.299871,25,14724.215125
-495166.747864,5,14724.304089
-640679.950996,7,14724.433851
5296534.305407,31,14724.984982
5380133.491931,32,14725.566806
5106780.140382,33,14726.185014
5456037.508886,25,14726.682205
-1304549.298838,18,14727.051423
-486320.477615,5,14727.166759
5163731.663324,51,14728.197546
5308016.821523,33,14728.840778
5085594.678424,39,14729.609419
-552113.04119,6,14729.730014
5374485.722211,32,14730.392999
5469301.932656,43,14731.263091
-485600.910856,5,14731.353895
5409498.987701,44,14732.244943
-501056.610849,5,14732.348039
5453259.951605,26,14732.856957
-780135.508386,9,14733.058008
-1093696.632387,13,14733.33577
5264972.590959,37,14734.044991
-738347.537276,9,14734.220107
5272097.9002,36,14734.886973
5471944.964988,39,14735.591148
-489466.341759,5,14735.692922
4883801.686789,40,14736.463748
5156044.791778,35,14737.181001
5261246.946333,36,14737.898342
-474550.837804,5,14737.989646
-491694.569706,5,14738.0816
-790005.724571,9,14738.243977
5403426.470274,27,14738.727443
-500720.461798,5,14738.813923
-498611.938479,5,14738.899714
5079267.533416,37,14739.661829
5412472.444376,26,14740.591702
-488402.510874,5,14740.752615
5373111.955904,32,14741.445902
4877111.067571,40,14742.142976
4923623.738257,64,14743.352842
-489296.513966,5,14743.449636
5413675.512287,27,14743.948309
-490903.697257,5,14744.037478
-803830.160889,9,14744.205878
-818128.948111,10,14744.370352
-483068.986623,5,14744.458969
5127727.399955,35,14745.091444
5327761.137566,49,14746.073287
-501932.139149,5,14746.176895
4419186.135208,45,14747.033884
-487189.411319,5,14747.131595
5273070.689252,35,14747.841147
5063929.688427,35,14748.503669
-490417.944749,5,14748.595261
4324515.970711,51,14749.515249
-487359.31473,5,14749.608889
-572334.101431,7,14749.735414
5396106.431237,25,14750.230981
-489119.567473,5,14750.332181
4092088.707958,50,14751.308893
5239615.36656,40,14752.078579
5290300.447745,32,14752.697337
-497147.846607,5,14752.788157
-490672.628781,5,14752.8788
5046171.002101,37,14753.654297
-463805.658227,5,14753.746079
5476520.146451,46,14754.642843
4956656.091321,36,14755.383199
5395519.079215,43,14756.290488
5409270.354363,27,14756.823922
-781427.615257,10,14757.011821
4925941.19193,38,14757.726735
5121175.856352,46,14758.6519
-485410.941692,5,14758.748439
-498021.180122,5,14758.853195
-490864.271127,5,14758.951083
-515964.031355,6,14759.065901
-762797.514248,9,14759.249613
-480644.636406,5,14759.345344
-718816.04801,8,14759.496242
-488984.674788,5,14759.592469
-479706.034383,5,14759.690343
5336734.362904,36,14760.416495
-603715.938169,7,14760.567107
-478909.679156,5,14760.67093
-475274.222035,5,14760.770927
-792105.908113,10,14760.979625
-499781.838416,5,14761.084789
-492657.029687,5,14761.189648
-483893.50836,5,14761.286893
-494846.165965,5,14761.396386
-502732.833131,5,14761.49898
5423612.098395,30,14762.116746
5331701.852127,35,14762.832416
5432967.469451,26,14763.35882
-471820.009358,5,14763.457437
-938193.997678,12,14763.694492
4945490.172334,37,14764.416706
-487957.308656,5,14764.521742
-122993.674814,7,14764.658591
-501178.294179,5,14764.749054
-705728.320111,8,14764.900589
-564610.865054,7,14765.036428
4886991.773444,38,14765.741978
5368916.806011,29,14766.312263
-488269.270695,5,14766.402277
5630840.007057,60,14767.542156
-478137.207894,5,14767.64187
5061746.377982,36,14768.329328
-723085.035926,9,14768.508273
-776299.184202,10,14768.703358
5429349.441045,59,14769.853431
-622596.210291,8,14770.015506
-1698284.092396,22,14770.456113
5190224.469824,87,14772.231768
5049628.442886,36,14772.946436
-761120.244407,9,14773.138984
5048117.157239,36,14773.863556
-496007.9026,5,14773.95909
-556793.756674,7,14774.102957
-633317.383149,7,14774.249083
-791806.664699,10,14774.460051
5639953.821014,50,14775.473052
-813482.78425,10,14775.687634
5013488.679937,39,14776.472743
-655600.630654,8,14776.639804
5733961.876556,71,14778.051989
-709415.95596,9,14778.242481
-479781.190428,5,14778.346153
5398499.315509,27,14778.881439
5417798.725389,31,14779.496654
-479889.268322,5,14779.597317
-494908.925248,5,14779.688526
-476537.750686,5,14779.785746
-500169.655096,5,14779.893634
4965741.375285,38,14780.772685
-498904.839912,5,14780.876189
5182218.047967,40,14781.70563
5222297.289187,34,14782.381198
-496867.382496,5,14782.473935
-757002.745615,9,14782.648696
5045041.47068,45,14783.572055
5235435.7751,32,14784.272947
5041235.816613,38,14785.027662
-670030.425126,8,14785.177937
-510331.724183,6,14785.293339
5254390.845077,34,14785.972843
4552605.852128,45,14787.02904
-701505.731484,9,14787.24021
-486173.153051,5,14787.359937
5415781.952381,27,14787.912572
-495732.608774,5,14788.011745
-502665.371684,5,14788.120758
-495650.895827,5,14788.229901
-1581492.742153,20,14788.644382
5257831.638297,34,14789.475101
-490341.064452,5,14789.614513
-502329.4994,6,14789.765491
5619935.118663,79,14791.438062
-703103.000708,9,14791.625838
-495257.24698,5,14791.726127
-496231.918782,5,14791.850101
-806028.079719,10,14792.173604
4283734.235257,46,14793.425726
-495108.616025,5,14793.549106
5102655.679498,38,14794.498582
-496654.197205,5,14794.619659
-487082.953336,5,14794.740354
5267199.841924,33,14795.643236
-709115.302551,9,14795.873801
5319337.092377,30,14796.625327
-497038.194362,5,14796.746568
5062497.016922,37,14797.643616
5446114.841533,40,14798.479628
5341964.760771,28,14799.122198
5125722.084992,38,14799.944479
-730934.283955,10,14800.194517
-498910.055493,5,14800.291534
4793218.102437,39,14801.182256
-492063.362985,5,14801.291361
-554243.93697,6,14801.406544
-644081.431416,7,14801.552209
-972536.906018,12,14801.809199
5449442.802679,46,14802.842684
5232022.265256,33,14803.527503
-823411.721338,10,14803.715566
5277935.431793,38,14804.521269
4960053.419924,36,14805.300918
5003529.36228,38,14806.060334
-656015.26493,8,14806.249399
-613057.623565,8,14806.413208
-567878.546445,7,14806.564341
-524503.652015,6,14806.684643
-865766.868548,10,14806.878939
-814209.124371,10,14807.096776
-606867.473694,7,14807.260423
4753539.740156,41,14808.12717
-726596.19535,9,14808.314721
-814804.59219,10,14808.520764
3992312.873288,52,14809.563307
4899659.14517,37,14810.273128
-501370.683913,5,14810.358837
5315910.682192,31,14810.889725
-488737.626076,5,14810.97851
-704450.837806,8,14811.12834
5377049.300728,29,14811.68802
-730364.561125,9,14811.849452
-564798.702101,7,14811.982748
4473075.149602,44,14812.825006
-817275.498015,10,14813.012862
-498206.872474,5,14813.105905
-836299.255369,11,14813.321937
4660009.301234,43,14814.127845
-490819.840983,5,14814.236496
-576864.765006,7,14814.400541
-486753.389232,5,14814.497756
5213067.495119,41,14815.30504
4335032.753732,49,14816.260996
4137638.784723,49,14817.182798
-815426.806269,10,14817.394105
-741452.402349,9,14817.570059
5190990.493935,59,14818.733498
-554936.272499,6,14818.842516
-500502.54189,5,14818.94019
-501849.533923,5,14819.042619
5243620.633132,33,14819.670223
-497719.687355,5,14819.7636
5158743.975275,47,14820.642264
4310741.057992,45,14821.486247
-600416.979187,7,14821.611933
-768227.888009,9,14821.781568
-934195.569694,12,14822.00019
4568658.191618,41,14822.78839
4949403.943369,40,14823.54534
-487103.027194,5,14823.635956
5145455.943096,38,14824.340617
-567950.995867,7,14824.472241
-479595.704272,5,14824.563106
-792194.22963,9,14824.787462
-496820.425462,5,14824.884429
4900122.284191,39,14825.708395
5327797.750013,32,14826.314628
5253849.820738,34,14826.974938
-500972.264283,5,14827.075847
-921310.608554,12,14827.311899
5062415.919622,34,14827.971246
5182359.455391,35,14828.632942
-477935.337043,5,14828.732519
-570051.043681,7,14828.865525
-495708.788636,5,14828.956444
-1207106.294365,15,14829.235327
4985619.549058,38,14830.101876
5578776.739615,82,14831.729364
5476373.735882,30,14832.338097
-508909.625982,6,14832.453314
5078502.172914,34,14833.180416
-939589.117794,12,14833.44343
-502850.269724,5,14833.549711
5339196.350238,36,14834.319452
-497595.592906,5,14834.410766
5371901.153235,28,14834.962887
6108736.579382,62,14836.189315
-494431.47785,5,14836.302737
4444012.406434,46,14837.186443
5130027.311833,60,14838.429426
-497521.256651,5,14838.564786
-495644.093935,5,14838.670649
5367655.813842,33,14839.324156
-1109322.619159,14,14839.59061
4516402.820608,67,14840.995879
-496630.392801,5,14841.102448
5176414.518607,35,14841.803316
5199259.75126,34,14842.483737
-502396.033705,5,14842.581348
4103108.09811,50,14843.565781
-744859.53809,9,14843.740064
-505818.364427,6,14843.855523
-493130.498127,5,14843.955301
-496541.405116,5,14844.054932
5425396.302579,28,14844.625772
4849460.922418,40,14845.409037
4814391.778875,41,14846.218617
4517262.947978,45,14847.122664
-997117.917903,12,14847.370077
-787803.982791,9,14847.545217
-483743.19469,5,14847.653493
-584528.831344,7,14847.790611
5471274.425634,40,14848.558531
5129238.605815,32,14849.164529
5705327.162644,60,14850.321506
5283133.01931,33,14850.944619
4427960.267445,44,14851.783939
4530353.996324,67,14853.070519
-706033.833492,9,14853.241868
-863532.032487,10,14853.434106
-187662.148231,10,14853.622293
-501467.829351,5,14853.719438
-483627.974318,5,14853.816702
4333146.062629,66,14855.086601
5417572.369957,31,14855.686403
5272201.390872,34,14856.377534
-478040.649977,5,14856.472413
5106347.096104,48,14857.443372
-495465.409849,5,14857.542682
-481851.107931,5,14857.639366
-898666.877645,11,14857.854997
4915544.13683,38,14858.595516
-486207.005313,5,14858.689095
-486697.980239,5,14858.791396
-1203904.323839,15,14859.094864
4883943.478677,43,14860.030098
-486508.941374,5,14860.130663
-494493.775752,5,14860.235355
-482501.722048,5,14860.341802
5403893.173663,65,14861.659114
-486051.4194,5,14861.770937
5249657.671442,32,14862.420045
-502512.84412,5,14862.53619
5306934.967402,30,14863.208898
4671415.155585,40,14864.074656
-480657.141965,5,14864.179936
-492894.676593,5,14864.28966
-496262.816942,5,14864.398142
-482359.493296,5,14864.503931
5404782.455766,24,14865.093706
-495794.178459,5,14865.23083
5260077.406699,32,14865.940452
-463755.319567,5,14866.037446
-728831.268579,9,14866.222294
-736853.528435,9,14866.40674
5344144.166996,30,14866.996622
-936879.649095,11,14867.210044
-491687.61135,5,14867.315285
5392681.080153,37,14868.008189
4364376.497185,47,14868.928751
-792708.970965,10,14869.108976
-484744.780448,5,14869.19941
-502569.979726,5,14869.29495
5307550.355065,32,14869.886923
-782609.977485,10,14870.072608
-629728.432385,7,14870.201939
-479514.285797,5,14870.305482
-481616.158334,5,14870.407852
-684392.300656,8,14870.566567
5410132.191343,30,14871.146844
-749207.039454,9,14871.31787
-751308.503417,9,14871.492345
-496371.194741,5,14871.596255
5295111.666996,31,14872.203404
5357952.003206,33,14872.857638
5343902.767861,33,14873.498645
5334444.663722,50,14874.472541
4537772.282464,46,14875.400664
5285992.31733,36,14876.179581
5574631.660607,53,14877.379065
-493527.962523,5,14877.488312
5378834.10774,30,14878.152745
5105105.425348,34,14878.909105
-966122.677968,12,14879.168108
5014968.634913,35,14879.928556
-826259.297407,10,14880.121525
-482312.636091,5,14880.212474
-463618.093726,5,14880.30673
-684316.514431,8,14880.457675
-569002.748402,7,14880.580701
-814205.591395,10,14880.763102
5240211.150515,32,14881.381465
-502661.000391,5,14881.475624
-502640.807754,5,14881.571954
-458608.384638,5,14881.6734
-470929.050441,5,14881.77047
-748162.258983,9,14881.941102
-955357.292353,12,14882.163269
-494669.918178,5,14882.258212
-786058.338241,10,14882.463739
5458673.987925,57,14883.504991
-483978.73677,5,14883.593502
4875349.035628,38,14884.349202
4855538.263995,40,14885.091475
-487372.275654,5,14885.179638
-621189.7162,8,14885.327545
-490826.201356,5,14885.416366
-679937.872764,8,14885.557396
4887880.134098,40,14886.263613
-517449.502905,6,14886.370637
4986984.168872,36,14887.024113
-502744.238707,5,14887.118736
-817726.037848,10,14887.318507
-496055.784394,5,14887.416811
-493449.746238,5,14887.514352
-493782.395462,5,14887.614522
-654577.109595,8,14887.769778
-671165.655026,8,14887.920243
5289962.962829,32,14888.637378
-625767.905762,7,14888.763166
5124148.299652,35,14889.440355
-731002.853782,9,14889.602959
-496755.873829,5,14889.692106
-482529.595773,5,14889.785326
-498173.356092,5,14889.875319
-696067.458847,8,14890.017304
-468075.528234,5,14890.104001
-468011.646708,5,14890.19075
-500266.480532,5,14890.278293
-485350.986458,5,14890.370533
-987783.312882,12,14890.586894
5354491.862474,32,14891.193023
-480040.314399,5,14891.321635
-788208.544839,9,14891.506582
5303897.923181,70,14892.950587
-463533.298527,5,14893.0481
5292968.79696,34,14893.717733
5414982.666708,26,14894.21262
4463785.492553,47,14895.141106
-502578.39594,5,14895.231863
-484301.239865,5,14895.336324
5325115.226145,35,14895.994872
-490504.761193,5,14896.100987
4443020.266524,47,14897.002658
4155121.709177,50,14897.961128
5203540.757105,35,14898.636554
-488493.793347,5,14898.736789
-487759.817192,5,14898.841309
-842832.100523,10,14899.201414
-879054.824662,10,14899.566642
-488691.768843,5,14899.688044
5106661.823957,35,14900.66332
5322081.480239,39,14901.502292
-417013.40849,5,14901.639406
-497684.868599,5,14901.796369
-473838.084997,5,14901.912017
4329976.72392,51,14903.649257
5447961.172917,30,14904.808971
-745025.391067,9,14905.099506
-841009.028078,10,14905.427198
4534607.238064,44,14906.923243
-810669.184559,10,14907.117169
-496274.485106,5,14907.214019
5013771.225416,36,14908.159441
-496729.348224,5,14908.347711
5324492.615516,36,14909.729817
5409473.921328,66,14913.342962
5284895.550817,31,14914.859728
-841591.359303,10,14915.334007
5082464.426566,36,14917.404933
5127355.462414,38,14919.663188
-717108.214441,9,14920.050522
-129260.231132,8,14920.263006
5290341.839243,33,14921.020462
-482762.812438,5,14921.117382
3876582.251875,55,14922.195724
5028338.782546,36,14922.862247
-503345.340788,5,14922.947054
-884958.561336,11,14923.147398
-169815.737792,11,14923.365711
-485525.783205,5,14923.468324
-612079.134574,8,14923.608257
4835930.297576,40,14924.348136
-721813.825438,9,14924.504511
-486788.401199,5,14924.601102
-507019.24159,6,14924.710557
-502712.307437,5,14924.807801
-775554.306983,10,14925.001404
-692282.286681,8,14925.141597
-482684.087896,5,14925.237527
-706811.244973,8,14925.384246
5311214.462752,30,14925.965368
-695848.391361,8,14926.127507
-483923.807697,5,14926.227116
-481827.203389,5,14926.35289
4458166.284203,44,14927.144847
5236184.659906,40,14927.841244
5397068.624952,29,14928.334402
4086854.373898,51,14929.256208
4855764.087215,38,14929.971266
-888705.2417,11,14930.176526
5177497.361944,33,14930.810176
-636527.127938,8,14930.958444
-525712.825254,6,14931.074094
5235055.856258,38,14931.807476
-499125.23258,5,14931.898097
-741188.086251,9,14932.061201
-506864.309457,6,14932.179873
5302445.781402,41,14932.933918
-617491.897331,7,14933.06123
-492573.837937,5,14933.152469
5219681.067522,34,14933.813186
-880172.933276,11,14934.019027
-495214.27463,5,14934.121537
-491560.283024,5,14934.212921
-640687.976892,7,14934.339667
-1012409.070907,13,14934.588488
-674104.492641,8,14934.733808
-479692.447108,5,14934.818466
5108618.078449,34,14935.45481
-492098.510529,5,14935.55202
5619527.501418,56,14936.545612
5243420.327881,39,14937.218701
-732054.453189,9,14937.370122
-486295.65868,5,14937.468907
5142559.56192,34,14938.073118
5392292.491337,28,14938.594029
5021463.932272,51,14939.542378
5167101.124941,34,14940.175939
4530154.138918,43,14940.988268
-488906.053086,5,14941.078358
4995963.815568,41,14941.836104
5328010.501987,35,14942.460064
5402908.215691,41,14943.175375
-478215.25687,5,14943.264589
-494503.601733,5,14943.356869
6986287.752572,136,14945.959507
-569393.705861,7,14946.084985
-769669.017365,9,14946.258861
-496473.6128,5,14946.349312
5251099.35263,35,14946.959145
-478090.447284,5,14947.058552
-495798.339931,5,14947.151825
-502402.883631,5,14947.248427
-787044.768161,10,14947.449829
-777656.717492,10,14947.648295
5424058.774891,24,14948.102866
5306613.72053,66,14949.351191
-983196.86512,12,14949.587905
-485544.219465,5,14949.685093
-678390.652164,8,14949.837358
5415581.734086,33,14950.436262
-498837.692783,5,14950.545148
5230862.143011,33,14951.194418
-460488.562997,5,14951.292892
-489612.113688,5,14951.394338
-502664.915425,5,14951.479686
-614343.344578,8,14951.628619
5248546.457702,33,14952.211916
5360929.430404,34,14952.850704
5274991.897608,35,14953.542309
-491290.026934,5,14953.63912
-487738.197522,5,14953.736557
-476993.987737,5,14953.826905
5264150.584248,35,14954.483435
-502359.396442,5,14954.580627
-500637.798916,5,14954.67545
5329154.339497,30,14955.233127
-496716.33485,5,14955.318353
-488778.07557,5,14955.414632
-773342.589623,10,14955.611372
5278138.666134,57,14956.693415
5352762.974097,29,14957.242958
-719299.712877,8,14957.397321
5739710.748395,104,14959.317441
-812545.21106,10,14959.505077
-486038.0364,5,14959.598617
4375407.436052,66,14960.849704
-575985.651507,7,14960.97814
-682083.577465,8,14961.129277
4939183.976153,36,14961.795874
5271067.578769,37,14962.496715
-494886.524141,5,14962.590042
-487651.181194,5,14962.683019
5278660.375792,44,14963.517219
5674973.06311,69,14964.828061
-774359.993105,9,14965.000493
-785542.419053,10,14965.184271
-698095.764966,8,14965.336108
4964814.436295,42,14966.122566
-495582.760989,5,14966.215682
-484214.0934,5,14966.316714
-501451.146867,5,14966.413528
-601924.17498,7,14966.553335
-558439.319684,7,14966.69405
4689070.143809,96,14968.516756
-632505.272786,7,14968.653939
4019299.261865,53,14969.700346
5415097.136272,28,14970.230149
4299609.033614,48,14971.097664
-487240.650795,5,14971.194701
4992227.122065,39,14971.890374
5307481.667735,34,14972.505008
5132387.51726,34,14973.134638
-490156.478889,5,14973.226334
-478725.229087,5,14973.3212
3983403.167047,54,14974.370607
4565249.560024,44,14975.212358
-497122.717425,5,14975.310778
-497798.423306,5,14975.415724
-142002.985025,6,14975.539896
-489298.54923,5,14975.643534
-526041.206561,6,14975.755617
-656095.059444,8,14975.903267
-896271.014847,11,14976.115631
5413868.361731,30,14976.664544
4871669.499524,39,14977.363575
-497599.197385,5,14977.454706
-488693.279478,5,14977.545396
-482987.580207,5,14977.644844
5173376.738555,35,14978.277971
4512491.143682,45,14979.164886
-1232880.266281,16,14979.449187
-502383.745486,5,14979.534359
-764069.269059,9,14979.69155
-487291.571699,5,14979.783059
5718290.606481,56,14980.76492
5234979.6707,30,14981.30725
-619385.090699,7,14981.428767
-502073.579237,5,14981.522418
-496741.713383,5,14981.613735
5664814.245775,90,14983.22529
-501692.84363,5,14983.31023
-502122.866429,6,14983.41961
-453511.430413,5,14983.517363
5291443.891448,34,14984.158574
-479512.10173,5,14984.257055
4126363.377447,71,14985.606799
-484462.043443,5,14985.703639
-831285.927926,10,14985.891987
5326643.698123,29,14986.435096
5358366.104807,30,14986.978031
-498225.235027,5,14987.067158
5680175.182577,52,14988.034915
-502207.259583,5,14988.127946
-494994.895408,5,14988.224581
-485108.440832,5,14988.315762
-583606.957255,7,14988.439416
4301928.621061,48,14989.328895
-624014.784891,7,14989.477872
-497308.089869,5,14989.577031
-807962.504953,10,14989.776097
5403201.184231,29,14990.346062
5262299.461326,33,14990.982087
5356791.907585,75,14992.468063
5224597.594296,37,14993.265335
-732262.215279,9,14993.454151
4980328.920855,39,14994.254434
-545053.007903,7,14994.396832
-502918.615126,5,14994.498289
-481516.605849,5,14994.593971
5342170.923883,31,14995.20652
5372597.446752,34,14995.878681
-491646.12486,5,14996.015295
4779708.717118,41,14996.841871
-804489.126589,10,14997.042606
-563152.18361,7,14997.175669
-621480.815973,7,14997.318693
4610134.291637,48,14998.262241
5264299.263954,36,14998.986774
4874114.826886,37,15000.035533
-819904.845899,10,15000.326469
5079829.996843,38,15001.344056
-502498.528311,5,15001.435427
-490782.218833,5,15001.545133
5381310.372572,29,15002.132132
-485967.801449,5,15002.223101
5124327.308098,35,15002.859005
4675133.237905,43,15003.635183
3975019.812623,55,15004.634909
-491162.204267,5,15004.731596
-786399.17924,9,15004.915462
5119118.042771,35,15005.556014
5271407.261353,33,15006.161847
-719895.507113,9,15006.363243
-791557.048805,10,15006.56773
5409535.190168,27,15007.091238
5285297.45718,32,15007.689015
5375463.887115,49,15008.60069
-495312.196757,5,15008.694923
-495657.622846,5,15008.797859
-493015.57715,5,15008.895055
4749580.082638,41,15009.686116
5276750.90408,76,15011.167154
5305931.32933,38,15011.870252
5062615.554656,36,15012.566975
-489227.625692,5,15012.664817
4412620.563593,62,15013.918746
-482862.14407,5,15014.018489
-553691.251299,6,15014.138476
-475242.225202,5,15014.234058
-638225.851977,8,15014.446414
4904205.081101,36,15015.136808
-818000.107917,10,15015.33068
-588007.374699,7,15015.45149
-1094937.466883,14,15015.724571
-806197.268576,10,15015.900262
-728359.645494,9,15016.063865
-724239.576501,9,15016.222551
-484155.591732,5,15016.320918
-481650.633925,5,15016.415042
-478316.10202,5,15016.510423
-669867.511822,8,15016.651447
5457639.609042,44,15017.493953
5414563.537177,24,15017.978987
5403333.585542,32,15018.651255
5246824.354927,34,15019.384903
-482908.402002,5,15019.479188
4557766.040405,45,15020.336654
4084331.007436,50,15021.266475
-855693.370109,10,15021.475452
5146978.948136,37,15022.214787
-480283.211527,5,15022.317596
-483208.242719,5,15022.426802
-495780.046292,5,15022.523869
4611502.882509,45,15023.456882
4901502.6989,38,15024.226539
-501816.425021,5,15024.32217
-857599.345862,10,15024.499448
-500455.347454,5,15024.612461
5339122.633854,32,15025.202208
5315921.914964,40,15025.947672
3884966.505312,55,15027.068392
-494047.935577,5,15027.163656
-741222.604857,9,15027.34876
5077967.776104,39,15028.149845
4467617.983632,64,15029.42003
-502803.554911,5,15029.511194
-502500.40471,5,15029.601948
-694211.962403,8,15029.757315
5354457.269631,33,15030.401303
-502610.907127,5,15030.492516
5334405.887695,31,15031.102997
-629760.134588,8,15031.256161
5317108.941025,30,15031.838334
-659010.45322,8,15031.989616
5122353.413498,50,15032.964648
-488059.819265,5,15033.059334
-487304.234723,5,15033.146384
-488080.320846,5,15033.237635
5100649.549372,39,15034.007172
-502855.119587,5,15034.103879
-772880.835499,10,15034.293282
5243351.038162,33,15034.977083
-487023.694087,5,15035.067796
4472780.651641,43,15035.874821
5414713.933416,30,15036.482294
-483435.828982,5,15036.576797
-502483.967638,5,15036.679306
5397223.797028,30,15037.304137
-490236.764034,5,15037.407177
-835308.395466,11,15037.618599
-499878.890329,5,15037.715846
-502591.436157,5,15037.81066
4061470.655976,49,15038.73971
5248278.950855,34,15039.389942
-485045.54047,5,15039.479141
-709181.220964,9,15039.636886
-496840.896042,5,15039.728471
-692276.237565,8,15039.87889
5113607.016389,73,15041.351902
5405300.139844,30,15041.975955
4323190.532502,45,15042.851152
-1012694.105236,13,15043.109858
-502538.716485,5,15043.203758
-673089.709413,8,15043.357076
-482670.89939,5,15043.468128
-861556.400986,10,15043.660938
4862250.29128,42,15044.468014
4962676.699698,37,15045.21606
-485806.156492,5,15045.320772
-708907.437665,9,15045.494685
5339075.118507,41,15046.308816
-737371.70471,9,15046.481573
5057977.030428,37,15047.219414
5177040.287864,40,15048.018718
4928617.65303,40,15048.872937
5293922.935602,32,15049.479577
5393318.880832,73,15050.902947
5193796.137851,34,15051.552273
-879267.604939,11,15051.77633
5040054.942767,40,15052.594924
-500523.33425,5,15052.702705
5295919.908317,31,15053.310351
-563097.879523,7,15053.459699
-503180.211032,5,15053.565359
5374278.805347,33,15054.223682
-478723.851568,5,15054.327904
5436988.847548,26,15054.870059
-724177.706268,8,15055.032205
4761361.571761,42,15055.890884
4204766.30731,54,15056.967249
-852236.495184,10,15057.158598
-819295.168929,10,15057.345961
-779384.45695,9,15057.519778
-808390.527589,10,15057.717956
4951480.797978,46,15058.703796
5136017.906853,41,15059.486928
-697618.108166,9,15059.649141
5391011.196008,27,15060.150532
-463671.545025,5,15060.241519
5098317.854342,37,15060.911818
5301689.496252,33,15061.524415
5033074.188312,37,15062.205391
-590930.910542,7,15062.33757
4966655.210186,37,15063.054554
-894450.542104,11,15063.260938
-861630.427087,10,15063.451432
-487159.180799,5,15063.546413
5354364.698205,30,15064.137307
-1067285.810271,13,15064.40438
-842452.238202,11,15064.619182
-732556.01916,9,15064.790084
5363184.217293,29,15065.341008
-896619.213859,12,15065.568578
-489272.050431,5,15065.665767
5271167.87652,35,15066.343356
-707785.043355,8,15066.532588
-495636.926621,5,15066.633494
4839337.380463,39,15067.350926
-488215.771143,5,15067.444026
-748380.313456,9,15067.614709
-675854.263769,9,15067.801494
-817887.817536,10,15068.015458
5337489.27318,31,15068.654565
-757040.918402,9,15068.838256
5055318.80179,36,15069.594588
4357960.072118,48,15070.516611
4723835.509529,40,15071.312488
-496120.306989,5,15071.421742
-702744.799848,8,15071.575572
-497316.416212,5,15071.678025
5351389.47702,30,15072.220878
-482848.558213,5,15072.310926
5222676.805209,35,15073.025874
-873956.083636,10,15073.21539
-938153.018922,11,15073.417901
-624997.99682,7,15073.543778
-496484.921444,5,15073.64328
-775912.87588,10,15073.846721
5696873.345135,46,15074.72027
5095372.251367,37,15075.445467
5428076.485364,24,15075.964669
-464057.214436,5,15076.060758
-502356.51648,5,15076.165479
-740026.279388,9,15076.346662
5383836.186013,45,15077.258985
-491537.71569,5,15077.367515
-742087.637423,9,15077.55383
5401796.974536,28,15078.109066
-774298.793118,9,15078.283868
-500338.050416,5,15078.381057
-493373.657133,5,15078.48481
5390327.114998,28,15079.050431
5213186.090129,55,15080.13424
-501661.23129,5,15080.234054
-494036.600085,5,15080.330683
-1061659.223134,13,15080.57807
-481167.91879,5,15080.680442
-500145.900404,5,15080.801372
-472966.334533,5,15080.898809
-632265.505688,7,15081.032365
-620028.209076,7,15081.177842
-751045.918518,9,15081.353405
-1184396.397194,14,15081.629201
4919500.842197,40,15082.40233
-491991.326155,5,15082.506231
-516963.214211,6,15082.620683
-838311.123522,10,15082.817307
-553028.292431,6,15082.932137
-698821.090709,8,15083.088775
-494680.107163,5,15083.184578
-495597.607476,5,15083.280531
4840972.067478,37,15084.006498
5133918.417957,49,15084.971802
-634571.608305,7,15085.111302
-502565.384511,5,15085.214614
4464097.731663,63,15086.444064
-487181.062789,5,15086.53849
-490336.127481,5,15086.643549
5388933.488307,29,15087.19644
-165300.598546,7,15087.330267
-881825.944118,11,15087.541359
3859937.82192,54,15088.590755
-665717.616255,8,15088.748921
-494323.212358,5,15088.838771
-503117.485415,5,15088.935409
4505315.746009,45,15089.806995
4911523.784055,39,15090.570829
5505110.045494,55,15091.680369
5372850.526566,31,15092.265617
5329750.484669,32,15092.898983
-485304.054934,5,15093.002515
-762802.393954,9,15093.181905
-835697.062333,10,15093.37913
-747958.575003,9,15093.552661
5582202.919006,48,15094.496737
-677801.168773,8,15094.651594
-501432.674267,5,15094.753563
-494792.856395,5,15094.851174
-494771.280064,5,15094.946753
5194234.566204,34,15095.621133
4586623.379853,41,15096.448054
4990286.118825,38,15097.19531
-708211.0839,9,15097.370932
4333412.02615,52,15098.395341
5339715.495181,35,15099.087069
-748762.652896,9,15099.263265
4541884.835103,43,15100.110621
-778886.19335,9,15100.284601
-829125.58692,10,15100.486612
5358088.520051,30,15101.080446
5314258.990862,30,15101.666571
-665326.461541,8,15101.826065
5389288.365676,28,15102.374867
-464343.390199,5,15102.474527
-818191.454103,10,15102.677313
-477729.036839,5,15102.776967
5069481.049882,37,15103.51029
-802759.836237,10,15103.707753
-484733.853653,5,15103.813599
-491327.465497,5,15103.916477
5193619.540153,35,15104.58642
5426743.652259,27,15105.091253
5325852.66539,35,15105.742156
-473253.988258,5,15105.836959
-486824.3181,5,15105.937062
-497711.049806,5,15106.035172
5036144.081837,37,15106.76979
-614730.390695,7,15106.908021
-488549.845967,5,15107.005013
5194291.7363,33,15107.673683
5114789.349108,36,15108.366964
-735935.546974,9,15108.53649
5364341.075715,34,15109.180187
-501429.285452,5,15109.275402
5275880.463552,33,15109.910425
-492374.88913,5,15110.003552
5060557.76694,35,15110.671281
-480164.564228,5,15110.772179
-708339.670752,8,15110.919637
4934450.1115,38,15111.602551
-480962.701011,5,15111.697679
-488813.706331,5,15111.789249
-480363.762585,5,15111.882657
-496973.702479,5,15111.97665
-502680.653114,5,15112.067387
4972316.718314,39,15112.821642
-607252.314879,7,15112.949987
-119057.865559,6,15113.063923
-501625.31796,5,15113.15361
-472422.617488,5,15113.244244
-472856.323135,5,15113.335812
4932335.5925,37,15114.022553
-666932.121297,8,15114.179166
-631540.009574,7,15114.305977
5290748.832114,34,15114.943845
-487896.242567,5,15115.034444
-767906.850336,9,15115.222409
-498219.574911,5,15115.324991
4300159.320663,50,15116.303657
-498051.549714,5,15116.403308
-844137.831974,11,15116.622156
-489854.164263,5,15116.72158
-503043.126964,5,15116.82329
-486685.154035,5,15116.920805
-479695.123329,5,15117.025492
5111290.726145,39,15117.795241
5114572.224589,34,15118.459961
5632300.108649,43,15119.332178
-652692.234663,8,15119.502649
4086385.698855,51,15120.513746
-501027.674391,5,15120.611593
5345332.392623,28,15121.184609
-701586.103675,8,15121.352097
-488920.662337,5,15121.457214
-1273069.54678,16,15121.789264
-496726.260511,5,15121.890546
-978252.591014,13,15122.147667
-493332.896121,5,15122.245534
-500571.772517,5,15122.352631
-575689.294407,7,15122.501286
5113969.064584,37,15123.250337
-488423.724072,5,15123.34284
-1005219.651516,12,15123.560323
4939830.778083,39,15124.268555
4991595.496662,38,15124.959843
-761075.417054,9,15125.131102
-784403.364762,10,15125.318334
-822803.506292,11,15125.521118
5509490.866657,33,15126.151929
-677602.558036,8,15126.305205
-1318285.069451,16,15126.629857
-495512.531371,5,15126.7307
-700380.875997,9,15126.895834
-561533.393244,7,15127.029287
4924336.74711,64,15128.331467
-798937.802497,9,15128.506766
-676479.057032,8,15128.659033
-203024.885797,7,15128.796978
-458527.597143,5,15128.89263
5406347.423067,30,15129.471631
-679671.283123,8,15129.633957
5032661.937952,50,15130.609236
-483755.20783,5,15130.712348
-490536.958695,5,15130.808324
5111841.217579,33,15131.438083
4208585.55013,51,15132.430387
-487868.618918,5,15132.535708
-837363.630461,11,15132.754822
-864231.088079,11,15132.970377
-567429.553918,7,15133.118052
-653253.940681,7,15133.262483
-488758.755721,5,15133.359685
-502701.562824,5,15133.451376
-502822.345491,5,15133.55111
-495842.051273,5,15133.647184
-888283.681445,12,15133.890643
5400050.241245,31,15134.508382
-955972.305313,12,15134.756105
-818714.536147,10,15134.953197
3472716.557137,63,15136.192965
4994780.367133,37,15136.936029
-502940.629901,5,15137.036812
-963385.082827,12,15137.27581
-493868.465747,5,15137.372956
5318551.796785,30,15137.976203
4305091.937812,47,15138.916774
5257453.483127,32,15139.558563
-855355.044756,10,15139.754305
-797116.594452,10,15139.948218
5406343.626641,25,15140.45529
-461410.510587,5,15140.552466
-660309.341657,8,15140.721905
-829241.038007,10,15140.911396
-565083.540472,7,15141.054918
-489624.063129,5,15141.149012
5342523.936939,29,15141.708937
5444857.20288,81,15143.289781
-726085.762874,9,15143.462663
4927181.480863,41,15144.274874
-1075798.259207,13,15144.531634
-631564.789829,7,15144.675278
-947804.753262,11,15144.891916
5115964.726737,52,15145.92678
-473868.654583,5,15146.022077
-904867.519365,11,15146.242673
-730751.910759,9,15146.426607
4910460.966582,39,15147.188627
-1222246.290986,15,15147.481045
-481331.192316,5,15147.581902
-481981.433988,5,15147.682476
-489195.133328,5,15147.78271
-479451.849576,5,15147.882168
-491557.643527,5,15147.97945
4933111.004535,40,15148.748665
-500989.090108,5,15148.848146
-182388.607076,6,15148.958967
-483484.188262,5,15149.055774
-502632.668256,5,15149.161804
5348905.395966,31,15149.765965
-483304.876017,5,15149.861663
-482045.488,5,15149.960032
-766988.651577,9,15150.143586
5609298.915047,37,15150.87405
4756320.469007,50,15151.835124
-649994.718653,8,15151.989509
-490176.145691,5,15152.085409
4475384.34049,45,15152.957995
5110346.237785,34,15153.618505
5142311.898085,32,15154.231516
-639803.152627,7,15154.363611
4243595.447627,49,15155.30966
5372169.989254,32,15155.941437
-699655.432469,9,15156.113853
4132307.330797,50,15157.093256
-796711.423368,10,15157.278124
-657877.632502,8,15157.431845
-487277.248371,5,15157.532611
-480508.612088,5,15157.624725
5398852.606604,30,15158.217401
-734441.530439,9,15158.394217
4840392.515096,59,15159.537183
-485937.617216,5,15159.637691
-502600.669428,5,15159.735291
-713881.260509,9,15159.908375
-792466.489282,9,15160.078947
-809136.703319,10,15160.268542
-502979.645043,5,15160.365393
-502550.30747,5,15160.459131
-491961.85052,5,15160.553386
5219013.959065,35,15161.230285
-880237.926116,11,15161.447494
5412664.508353,30,15162.02842
-891961.919274,12,15162.260366
-495246.984105,5,15162.355398
5314666.684708,30,15162.951151
-971118.920185,12,15163.180692
5404414.472571,48,15164.137136
5463668.853924,45,15165.022911
-457630.73744,5,15165.124933
5159858.399313,36,15165.841663
-503071.625939,5,15165.942959
-575703.771536,7,15166.082496
-765822.639112,9,15166.254792
5425556.200283,26,15166.776626
5245692.043665,38,15167.537474
-474976.290223,5,15167.63839
4865113.726749,39,15168.501988
-524797.905105,6,15168.613138
5388298.309651,32,15169.200728
-719065.87261,9,15169.358793
4978747.319937,39,15170.058304
4258403.45475,48,15170.952967
-468625.118819,5,15171.045605
5370992.338558,35,15171.698377
-833507.125357,10,15171.885589
5344370.885801,32,15172.506965
5292758.415648,32,15173.159755
-493664.891014,5,15173.247785
-492207.324405,5,15173.333703
4677302.655347,54,15174.296788
-486776.824105,5,15174.385371
-488936.73409,5,15174.474008
-495762.881852,5,15174.567827
4540570.180511,47,15175.43482
-833039.347857,10,15175.624984
-500691.10263,5,15175.726811
-492705.852004,5,15175.828703
-485890.90876,5,15175.924593
5276571.770413,32,15176.560097
-460962.144787,5,15176.661355
-495494.573867,5,15176.763944
5399983.403885,28,15177.286783
-502792.68938,5,15177.378083
-779292.013786,10,15177.557201
-818456.673305,10,15177.742162
4962612.849739,39,15178.458989
6035012.717801,69,15179.777327
5333008.003807,33,15180.408933
-607628.229428,7,15180.536165
4805333.135462,42,15181.369895
-500741.958466,5,15181.466436
-617451.707853,7,15181.598356
-572579.384586,7,15181.735436
-493975.52338,5,15181.827892
5354905.738093,40,15182.600943
-490042.031443,5,15182.699153
-499760.031882,5,15182.798526
5461460.337283,30,15183.379784
5200847.878785,35,15184.047521
3831359.035205,53,15185.052521
-559340.541697,7,15185.190888
5253967.194207,30,15185.773081
5401342.521056,26,15186.280741
-607065.819291,7,15186.414983
-479950.980455,5,15186.522552
-461830.018061,5,15186.619948
4597126.803692,50,15187.577263
-487633.839643,5,15187.669517
-494127.174021,5,15187.77299
4958019.317332,38,15188.513153
5389997.022489,31,15189.112037
-474095.065925,5,15189.209026
5064276.455231,37,15189.929046
-732739.812891,9,15190.106111
-492965.95967,5,15190.199003
5367260.009068,29,15190.761038
-693835.803012,8,15190.916835
4828926.128497,39,15191.655984
-811663.891505,10,15191.849907
-495713.259851,5,15191.94505
-474625.432288,5,15192.041448
4531270.950116,45,15192.853556
-613796.22945,8,15192.998344
-485385.257464,5,15193.089256
5595394.424945,52,15194.098451
-476482.332162,5,15194.196192
-804417.355714,10,15194.400163
-484005.478371,5,15194.496885
-480891.028405,5,15194.590843
5109320.75209,37,15195.273997
-853549.423206,11,15195.479627
5320623.14194,61,15196.655516
-482317.851194,5,15196.753765
5037157.692535,37,15197.487382
4935978.593325,43,15198.374661
-680685.654951,8,15198.529345
5184600.958073,47,15199.485431
5384180.157415,29,15200.054459
6401856.892223,104,15202.083799
5280776.582802,34,15202.806392
-478495.199117,5,15202.927193
-559088.075856,7,15203.138798
-879476.24132,11,15203.422483
-502461.273051,5,15203.528192
-482584.754431,5,15203.629513
-464794.561546,5,15203.73269
-502007.16606,5,15203.83559
4495531.837546,46,15204.666576
-495333.947508,5,15204.753081
-491266.214949,5,15204.841521
4925398.546471,38,15205.53108
-494486.07577,5,15205.619153
-921311.484949,11,15205.815139
-498298.508095,5,15205.902869
-489677.937454,5,15205.988903
-831118.811808,10,15206.168247
5147008.911676,39,15206.886369
-629787.67372,8,15207.030243
-675467.481255,8,15207.177548
5513972.100595,41,15207.99295
5229406.775479,34,15208.614419
-502922.013698,5,15208.711771
-492855.044546,5,15208.811177
4997924.938337,36,15209.4626
-1044173.528581,13,15209.712039
-481541.475448,5,15209.814542
-489239.637175,5,15209.909226
-635966.614059,7,15210.039801
-673475.771405,8,15210.186814
-586224.165949,7,15210.319176
-496979.030584,5,15210.411567
-621510.470166,7,15210.54667
-552037.356469,6,15210.661803
5208144.357066,52,15211.848941
-497718.807901,5,15211.948551
5434896.345011,25,15212.421297
-578878.875396,7,15212.550448
-491886.107269,5,15212.641546
-488085.384622,5,15212.733199
-502227.607638,5,15212.826715
5199055.629273,35,15213.468097
-727064.962138,8,15213.641827
-475850.649804,5,15213.739517
5324496.937526,31,15214.339805
-670619.588477,8,15214.492688
-488340.277602,5,15214.593301
-475019.826089,5,15214.691067
-752159.17082,9,15214.870008
4827612.404289,39,15215.622741
-502366.367708,5,15215.725286
5325715.992926,31,15216.293115
-640831.318945,7,15216.419852
-923925.676126,12,15216.667733
-718896.160364,9,15216.838283
5051961.188901,35,15217.545742
-718961.794296,8,15217.698325
5023182.374941,38,15218.442047
-486971.374094,5,15218.542935
5484721.020094,56,15219.700114
-483143.512483,5,15219.819427
-487069.829256,5,15219.924042
5249733.387923,32,15220.556063
-551743.993916,6,15220.664906
-492636.598028,5,15220.756907
-791893.815669,9,15220.920799
5335247.077338,29,15221.478211
-628923.389287,7,15221.618548
-503096.04376,5,15221.728148
-831256.635514,10,15221.930858
-494520.663699,5,15222.025462
5181144.415312,36,15222.75658
-744856.060688,9,15222.942241
5675247.659885,44,15223.797139
-1004003.775406,13,15224.034924
-908731.178887,11,15224.257569
-487474.246777,5,15224.359597
-488873.646226,5,15224.455326
-702443.433322,8,15224.612149
5200121.365343,52,15225.682169
4844264.814069,40,15226.470389
-853462.156772,10,15226.676483
-802892.653834,10,15226.910305
-500393.99697,5,15227.006535
-475838.388098,5,15227.103476
4560267.437461,43,15227.988158
-755539.291391,9,15228.192426
-496875.565589,5,15228.288705
-1075921.176242,14,15228.5661
-865465.044543,10,15228.762523
5405939.682996,29,15229.347725
5382870.929299,30,15229.948064
-495869.564348,5,15230.043907
5223234.927119,37,15230.786936
4252788.537842,49,15231.733083
-640354.362626,8,15231.896002
-802223.123877,10,15232.086102
-730834.592017,9,15232.257015
-480770.516255,5,15232.35283
-486761.809116,5,15232.470931
-472923.318499,5,15232.579182
5420749.24493,32,15233.22848
5212070.824922,33,15233.909149
-616610.522288,8,15234.075484
5007625.37072,35,15234.790693
-986665.686356,12,15235.042442
-733771.080531,9,15235.222558
-743874.723683,9,15235.404327
5380071.443769,28,15235.983625
5342630.50709,31,15236.603456
-474645.793997,5,15236.69944
4554492.882639,44,15237.565769
-500187.483121,5,15237.66678
-559935.041696,6,15237.79286
-643384.69654,8,15237.955443
-768277.676792,9,15238.127174
-488399.646491,5,15238.226244
-763885.453093,9,15238.398798
4926434.431883,37,15239.14764
5209616.073356,32,15239.750696
4911308.412802,40,15240.505885
-469187.070727,5,15240.617507
4112553.149301,50,15241.579555
-498809.534065,5,15241.67031
-487623.628979,5,15241.77521
-797459.024411,10,15241.967187
-705657.632619,9,15242.136843
4781545.388513,41,15242.99067
-1136312.480661,14,15243.274177
-834768.68273,10,15243.455451
5430849.977472,26,15243.972217
-837738.577631,11,15244.189722
-848030.125467,10,15244.394821
5102730.517123,33,15245.070607
4695211.823383,41,15245.869005
-558254.139037,6,15246.001954
-871982.315659,11,15246.22713
5399699.003525,44,15247.108245
-779438.533401,9,15247.281584
5354137.544664,34,15247.96123
-489652.414498,5,15248.057003
-773072.123096,9,15248.231395
-646318.205425,8,15248.389036
5419241.306417,27,15248.920839
-779505.532979,10,15249.115505
-453295.822751,5,15249.212526
3930809.269343,52,15250.250935
3747223.317396,55,15251.379109
-488114.106487,5,15251.481803
5417329.02405,31,15252.105033
-617263.872221,7,15252.248875
-494146.750631,5,15252.348493
-475548.44029,5,15252.451349
-492907.630552,5,15252.554455
-563464.497702,7,15252.699447
5193716.435141,37,15253.444273
5173158.911599,38,15254.208192
-479856.871306,5,15254.314508
4707907.899402,48,15255.30358
4624150.062221,47,15256.295285
-493448.887453,5,15256.397373
-492580.806495,5,15256.496906
4749299.208498,40,15257.313103
-715823.324133,9,15257.488034
-908249.938745,12,15257.738978
-904259.648789,11,15257.956926
4469832.528422,47,15258.875621
4988481.147256,38,15259.603116
-564693.52622,7,15259.742011
-716136.575934,9,15259.915697
4912396.753855,41,15260.698607
5019328.887246,45,15261.546876
-692969.6559,8,15261.710462
5435337.906924,25,15262.201282
-554246.428841,6,15262.324
-887313.673269,11,15262.556111
5311919.168273,33,15263.213328
5200753.685979,32,15263.858038
-491532.535259,5,15263.952372
5044561.840153,37,15264.680712
-493149.838096,5,15264.785902
-600777.464687,7,15264.926116
5177076.95666,31,15265.560968
-669640.209118,8,15265.715448
-633803.463939,7,15265.861985
-496643.270783,5,15265.963118
-529545.317129,7,15266.096296
-491919.140567,5,15266.19751
5415413.575644,25,15266.710729
-502347.059891,5,15266.822187
-760960.13566,9,15267.009889
4788636.395139,43,15267.882242
-501068.256748,5,15267.986701
-500247.696858,5,15268.079541
-832371.210158,10,15268.276976
-483629.853799,5,15268.374149
5318759.918895,29,15268.936881
4759566.065975,44,15269.769767
4836659.916333,40,15270.511585
-493524.62227,5,15270.611996
-840676.215252,11,15270.832219
-486466.996716,5,15270.924685
5224403.565842,34,15271.572124
-459552.935465,5,15271.674661
-498780.826683,5,15271.769999
-483946.496918,5,15271.86496
4006851.768545,59,15273.015087
-499860.484476,5,15273.115564
4862888.657348,37,15273.84699
4976786.182386,39,15274.629869
-491573.912298,5,15274.727271
5400049.687091,27,15275.267099
-502844.692204,5,15275.370878
3867903.458263,54,15276.466901
-734725.756516,9,15276.645578
-516054.897563,6,15276.767831
-479181.844127,5,15276.877432
-563899.019633,7,15277.030534
-534231.937314,7,15277.172018
-498667.273678,5,15277.270535
-698505.662416,8,15277.444479
-1066242.816083,13,15277.707177
-663025.111985,8,15277.89048
-753312.899295,9,15278.065752
-576302.102074,7,15278.192832
-940041.362237,12,15278.426374
-681623.131611,8,15278.584622
5395085.27531,28,15279.115357
-498492.450161,5,15279.217159
5431652.84513,26,15279.686445
-494832.710355,5,15279.786431
-824314.869665,10,15279.979691
-495857.750452,5,15280.07589
-643219.348784,7,15280.207979
-502660.886182,5,15280.307158
-631633.540658,7,15280.453267
-734535.16684,9,15280.634735
6006153.502945,73,15282.132321
5351614.399262,30,15282.715153
-499572.839762,5,15282.808594
5376521.178542,29,15283.389863
-483365.458943,5,15283.494226
5028896.84702,37,15284.245581
5220757.119586,34,15284.9282
5310013.543161,30,15285.537961
-481226.302606,5,15285.644517
-500466.889649,5,15285.741296
-834080.147255,10,15285.941793
-659249.642056,8,15286.111215
-496394.85696,5,15286.214913
-909680.513403,11,15286.450276
4784490.450662,43,15287.281411
-496216.541357,5,15287.373622
-1095699.684161,14,15287.639597
4217925.776998,54,15288.724408
-540125.780975,6,15288.850069
4819070.16942,39,15289.641019
-482056.882439,5,15289.739011
-779288.159069,9,15289.914286
-482650.248269,5,15290.013661
-716148.511476,8,15290.160215
5366301.472056,33,15290.769487
5001380.818097,37,15291.466961
5329666.476199,32,15292.077449
-477042.682396,5,15292.169585
5314250.669322,36,15292.852587
-494725.812851,5,15292.94882
-487415.77286,5,15293.038591
4292165.488714,46,15293.948255
-481964.767595,5,15294.040035
5007767.178142,39,15294.800777
5011862.324819,38,15295.574616
-659101.688248,8,15295.736047
-467967.820094,5,15295.833597
-502068.569489,5,15295.930214
-493903.556719,5,15296.029341
-501320.175322,5,15296.135795
4966876.294076,37,15296.924501
-522138.830616,6,15297.043239
-887910.802701,11,15297.260928
-489537.894993,5,15297.357998
5168905.745868,35,15298.063362
-709179.114797,9,15298.239629
5359373.804199,53,15299.259769
-490378.808039,5,15299.360304
4923608.366804,36,15300.070275
-502367.922098,5,15300.171408
-739623.760238,9,15300.355196
4881187.587042,38,15301.087958
-968423.988565,12,15301.333898
5059258.381075,38,15302.077397
5026788.832848,54,15303.126395
5233564.203348,33,15303.779631
-617279.254494,8,15303.928389
-464230.01392,5,15304.016653
5210156.475043,40,15304.735789
4985009.396331,35,15305.358316
-489822.468119,5,15305.450808
-487252.020929,5,15305.541796
5218071.14004,37,15306.254425
-495887.329654,5,15306.347795
-478488.811491,5,15306.447327
4164261.556433,49,15307.394199
-463559.430103,5,15307.488306
-642370.926756,8,15307.643799
5528884.121167,30,15308.230231
-682553.116393,8,15308.3838
-482968.595366,5,15308.478438
5255344.270485,36,15309.176466
5353886.380048,28,15309.719297
-494658.350042,5,15309.817538
4514830.405827,44,15310.680542
5414776.931346,50,15311.677088
5514112.10492,36,15312.377065
4504323.374076,45,15313.254806
-707376.583416,9,15313.430441
-507421.180988,6,15313.547365
-477000.442311,5,15313.649835
-495075.510469,5,15313.750311
5531294.348949,51,15314.715409
-862584.392744,10,15314.901415
5664806.318832,53,15315.870238
-493641.881381,5,15315.968331
-1247052.79182,17,15316.285156
4757539.23602,40,15317.063439
-489368.845285,5,15317.15704
4481106.5287,82,15318.73385
-713004.734486,9,15318.925556
-499353.083903,5,15319.022396
-683130.737242,8,15319.173687
-715564.810766,9,15319.339133
-487745.225517,5,15319.431956
4747138.000283,73,15320.835344
-708527.488943,9,15321.014432
5781808.526547,50,15321.974094
-481399.418645,5,15322.071966
-900653.945239,12,15322.307371
5346196.595762,30,15322.876668
4845679.159799,41,15323.66467
5253724.805718,39,15324.4306
-706899.806453,8,15324.59895
-479902.452091,5,15324.695342
-502710.859023,5,15324.792638
5425485.983589,28,15325.332888
5321273.488607,34,15325.954912
-496338.186186,5,15326.047942
-457336.302703,5,15326.138633
-804115.880734,10,15326.32694
-495644.409277,5,15326.430066
-462023.391866,5,15326.520941
-479681.511344,5,15326.616313
-521594.721415,6,15326.722633
-766963.805951,9,15326.891475
-772118.800403,10,15327.076565
4942258.116018,41,15327.84388
5303720.341279,32,15328.467025
4853583.016783,38,15329.225241
5571250.482177,103,15331.278385
-622413.931238,8,15331.435274
-477425.515804,5,15331.531104
-503007.06359,5,15331.624985
5359567.403205,33,15332.261027
-489709.529127,5,15332.356565
-519294.067937,6,15332.472045
-487005.254267,5,15332.56637
-502584.617527,5,15332.665006
-481116.667312,5,15332.761459
-500401.500768,5,15332.895909
5390113.538265,32,15333.517579
-495782.227705,5,15333.613937
-762845.669966,10,15333.815665
-619195.565477,7,15333.966742
-491481.851219,5,15334.065223
4708784.090128,44,15334.924352
-767392.139211,9,15335.092716
5292629.653162,31,15335.65686
4939831.758565,37,15336.32422
5154787.612878,36,15336.995855
-524013.584243,6,15337.112716
4887872.98149,40,15337.866629
5286665.386339,33,15338.504174
5001312.723014,37,15339.223883
5187889.340523,54,15340.257895
-706640.278708,9,15340.42146
5382574.708217,29,15340.966808
5328297.865429,32,15341.554756
-484343.621172,5,15341.649868
-473585.999244,5,15341.747899
5330932.985849,36,15342.437436
4998000.054631,34,15343.106239
-923843.059162,12,15343.347021
5404509.246462,28,15343.904961
-963507.185124,12,15344.132626
-707478.05788,8,15344.285437
-502458.527043,5,15344.379786
-494739.889796,5,15344.479053
-474689.294977,5,15344.581856
5417044.288305,32,15345.204892
-470465.614809,5,15345.306708
-904689.286645,11,15345.522236
5568670.684634,51,15346.507869
-624319.132283,8,15346.663285
-493200.37557,5,15346.755618
-495139.471959,5,15346.857824
-1089920.275925,13,15347.11527
-477664.670287,5,15347.208665
5376250.218846,57,15348.306
-487671.037027,5,15348.402293
-820572.37833,10,15348.595347
-483863.071387,5,15348.695664
-474003.699033,5,15348.793259
5342853.426181,30,15349.373578
-799463.223685,9,15349.541894
5124081.783986,34,15350.191034
-497910.383456,5,15350.285566
-492519.905388,5,15350.384322
-496332.740097,5,15350.481692
-212967.981199,8,15350.63672
-456293.161262,5,15350.737363
4885654.000578,38,15351.53428
5338857.080346,33,15352.250975
5138291.303581,50,15353.272627
5347524.724862,30,15353.876267
5298562.897802,29,15354.462304
-694699.35688,8,15354.611376
-489228.745567,5,15354.708765
-481941.333038,5,15354.813236
5405075.613888,25,15355.296804
-806056.622104,10,15355.50148
-674561.856837,8,15355.66912
6432948.771446,98,15357.655996
5331119.031483,32,15358.287692
5423882.280399,26,15358.827609
-490380.534566,5,15358.943621
-725927.297949,9,15359.131133
-488054.714054,5,15359.244962
5143001.693708,34,15360.038644
-489778.356798,5,15360.159151
-484753.446757,5,15360.263606
4885737.501815,39,15361.122082
-637040.680337,7,15361.263349
5809306.056281,65,15362.612893
-499781.408341,5,15362.708433
5181506.513895,36,15363.505826
5414126.279192,29,15364.116893
4994544.14626,58,15365.398601
-498574.399382,5,15365.502811
5285120.393869,37,15366.323136
-862309.806825,10,15366.547258
5178964.605369,36,15367.360476
-875191.087238,11,15367.612377
5142382.303929,34,15368.359725
-488341.847768,5,15368.458591
5395185.819909,29,15369.089873
-502705.712074,5,15369.197878
5023693.448955,38,15370.002926
-500268.306808,5,15370.111083
-488372.604379,5,15370.242268
-501684.726712,5,15370.349751
-491042.975913,5,15370.478381
-795630.48231,10,15370.722514
-477407.954619,5,15370.82031
5402621.058269,35,15371.563502
-578076.845032,7,15371.719463
5015212.548347,36,15372.481681
-494888.491415,5,15372.583115
4899221.128188,41,15373.481345
-604770.156528,7,15373.632252
5503649.861226,58,15375.048931
-498784.139375,5,15375.162474
-494612.915471,5,15375.264963
5294575.519157,31,15375.988236
5372488.546613,29,15376.627914
4070888.843829,53,15377.84154
5185903.783635,56,15378.967101
-502379.577934,5,15379.059818
4216524.98016,48,15379.899573
5415098.556369,24,15380.316638
-502482.411745,5,15380.407348
-486523.903462,5,15380.493508
-485850.054358,5,15380.583797
-485906.051912,5,15380.673809
5165072.461184,35,15381.302814
-501574.371789,5,15381.394587
5348475.738274,31,15381.966128
5195528.866034,35,15382.623657
4955163.444961,38,15383.352156
-483260.036967,5,15383.448545
5403760.897142,29,15384.022229
-572607.073071,7,15384.157291
-780645.189926,9,15384.344546
5102450.293674,35,15384.997846
-770374.524245,9,15385.165509
-582633.968197,7,15385.292994
4016494.453456,50,15386.220531
-490417.984261,5,15386.309017
5240428.106035,37,15386.98962
-494968.643647,5,15387.080874
-773969.028517,9,15387.239719
4592306.354009,48,15388.141684
-652875.790897,8,15388.287232
-871217.650424,11,15388.492034
5420414.984001,62,15389.670152
5434272.931038,28,15390.196334
5313477.450058,31,15390.777429
-492083.253704,5,15390.870874
-489987.615053,5,15390.964476
5268062.437015,34,15391.602596
-494873.355011,5,15391.702631
-570349.868478,7,15391.828958
-471515.647126,5,15391.921888
-482660.649994,5,15392.010779
5024900.417186,37,15392.657172
-491815.858763,5,15392.744759
4857890.751365,42,15393.478019
-498962.655077,5,15393.565605
-683059.785549,8,15393.710524
-908161.592006,11,15393.910406
-491786.382534,5,15393.998293
-483482.830505,5,15394.085775
5281754.880632,33,15394.689931
4055782.626012,49,15395.628013
-614428.870585,8,15395.780416
5111051.527874,36,15396.482477
-501810.37538,5,15396.577183
4840623.653178,39,15397.347599
-499721.868737,5,15397.449479
5312425.349834,40,15398.235095
-492025.308723,5,15398.330057
5356921.674415,30,15398.910477
4566986.474164,44,15399.725975
-598644.983578,7,15399.857127
-570799.206102,7,15400.00043
-499837.494474,5,15400.100351
-474575.989525,5,15400.205965
-697759.106268,8,15400.360453
5147732.57103,35,15401.03106
-752353.756335,9,15401.211213
-495118.835106,5,15401.307229
-879346.54814,11,15401.516302
-700181.500876,8,15401.66637
-492052.60143,5,15401.766578
-488202.45184,5,15401.86245
4454785.877241,44,15402.708211
5173478.10991,34,15403.364847
5224580.609453,35,15404.037586
-558721.31422,7,15404.165444
5064562.910629,39,15404.904802
-502570.924215,5,15404.998585
-482204.668793,5,15405.087754
5497371.375478,33,15405.678574
-823745.586068,10,15405.852675
-487497.872526,5,15405.947573
5363581.612767,31,15406.491438
-485596.414443,5,15406.579337
-699149.683513,9,15406.751272
-717176.129465,9,15406.923708
-482349.283441,5,15407.012691
-500050.895445,5,15407.105219
5364426.029005,31,15407.669744
-489186.291179,5,15407.769408
4418129.981741,46,15408.631363
-469232.50635,5,15408.723698
4115783.892488,51,15409.67021
4849946.532693,40,15410.372587
-776685.395863,9,15410.530357
-488935.096744,5,15410.615956
-733372.577511,9,15410.768207
5123031.376841,35,15411.392704
5614259.102162,56,15412.450115
-1090197.28078,14,15412.716331
-763346.756464,9,15412.953661
-500157.838036,5,15413.052375
4360590.279758,46,15413.963045
5096069.780913,54,15415.014319
5610355.634957,48,15415.866197
-493607.439423,5,15415.952798
-760368.675665,9,15416.111458
-501597.495702,5,15416.200841
5384718.417249,28,15416.703976
4285341.106994,54,15417.757684
5357653.417086,34,15418.438597
-556829.789445,7,15418.571513
4640437.096886,68,15419.892816
-758307.030075,9,15420.070653
5046479.996493,33,15420.712526
4221192.910532,49,15421.662353
5162634.620086,37,15422.371421
4344855.530078,46,15423.265321
4528764.177175,44,15424.09694
-487054.675217,5,15424.188024
-1081324.010731,14,15424.462662
-779778.546382,9,15424.631692
-471870.678148,5,15424.728609
-626457.025943,8,15424.889581
-500307.570436,5,15424.982347
5382863.931754,29,15425.55256
4860148.537815,39,15426.298349
-481313.509653,5,15426.401297
-858338.543296,10,15426.604441
5367148.16707,27,15427.172774
-600270.275001,7,15427.305518
-613679.418591,7,15427.450546
-623055.326149,7,15427.595022
4155903.616825,54,15428.650289
-487501.205542,5,15428.74138
-485077.357021,5,15428.84516
5132160.143643,34,15429.495852
3784411.139665,54,15430.527346
4950226.445559,40,15431.247581
-555694.997325,6,15431.35605
5502149.35018,29,15431.875454
-496751.420846,5,15431.975331
4942118.350521,36,15432.623223
-761807.723455,9,15432.776048
4439168.982659,48,15433.617294
-486207.707623,5,15433.704454
3800373.566561,54,15434.641925
-716743.885385,9,15434.799469
-572413.796134,7,15434.929005
-569726.884014,7,15435.051532
5207554.191515,37,15435.711055
4967678.052969,43,15436.492744
-477509.615197,5,15436.584369
-491888.925636,5,15436.674971
-493957.627466,5,15436.772086
4270512.497776,49,15437.689527
-613664.073915,8,15437.838916
5417415.973777,25,15438.313284
-506488.455347,6,15438.4215
-953434.687477,13,15438.671176
-496155.620841,5,15438.767354
-500916.542198,5,15438.874345
-502551.971185,5,15438.968596
5283440.352783,32,15439.580796
-884726.056967,12,15439.804723
4909845.104096,37,15440.500092
-916059.042333,11,15440.712484
5341481.627096,28,15441.237855
-497690.752097,5,15441.332982
-1016032.705704,12,15441.555462
-494836.291395,5,15441.644589
-474996.950392,5,15441.735349
-478457.843916,5,15441.836654
-561424.558966,6,15441.958805
5935716.1751,91,15443.694443
5160081.777167,38,15444.431579
-496788.177951,5,15444.520972
5417627.583225,25,15444.997524
-487665.451444,5,15445.083125
-496245.865094,5,15445.17236
-661713.575032,8,15445.312594
4853830.272043,40,15446.035503
-478956.455612,5,15446.124567
-502683.83099,5,15446.215271
-696517.381119,8,15446.365545
-495230.266881,5,15446.464123
-498266.208332,5,15446.560006
-476057.893829,5,15446.657319
-484622.908688,5,15446.760331
5096124.514476,35,15447.421788
5189824.195872,36,15448.105336
-897653.792118,11,15448.312218
-646918.257062,8,15448.45835
5789065.955746,59,15449.618821
5046986.608789,37,15450.358329
-750436.572728,9,15450.520936
4236440.409568,47,15451.353402
5385319.35016,29,15451.912388
-495270.278314,5,15452.00445
4542481.168418,48,15452.876498
4992826.604755,37,15453.578465
5481652.133589,62,15454.729461
-481909.091414,5,15454.821053
-497828.318977,5,15454.914694
-502863.999091,5,15455.00851
-482128.289459,5,15455.100865
5588138.238628,51,15456.057934
4485476.323507,46,15456.912467
-1095238.10815,14,15457.174865
-512132.660217,6,15457.288864
-473409.948485,5,15457.384019
-456582.799591,5,15457.478962
-482538.398956,5,15457.569689
5416940.43196,25,15458.042947
-477783.761276,5,15458.130763
-498995.687548,5,15458.228894
5165807.411203,44,15459.023121
-480939.386407,5,15459.115467
5690571.71804,48,15460.022269
4826053.21381,38,15460.761224
5410439.771464,43,15461.582472
-489681.356282,5,15461.66959
-494156.149725,5,15461.756301
-493400.077517,5,15461.847982
4182063.685806,63,15463.031267
-495934.22092,5,15463.122869
5217732.976783,37,15463.787833
5590067.874365,34,15464.397016
-807803.255877,10,15464.566594
-502894.561947,5,15464.65427
-677988.660472,8,15464.792153
-492904.265986,5,15464.876175
-478736.485332,5,15464.970039
-905391.68517,11,15465.166687
-497559.995904,5,15465.253269
-494142.830173,5,15465.341379
-502965.432254,5,15465.42972
5427123.454065,26,15465.879105
4999535.870517,35,15466.499211
-512698.726973,6,15466.609143
-970125.449772,12,15466.831268
5326325.46527,31,15467.435617
5315265.456399,34,15468.085039
-478010.627417,5,15468.184453
-480282.350685,5,15468.280492
5178647.375755,58,15469.379879
-490105.19272,5,15469.481593
-1157551.943621,15,15469.757659
-493890.757347,5,15469.842139
5057314.224829,39,15470.520198
4611772.088312,55,15471.513056
-708276.744176,8,15471.664164
-673205.623587,8,15471.813188
5302293.301723,32,15472.400218
-554981.615997,6,15472.511643
-555454.308747,6,15472.621181
-498197.127758,5,15472.717107
-500426.585572,5,15472.814574
5114907.91179,34,15473.471523
-498001.277393,5,15473.563639
5152312.160443,35,15474.249241
-488965.702581,5,15474.341295
-493627.904038,5,15474.432002
-483534.756712,5,15474.527716
-492479.574848,5,15474.615845
5463256.406838,31,15475.219121
-492466.241833,5,15475.307099
-723323.151497,10,15475.499594
-502436.167053,5,15475.598933
-829340.991556,11,15475.798553
-817521.67366,10,15475.999297
-729160.575948,9,15476.168425
-816142.220894,10,15476.36676
-765741.861341,10,15476.556918
-502062.258326,5,15476.650726
5269654.911932,48,15477.624751
-483465.726866,5,15477.722617
4549309.822415,45,15478.582667
5191118.542641,40,15479.364806
-492022.945569,5,15479.45915
4979781.177135,39,15480.206968
4727216.160708,41,15480.979956
5624726.306363,55,15482.020486
5164786.552765,33,15482.62226
-749689.203283,9,15482.776077
-491960.251759,5,15482.862446
5230725.291696,37,15483.536747
5418820.788077,30,15484.096746
-493696.75033,5,15484.201138
-726631.568992,8,15484.375653
-494304.802976,5,15484.469748
-494580.408687,5,15484.568746
5277788.583277,34,15485.237525
-701310.535284,9,15485.420699
-1092913.059612,14,15485.711911
5238407.664254,32,15486.347893
-496773.294124,5,15486.449502
-746826.267924,9,15486.626872
-681835.957061,8,15486.798555
-494257.725801,5,15486.910801
-882117.086787,11,15487.131159
4402846.387107,46,15488.056834
-589178.982383,7,15488.203386
4124509.7281,52,15489.294984
-569655.654783,7,15489.433666
-502387.480368,5,15489.542973
-482395.921502,5,15489.664994
4487022.748374,43,15490.575286
4388257.66559,47,15491.477653
4853311.739331,39,15492.221547
-913442.541535,11,15492.431185
5267258.091423,36,15493.149308
-1231111.498371,16,15493.457635
-567507.196686,7,15493.592185
-630802.61133,7,15493.724811
-487328.509857,5,15493.819732
5348025.956709,34,15494.470425
-614549.503449,7,15494.605555
4257683.730144,48,15495.538598
-486572.026019,5,15495.630635
5249148.601548,31,15496.230593
5320318.92917,31,15496.816581
5107104.995029,38,15497.608193
5395660.855415,28,15498.199188
-702640.080775,9,15498.39314
-470383.0293,5,15498.496245
4797087.930826,40,15499.298973
-492993.364782,5,15499.400873
5655376.050203,41,15500.245322
-467359.02836,5,15500.361577
5193556.275892,37,15501.129208
5012110.277893,43,15502.028149
-481649.046484,5,15502.120751
-486519.878316,5,15502.214805
-670634.820992,8,15502.370323
-489659.087974,5,15502.477291
5322338.212278,61,15503.712579
-501375.62541,5,15503.828659
-490068.180511,5,15503.91974
4834634.92307,39,15504.698347
5137043.495329,35,15505.393106
-501341.764901,5,15505.494279
5130730.12477,35,15506.183866
-476537.617912,5,15506.289084
-552134.735587,7,15506.423411
-459218.95262,5,15506.51826
5242175.134711,37,15507.276121
4377850.037013,45,15508.216203
-502625.695964,5,15508.314108
-560025.628381,6,15508.452451
-823023.771161,10,15508.652625
-736407.100387,9,15508.83769
-519077.604077,6,15508.955392
-489015.181971,5,15509.071051
5764488.807655,65,15510.488469
-843076.859779,10,15510.693544
-968701.802685,13,15510.965297
-760773.924308,9,15511.14094
-495475.381101,5,15511.263133
-601121.026458,7,15511.39149
-487901.092266,5,15511.492651
-1136235.583014,14,15511.776169
-487482.535739,5,15511.876262
5185004.537854,32,15512.583999
-498334.811101,5,15512.675484
-795794.765383,10,15512.865077
-547249.801863,6,15513.007532
-484537.648805,5,15513.105482
-815146.313761,10,15513.30575
3813988.105082,59,15514.43293
4359067.483077,47,15515.354866
5364334.97579,31,15515.962848
5506207.602757,49,15516.9261
-494021.221331,5,15517.039759
-492833.411773,5,15517.144603
-495390.317528,5,15517.243406
-480855.020778,5,15517.337528
-924713.403252,12,15517.588539
-1100678.348275,15,15517.886586
-820888.46584,10,15518.0858
-496979.556936,5,15518.182479
-867894.903435,11,15518.392864
-702635.952021,9,15518.574558
4385298.714059,46,15519.539033
-498183.26628,5,15519.642671
-697765.949622,9,15519.823713
-496501.814675,5,15519.925994
-705615.569122,9,15520.110914
-488144.589538,5,15520.209038
4587851.999411,47,15521.103802
5417675.438191,24,15521.577441
-484466.166596,5,15521.668425
5350565.990551,29,15522.203204
5286916.029084,36,15522.876773
-494733.444758,5,15522.970063
-498034.856332,5,15523.065041
-452819.283694,5,15523.159314
4946437.021753,39,15523.887457
-489852.659926,5,15523.98004
-767039.419438,9,15524.147696
-501462.757728,5,15524.244413
-492878.968731,5,15524.334745
-478663.950953,5,15524.437013
-722212.730066,9,15524.604058
4280984.681547,48,15525.507226
5335529.557883,32,15526.121868
-502834.480045,5,15526.216313
5120996.258095,53,15527.218089
-144480.30654,7,15527.354135
-678709.841682,8,15527.506923
-489428.430192,5,15527.603875
4879792.146826,40,15528.403052
-487164.22862,5,15528.492657
-859521.677339,10,15528.694664
-611616.14141,7,15528.846359
-696527.193124,9,15529.026188
5418321.527593,29,15529.623803
-584489.771987,7,15529.767025
4952353.382096,37,15530.504994
4999233.999298,51,15531.522968
4992550.812345,37,15532.331127
-481068.775448,5,15532.433674
5432487.766521,24,15532.897146
5231147.521624,37,15533.636772
-667974.568331,8,15533.793316
5458049.542681,88,15535.77695
5214165.917709,34,15536.607692
-522335.862289,6,15536.745452
-1020495.172464,13,15537.001415
6439085.958013,117,15539.293319
-473647.721786,5,15539.384199
4990642.573485,36,15540.087195
-482342.747377,5,15540.178136
5156266.999999,38,15540.950366
5392422.81578,28,15541.468799
5277084.784265,33,15542.092962
-730038.796643,9,15542.262722
-467950.465925,5,15542.353518
-724452.977318,9,15542.525253
-489511.730063,5,15542.62041
5114394.197122,37,15543.323229
5235636.135322,33,15543.953433
-491482.355262,5,15544.050375
-494378.007916,5,15544.153729
-1003147.060162,12,15544.444367
-498251.793036,5,15544.553708
-496976.237384,5,15544.662489
5053907.577295,35,15545.353277
-603929.06377,7,15545.498601
-487059.758612,5,15545.596148
-743379.214875,9,15545.761754
5430030.852728,28,15546.341349
-500340.370228,5,15546.468436
-497592.286473,5,15546.583532
-550289.541529,6,15546.716851
-718135.567398,8,15546.922907
-491669.297136,5,15547.037878
5049765.602406,35,15547.759121
3661306.010755,59,15548.983261
4446129.54233,45,15549.910361
-489663.074641,5,15550.013525
5208102.576558,36,15550.746604
-494918.703408,5,15550.843639
-496072.10707,5,15550.946588
5084184.406282,36,15551.661887
-950010.765274,12,15551.903973
-562958.147958,7,15552.044759
-787930.491654,10,15552.237516
-496256.13148,5,15552.346376
5512918.014652,46,15553.304286
-469263.824982,5,15553.401004
5160003.309198,37,15554.158445
-476778.369359,5,15554.293033
-558003.56566,7,15554.461412
-634529.16691,7,15554.606713
-484402.097118,5,15554.715887
4621319.99188,49,15555.73991
-499484.315617,5,15555.832642
-1233834.963956,15,15556.122031
-492410.545596,5,15556.218569
-904000.368486,11,15556.430818
5095627.783517,36,15557.145799
-898467.23743,11,15557.388344
-471579.533533,5,15557.509524
-502232.299001,5,15557.618482
5296997.828212,31,15558.236602
-494609.11193,5,15558.33352
5339216.888482,31,15558.952317
-749976.045312,9,15559.134127
-502961.781742,5,15559.233569
-500798.763715,5,15559.327732
-498691.872819,5,15559.442515
-481126.766757,5,15559.545781
5274894.074703,37,15560.272754
-492225.179368,5,15560.375729
5357152.729893,31,15560.987683
-924105.974534,11,15561.211918
5214603.207664,32,15561.842547
5431751.068027,47,15562.799673
-481402.878989,5,15562.896981
-485735.805351,5,15563.012313
5445754.300617,33,15563.676307
5333469.173921,32,15564.321111
-517365.45318,6,15564.448069
5404264.605911,29,15565.02406
5081252.75623,35,15565.717145
-485185.103831,5,15565.811499
-1322808.223445,17,15566.166761
-482932.293488,5,15566.254128
-856065.166817,10,15566.45474
-616908.419915,7,15566.586959
-750335.839652,9,15566.756968
-490403.686311,5,15566.865976
5784652.647238,71,15568.271979
-502267.049158,5,15568.380857
-485281.756149,5,15568.477666
-463969.717769,5,15568.587239
3537761.907642,58,15569.726206
-497926.637646,5,15569.829261
5402497.389937,25,15570.326489
-497106.280296,5,15570.423577
5238599.960325,38,15571.192665
5096223.684413,36,15571.883858
5094573.763033,35,15572.568504
5264132.343234,54,15573.65289
-479179.972471,5,15573.750241
-493443.410058,5,15573.852909
-478058.956796,5,15573.955894
-498276.789878,5,15574.065076
-493979.007438,5,15574.183242
-953945.398963,12,15574.42857
-1093506.260083,14,15574.71345
-637891.680813,7,15574.852813
5391277.559298,29,15575.434598
4478855.118153,45,15592.378413
4891226.409173,38,15593.086965
-756991.09257,9,15593.256669
-478128.67421,5,15593.353736
5355029.607904,32,15593.941508
5234861.801472,36,15594.644407
-716355.895049,8,15594.795871
5118701.076328,36,15595.517968
-473053.487968,5,15595.620018
-502213.472631,5,15595.731068
-721072.073411,9,15595.917477
-878472.893621,11,15596.147332
5314840.309446,34,15596.862544
-486439.212105,5,15596.965559
5681631.57656,48,15597.910737
-488718.900866,5,15598.007845
-663551.349064,8,15598.165179
-675346.237304,8,15598.31679
-490711.453217,5,15598.421688
-1024647.378146,13,15598.66819
-482425.614579,5,15598.768513
5116119.750832,34,15599.43783
-502805.529168,5,15599.535101
4770719.309816,38,15600.298337
-639029.521734,7,15600.438028
-489296.031216,5,15600.541377
-494875.487566,5,15600.670294
-488364.511932,5,15600.783471
4459896.563489,45,15601.770905
-502411.058988,5,15601.86779
-497837.739488,5,15601.96482
-639456.398924,7,15602.104238
4298484.612726,47,15603.037741
5177638.377964,34,15603.720022
-502874.253961,5,15603.81923
-490717.584276,5,15603.92222
-682098.884287,8,15604.077639
-678430.247004,8,15604.243232
4077001.46417,52,15605.291664
-488441.972745,5,15605.394939
-486436.242147,5,15605.497625
-474832.936659,5,15605.594675
-475968.13839,5,15605.69168
5627795.257829,55,15606.800696
5387239.249353,31,15607.412685
-490694.76174,5,15607.509956
-836816.984309,11,15607.721941
-498767.885391,5,15607.818579
4096461.234571,50,15608.818758
-465749.946257,5,15608.915514
-474261.87021,5,15609.014675
5522001.975477,36,15609.739962
-527317.705545,6,15609.855207
-840400.706128,10,15610.048964
5541459.59422,70,15611.430674
-1141060.145508,14,15611.72113
-454008.725671,5,15611.818547
5119498.701323,36,15612.521189
5190333.623266,37,15613.248316
-475761.107885,5,15613.345683
4819956.37454,41,15614.146595
-500706.87723,5,15614.246714
5026816.84301,42,15615.102664
-480988.53568,5,15615.205632
4940640.70247,64,15616.454067
-687853.818903,8,15616.611502
-502801.248412,5,15616.702757
-502677.36784,5,15616.799531
4899991.286059,40,15617.605524
-486427.659872,5,15617.702692
5115538.098213,35,15618.405817
4528106.411746,44,15619.278084
-897550.46992,11,15619.496258
-808543.186106,9,15619.683979
4220428.504948,49,15620.683708
5254149.895724,32,15621.302299
4420488.503299,44,15622.160715
5052172.194773,39,15622.920296
-481988.83572,5,15623.016892
5355197.181123,43,15623.877437
4903221.533397,63,15625.101592
-496324.638976,5,15625.204908
-476772.982879,5,15625.301417
3928416.29729,53,15626.374317
-160664.339504,6,15626.493337
-445821.383688,5,15626.592263
-877850.201472,11,15626.815987
4764587.895168,40,15627.604244
5428888.954668,25,15628.095035
-722214.504056,9,15628.276792
4149975.115819,53,15629.319432
-495603.55396,5,15629.416017
5440464.056283,30,15630.003965
-497067.038178,5,15630.100728
-488484.690998,5,15630.209866
-500522.470335,5,15630.307291
5397210.310339,27,15630.828232
-494466.148228,5,15630.925045
4946248.730377,39,15631.718786
-493092.484298,5,15631.815791
5385780.961267,27,15632.343255
-499719.841337,5,15632.446391
-493049.58439,5,15632.54391
5219668.195058,36,15633.249469
-481320.278401,5,15633.349073
4996605.897275,37,15634.098583
5515135.831345,54,15635.18521
-739697.307974,9,15635.36729
-502357.188864,5,15635.469088
-484477.717186,5,15635.57623
5369576.7975,29,15636.153695
-634619.811565,7,15636.287959
-703419.485841,8,15636.445691
-501378.081701,5,15636.542696
5590109.579495,61,15637.772836
-1098569.813639,13,15638.021337
-492434.199171,5,15638.123589
-652873.826084,8,15638.275537
-762445.458811,9,15638.451815
-511486.290053,6,15638.566663
-489899.939846,5,15638.657406
-487716.691031,5,15638.760511
-1052560.039473,13,15639.010027
5422900.709677,23,15639.463428
5117414.62995,50,15640.446098
-478233.719447,5,15640.542022
-899010.687741,11,15640.760206
-499598.278447,5,15640.857266
-493558.789924,5,15640.948727
-690019.516445,8,15641.099642
5133455.667674,35,15641.778774
-683458.823198,8,15641.94201
-494889.487187,5,15642.039397
5356126.051401,33,15642.693321
-970387.31132,12,15642.936245
-779534.748522,9,15643.111433
5047935.10003,42,15643.9599
-488567.243478,5,15644.056918
-486876.611389,5,15644.153871
-482022.227905,5,15644.256861
-599168.460431,7,15644.390211
-710491.848573,9,15644.571986
4704963.733747,45,15645.481069
-738589.173638,9,15645.664147
-504973.842041,6,15645.777676
-729647.640576,9,15645.959761
-496470.428347,5,15646.056642
5147222.112713,37,15646.834642
-800173.210948,9,15647.038602
-491685.303798,5,15647.135236
-474061.766583,5,15647.256632
4741214.56458,40,15648.1229
-820589.438398,10,15648.334907
-739647.468593,9,15648.522798
-947493.857969,12,15648.789908
-740233.963488,9,15648.969616
-503215.487406,5,15649.069219
-491520.975276,5,15649.171512
-900778.949747,11,15649.450974
-604395.634544,7,15649.596564
-481958.10957,5,15649.707545
-719005.036179,9,15649.899081
-1102491.218329,13,15650.183555
-699587.442669,8,15650.346913
4834591.558066,38,15651.092395
4751722.202095,40,15651.892499
-986405.294049,13,15652.159159
-470409.783664,5,15652.274464
-548515.815576,6,15652.39512
-1379778.559623,18,15652.755014
5857042.429063,82,15654.460805
-587011.056803,7,15654.60532
-571842.083105,7,15654.738731
-484293.43636,5,15654.848083
-754170.618816,9,15655.028347
-502631.020926,5,15655.12249
-985705.689168,12,15655.37081
-584618.515883,7,15655.513741
-502763.895694,5,15655.622261
5238594.724651,34,15656.312114
-809080.046286,10,15656.514862
4402920.751867,75,15658.067451
5286077.069902,33,15658.770673
-871819.712788,10,15658.984834
5403361.561358,45,15659.921993
5313599.314399,32,15660.58777
-706922.703439,8,15660.749848
5323606.568539,31,15661.418658
-737543.580255,10,15661.616276
-856048.0633,11,15661.849081
-496057.604585,5,15661.960776
-496385.09732,5,15662.075485
4047864.6517,49,15663.0912
-498785.236469,5,15663.190808
5201748.695046,35,15663.963582
-494229.333902,5,15664.07468
5375541.521005,29,15664.739748
5408564.610734,26,15665.325696
5220009.530496,32,15666.003635
5754628.799317,50,15667.028545
5746161.76889,50,15668.050018
-502443.420903,5,15668.152504
5244606.783429,38,15668.941732
-1052835.522372,14,15669.223707
-731916.420316,9,15669.408544
5414343.809146,27,15670.032655
4926017.36814,38,15670.845378
-916899.298452,11,15671.067393
4108445.662662,59,15672.312147
-459051.466448,5,15672.416657
5085938.336345,36,15673.157926
5429059.709083,25,15673.700931
-837421.333435,10,15673.901552
-498279.420979,5,15673.994334
-488329.145221,5,15674.097319
-839654.584027,10,15674.310781
4296771.675297,47,15675.23796
5415789.717738,34,15675.95401
-590561.196227,7,15676.093738
-822357.658637,10,15676.297127
5676224.381603,50,15677.380135
5666864.084105,46,15678.333078
-474959.730174,5,15678.432181
-469422.936627,5,15678.529023
5332938.928138,29,15679.11289
5233921.447512,32,15679.746666
-875580.756254,10,15679.949887
-524477.085315,6,15680.068528
5377823.480196,30,15680.662359
5158054.706026,52,15681.71893
5410207.813756,27,15682.258225
-811044.90502,10,15682.451993
4292225.40602,46,15683.375118
5232976.79732,33,15684.031046
-661957.550438,8,15684.19779
-495109.420533,5,15684.306862
5029523.021614,58,15685.456621
-496257.971071,5,15685.552031
-477790.528282,5,15685.652292
-495441.464817,5,15685.749141
-479423.388586,5,15685.843639
-554719.452089,6,15685.969016
-565063.882739,7,15686.106775
3838941.370124,55,15687.179044
4890318.585584,37,15687.940081
4674248.742361,41,15688.777593
-711284.134577,9,15688.966618
5401657.821206,26,15689.481975
-494790.734852,5,15689.584831
-483010.793153,5,15689.689828
-1335948.369378,17,15690.047177
-490198.332888,5,15690.148176
-498147.043951,5,15690.259431
4938247.331778,37,15691.027306
-679424.693783,8,15691.187735
-479164.226364,5,15691.299767
-860856.905443,11,15691.527864
-806467.948817,10,15691.726887
4726477.766572,41,15692.572056
-501171.759054,5,15692.67492
5413838.815525,24,15693.182844
-687487.458351,8,15693.378619
-500010.562135,5,15693.487618
5046003.945313,37,15694.300392
-711983.415986,9,15694.48139
5263198.234654,34,15695.165738
-662958.570219,8,15695.339545
4378504.646499,44,15696.210866
4548854.274016,47,15697.165651
5369597.95842,34,15697.85653
-492007.123862,5,15697.958572
5394989.741304,40,15698.768502
-481360.105861,5,15698.874811
-814053.615426,10,15699.080947
-162469.788044,6,15699.195831
4863020.090482,39,15699.992441
-712621.625987,8,15700.145278
5253273.572802,33,15700.788328
4922703.281894,38,15701.562174
-495037.052804,5,15701.666226
-496995.848391,5,15701.756813
-515873.477179,6,15701.880783
-494610.822111,5,15701.980263
-852936.892859,11,15702.192491
4997466.198992,37,15702.940669
-495021.86563,5,15703.037076
-706256.725341,9,15703.209749
5413764.036401,47,15704.138392
5557134.201951,83,15705.79922
4339149.587911,47,15706.73616
5350699.807317,29,15707.311799
-502443.136353,5,15707.408881
-497344.335887,5,15707.508994
5619231.411838,49,15708.49472
5378308.548563,30,15709.106643
4008813.753308,53,15710.141508
-481974.946326,5,15710.24198
5461695.696895,55,15711.330706
-703208.285498,8,15711.480793
5358872.788923,33,15712.132743
-487608.997648,5,15712.227597
-697470.231464,8,15712.378887
-661697.126136,8,15712.535418
-487782.294415,5,15712.630735
-613913.822792,8,15712.788319
5285483.756602,31,15713.401873
-495894.133819,5,15713.497405
4583484.9835,42,15714.350312
5237425.228567,30,15714.913173
5700976.653967,40,15715.691158
4968444.679144,37,15716.428494
4916072.894188,39,15717.190665
4203519.13821,50,15718.173445
-491405.9049,5,15718.286022
-783138.028871,9,15718.449574
-626841.387312,7,15718.585164
-479819.951119,5,15718.679854
5217840.868994,35,15719.375408
5002135.78787,36,15720.075345
5302451.297408,33,15720.747792
-496734.385219,5,15720.845492
5010588.425937,36,15721.598429
5393141.009757,28,15722.14165
-497428.951807,5,15722.238603
-488591.882865,5,15722.338387
-717456.464059,9,15722.508188
-486534.496853,5,15722.609581
-461475.262833,5,15722.71005
5325156.118703,34,15723.381218
-483659.19158,5,15723.48079
-590227.403889,7,15723.62808
4522636.946006,53,15724.671347
-642981.334445,7,15724.810882
-757399.755443,9,15724.984501
-853567.904933,10,15725.172178
-465290.143049,5,15725.276371
-482258.278781,5,15725.371589
5811798.455266,62,15726.601446
5576915.458265,50,15727.583961
3727512.124682,55,15728.653237
-522551.576137,6,15728.769569
5388603.654869,24,15729.259106
-806315.543431,10,15729.455433
4570746.682229,43,15730.305028
-1363991.984496,18,15730.65485
-494486.932491,5,15730.752067
5083859.663278,38,15731.495322
5432032.994611,28,15732.111398
5411762.507959,34,15732.837221
-658211.660573,8,15732.997976
-823654.100329,10,15733.19128
-497318.762738,5,15733.29469
5435893.925786,27,15733.819817
4915145.743902,39,15734.587215
-724300.335305,9,15734.766994
-495765.521848,5,15734.864536
-934213.951108,11,15735.080019
5099871.77401,37,15735.803808
-1036906.217246,13,15736.058718
5466702.9216,43,15736.934734
4268633.125097,48,15737.985498
-501292.954206,5,15738.089848
-624941.227123,7,15738.233815
-490841.338854,5,15738.33433
4549248.29513,48,15739.290718
5170542.023786,36,15740.009462
-784503.337726,10,15740.227159
-478625.809755,5,15740.327183
-847138.773626,11,15740.551804
-483048.4163,5,15740.661357
-487913.490482,5,15740.75239
-692181.872746,8,15740.912144
-498112.776743,5,15741.0066
-454204.489059,5,15741.100231
5122067.749033,34,15741.750704
-843104.105081,10,15741.943951
4864360.045754,40,15742.716107
5951238.657955,62,15743.932837
5539693.326505,50,15744.902987
-493081.690453,5,15744.996779
-496462.432147,5,15745.095263
5008411.219725,36,15745.800968
-499420.837886,5,15745.896483
5401430.423431,28,15746.454547
5149525.539965,36,15747.179637
4933048.449881,40,15747.969292
-481752.318769,5,15748.072939
-937000.08161,13,15748.331301
5111094.06286,40,15749.123265
-486538.287413,5,15749.227834
-731164.247,9,15749.408354
4478538.194888,46,15750.326218
-497766.331524,5,15750.421719
-495393.783929,5,15750.518482
-478627.868522,5,15750.612175
-485633.942163,5,15750.711136
-491229.640479,5,15750.806859
-993070.902182,12,15751.032235
-493364.540875,5,15751.134436
4328535.559031,46,15752.059192
-477413.308684,5,15752.15571
-1298762.604591,17,15752.486485
-481218.015492,5,15752.587285
-468026.609412,5,15752.686798
-880115.746398,12,15752.912549
-830230.378445,10,15753.106688
5507654.608163,36,15753.797249
-480904.179337,5,15753.889778
-621348.8526,7,15754.021575
4940831.169467,40,15754.797942
5307642.957198,58,15755.928713
5045110.893975,37,15756.651794
-936322.601815,12,15756.885954
-854517.581602,10,15757.107332
-502574.10204,5,15757.20664
4907596.580882,38,15757.954957
-485949.418531,5,15758.064811
4978331.236703,38,15758.822765
-670115.616429,8,15758.982856
4268776.156742,46,15759.871284
-495061.245109,5,15759.970709
-813484.740849,10,15760.162159
-497232.644207,5,15760.259873
5283218.523253,39,15761.027726
5396582.584292,27,15761.563367
5366354.675507,77,15763.106389
-484783.421645,5,15763.213513
-557680.665896,6,15763.342248
-484778.57892,5,15763.440227
-672034.996285,9,15763.62231
5182033.342465,36,15764.356115
4488142.189367,44,15765.217929
5414677.268137,29,15765.792371
-495416.495791,5,15765.891204
-481047.036562,5,15765.985909
5519729.143943,48,15766.956637
-498191.058849,5,15767.054909
-715046.520465,9,15767.227183
-484782.784763,5,15767.33133
-881915.513041,11,15767.543043
-494622.849743,5,15767.638049
-766951.625489,10,15767.832133
-484023.796437,5,15767.931154
-698071.689709,8,15768.086451
4969172.129288,36,15768.798272
-464373.869902,5,15768.898633
5321502.697382,41,15769.724138
4929341.579832,39,15770.486482
-494963.571455,5,15770.579284
-593549.387589,7,15770.71468
4966760.901874,36,15771.425416
5420585.310554,24,15771.890537
5045528.713543,36,15772.607177
5292155.752322,34,15773.294731
-485136.211756,5,15773.391025
-686825.879915,8,15773.54172
-520711.373697,6,15773.659516
4869064.163409,37,15774.371523
5258636.550457,41,15775.159474
-499590.674763,5,15775.263243
4283263.148121,48,15776.221277
-493807.87853,5,15776.325774
5719448.916043,53,15777.390177
-478469.085305,5,15777.49329
5227527.885649,32,15778.133635
-499281.110406,5,15778.234003
5255875.482274,35,15778.952638
-764265.785314,9,15779.13366
5477969.166649,47,15780.093246
4727370.931639,41,15780.8984
-488679.994903,5,15781.001916
-972068.364576,12,15781.238945
-451209.70428,5,15781.351629
5822041.421513,50,15782.340427
-1022310.182869,13,15782.59589
-481184.841128,5,15782.693138
5398352.104835,27,15783.220752
4477448.990991,45,15784.125343
4873603.656154,41,15784.927111
-733420.856037,10,15785.124
-794105.342507,10,15785.330082
-1055550.598032,13,15785.577376
-495488.736314,5,15785.669282
5236970.8321,36,15786.391814
5128526.453291,44,15787.262908
-502498.955801,5,15787.365609
5122309.837323,38,15788.099588
3563072.952403,59,15789.261103
-672754.769004,8,15789.41842
5222196.701843,34,15790.121873
5307882.911582,52,15791.15506
-474816.824395,5,15791.262059
-471640.555782,5,15791.358576
4989193.065699,36,15792.083705
5399367.140414,28,15792.639373
5241855.511989,36,15793.350397
-713338.612069,8,15793.505887
5245192.495381,33,15794.144391
-501121.222937,5,15794.248386
4909604.775919,38,15795.012738
-502591.288843,5,15795.114846
-612266.177481,7,15795.259817
-502652.897994,5,15795.363655
5790588.01782,52,15796.424843
3992024.562162,52,15797.466559
4458399.975067,46,15798.429201
-805772.426681,10,15798.643014
-501829.619409,5,15798.751251
-492809.889424,5,15798.853956
-831430.282819,10,15799.066401
5353216.297134,30,15799.720866
5392898.054893,33,15800.382866
-486854.869356,5,15800.483303
-491896.588179,5,15800.588319
-488824.905842,5,15800.696606
5217053.661002,38,15801.432321
-487775.030881,5,15801.537974
-621476.96195,7,15801.678988
5295975.732491,32,15802.371968
3359587.46055,61,15803.630098
-685098.218837,8,15803.788506
5346435.739175,31,15804.434242
4954965.012188,38,15805.301914
-1001344.415207,13,15805.579825
-488829.015776,5,15805.67742
-754921.322913,9,15805.850226
6020666.00244,127,15808.454633
-588236.268089,7,15808.599206
4262517.921253,48,15809.603776
-496726.966926,5,15809.710569
-496324.031578,5,15809.828918
-788551.647282,9,15810.01508
-501339.06301,5,15810.131759
-576757.803388,7,15810.28926
-724374.63332,9,15810.476389
-761109.263884,9,15810.657348
-781514.453218,10,15810.854286
-553345.733791,6,15810.970673
-462497.035063,5,15811.074004
-481862.059188,5,15811.183003
5034712.186546,37,15812.066389
-815437.492141,10,15812.346565
5211920.531433,38,15813.19556
-862831.578634,11,15813.438855
4946367.151392,44,15814.437727
-566497.34024,7,15814.615479
-555998.933867,6,15814.749351
-479477.427944,5,15814.854956
4885344.296114,40,15815.661511
5558037.696204,52,15816.852824
5313470.280169,33,15817.799221
-486600.535078,5,15817.911508
-485980.148351,5,15818.044643
-728566.220178,9,15818.232986
-478179.226467,5,15818.352104
5323779.29852,42,15819.230415
-484560.171226,5,15819.339576
-485032.280749,5,15819.430301
-516761.245043,6,15819.557335
-873155.099346,10,15819.757375
-449539.818235,5,15819.848655
-482181.30377,5,15819.952106
5408917.199975,28,15820.587592
-636326.75592,7,15820.759711
-497275.501122,5,15820.860582
4374633.565392,45,15821.787678
5040401.471022,38,15822.611729
5419736.014525,24,15823.135712
-736097.028494,9,15823.327651
-495200.33381,5,15823.427732
5444744.991895,31,15824.071764
5462269.328064,29,15824.658551
-716986.289648,8,15824.829435
5304718.926275,34,15825.555674
5215623.796888,46,15826.531391
5093078.165262,34,15827.270464
3868346.257694,54,15828.387697
5045351.003888,39,15829.190983
-478685.098984,5,15829.29987
4141779.316509,49,15830.316707
-479811.493993,5,15830.431343
4944725.563824,39,15831.256393
-765664.514355,9,15831.440688
-483702.40049,5,15831.546199
-487312.030577,5,15831.660007
4956883.598438,36,15832.418322
5352248.637694,31,15833.085689
4670318.189431,44,15833.991129
4507866.658293,47,15834.968327
-492395.209353,5,15835.092342
-875409.431897,11,15835.319552
5221168.638108,39,15836.097144
4866841.072425,39,15836.895648
5155572.814417,32,15837.644717
3722178.717514,59,15838.953823
5223228.088939,35,15839.685124
-651070.793693,8,15839.844963
5425761.606376,35,15840.546477
-573600.047431,7,15840.68528
-1029169.047758,13,15840.936514
4953286.967123,40,15841.716181
-510790.743002,6,15841.83055
4456865.904391,46,15842.833308
5380394.141036,32,15843.70388
-639576.831668,8,15843.870489
5366695.062843,35,15844.624682
-493615.639802,5,15844.735875
-676006.402724,8,15844.88851
-493899.744343,5,15844.995328
-818859.303977,10,15845.192248
-836949.443106,11,15845.409124
-709359.568923,8,15845.559119
-495920.206912,5,15845.651227
5258528.967799,39,15846.464595
-479540.196341,5,15846.574284
5427262.805341,25,15847.07318
-492604.788715,5,15847.167893
3816313.062116,54,15848.301297
5396060.4958,28,15848.908677
-643805.858702,7,15849.122492
4814475.462914,61,15850.612252
4724528.529677,65,15851.994791
-496435.926631,5,15852.102046
-484174.856995,5,15852.204617
-491263.114651,5,15852.328058
5360796.38119,29,15852.895771
-558137.51184,6,15853.017057
-483747.858251,5,15853.11526
4685872.614989,65,15854.401101
-638327.423137,7,15854.566927
-452491.013506,5,15854.671952
-480791.546246,5,15854.764148
-637660.160082,8,15854.922029
-834013.0962,10,15855.104558
-776668.025858,9,15855.293089
-502354.241529,5,15855.398279
6220729.54192,115,15857.68961
5416680.455219,26,15858.220739
-490114.735127,5,15858.342721
-836674.9933,10,15858.614727
5030597.679417,34,15859.373395
-971538.556924,12,15859.631791
-463854.764168,5,15859.738491
4746594.155346,41,15860.610904
-485498.500473,5,15860.705739
-579908.332506,7,15860.840932
4987085.365437,37,15861.583906
4722626.32596,41,15862.415413
-500369.701953,5,15862.561065
4063097.173928,50,15863.761801
-713742.252757,9,15863.9468
5254585.115567,36,15864.661222
4822186.681118,62,15865.940222
5394103.976998,31,15866.585871
-500353.576453,5,15866.682236
-954157.162817,12,15866.917006
-664605.097608,8,15867.084231
-553632.28921,6,15867.240625
5507777.072727,32,15867.89705
4162389.307936,50,15868.91584
-493959.606111,5,15869.012696
-809351.816252,10,15869.216981
-881776.778758,10,15869.431903
-487647.956028,5,15869.536115
5272833.396891,33,15870.229883
-501572.701573,5,15870.340017
-493616.989658,5,15870.444218
5329465.919997,28,15870.999738
-500965.133178,5,15871.091157
-684450.495482,8,15871.243983
-646703.271202,8,15871.401827
-485330.917853,5,15871.500641
-502513.163647,5,15871.595706
-861075.548064,11,15871.803386
5335842.275976,35,15872.484865
-821465.258092,10,15872.69868
5273216.690644,34,15873.40155
-614347.406249,7,15873.535262
-495184.356427,5,15873.632504
5413282.993064,23,15874.069331
4792904.246278,42,15874.879092
-573123.038891,7,15875.023422
-696372.256416,8,15875.183811
-518986.828862,6,15875.30911
-496268.538719,5,15875.423334
-450072.843763,5,15875.530356
3861500.223114,54,15876.631653
-465184.555835,5,15876.728585
-624631.02602,8,15876.878424
-494758.92449,5,15876.984852
4094021.281976,52,15878.026115
-502755.635007,5,15878.129903
5307444.783602,35,15878.816926
-491868.958826,5,15878.911791
5083885.316823,36,15879.60215
5565122.913466,43,15880.461224
-494599.201091,5,15880.561321
5344026.368427,33,15881.245203
-527960.751642,6,15881.366152
-559759.344135,7,15881.501624
-637288.614581,7,15881.635115
-701067.53214,8,15881.79692
4229790.953939,48,15882.742836
-1221231.032076,16,15883.057139
-1056097.253967,13,15883.314145
4577564.965305,50,15884.288621
-482065.167017,5,15884.392094
5314772.306709,32,15885.039054
-853340.902763,10,15885.236381
5279725.195687,34,15885.952996
5425405.377166,25,15886.455362
-628846.386605,7,15886.593805
5344486.031084,34,15887.284815
-488273.563253,5,15887.387326
5250680.571577,45,15888.359642
-493357.997877,5,15888.467839
5393815.757513,34,15889.243809
-480946.782651,5,15889.344201
-653978.232702,8,15889.49853
5389649.923184,28,15890.054357
5445005.056156,31,15890.682349
-495151.301638,5,15890.779522
-488032.6623,5,15890.880084
-502874.623017,5,15890.979444
-484628.605845,5,15891.08439
5356859.837086,44,15891.945944
-749606.040125,9,15892.133762
-732420.648305,9,15892.312035
-462591.028047,5,15892.417346
-454270.681582,5,15892.515309
-814607.28382,10,15892.722383
5409758.542987,27,15893.263388
-1050014.772331,14,15893.544717
5412240.019339,32,15894.1749
5117924.983235,37,15894.91551
5397320.412234,26,15895.436574
5039962.588394,36,15896.143478
-495187.088089,5,15896.239646
-876342.332254,11,15896.467452
-487631.928979,5,15896.565616
-741034.630658,9,15896.739403
-756915.289593,9,15896.913874
-499286.925488,5,15897.021419
-662449.391163,8,15897.183082
5003050.473053,39,15897.954603
4878696.841145,41,15898.769328
5308411.512062,36,15899.461365
-496712.953739,5,15899.554497
4570879.916491,44,15900.489312
-779266.600552,9,15900.688404
5251961.030456,32,15901.327872
-800893.048668,9,15901.509732
-495616.186128,5,15901.606358
5081188.494212,37,15902.329923
-663984.015251,8,15902.49642
-500128.39231,5,15902.602435
5277242.83208,38,15903.420826
4616261.408726,83,15905.162742
-632034.784594,7,15905.296931
5175652.925178,37,15906.04945
-484235.216171,5,15906.145601
-502406.76431,5,15906.24843
5316089.750015,33,15906.967665
-486749.662063,5,15907.092865
-470657.588624,5,15907.189903
-633831.427629,8,15907.368315
5423735.599475,27,15907.928878
-502341.526451,5,15908.055238
4458701.627517,50,15909.18836
-714670.889752,8,15909.352912
5328628.016127,32,15909.994267
-492739.415363,5,15910.095456
4991812.077171,36,15910.936791
5667694.610858,47,15911.972914
-491239.171812,5,15912.075109
-478942.044142,5,15912.201541
-573536.775809,7,15912.3742
-521876.859253,6,15912.493185
-498799.670868,5,15912.591438
5411375.071913,25,15913.128267
4972186.530638,38,15913.952871
-610375.210708,7,15914.09575
-462428.367011,5,15914.201861
-787542.606876,10,15914.410374
5056137.346931,37,15915.210136
4978844.191303,38,15916.146742
-451657.538673,5,15916.262123
-483747.883642,5,15916.358254
-489430.213922,5,15916.479754
-705094.683676,9,15916.675435
-477402.266052,5,15916.768024
-664909.886163,8,15916.925971
-497583.648007,5,15917.068354
-694270.864028,8,15917.22689
-493481.986207,5,15917.345942
5137691.902933,40,15918.238906
5376443.275188,31,15918.978331
4062498.283278,53,15920.115265
-787856.270917,10,15920.342613
-709957.040266,9,15920.519868
5350007.699315,31,15921.175811
5388759.010775,33,15921.792923
-497335.187124,5,15921.887967
5240123.034628,35,15922.525473
5419110.411605,24,15922.946613
-476441.460686,5,15923.0304
4972324.365143,36,15923.685397
-472665.2692,5,15923.771591
-1204496.284741,15,15924.042723
5046159.425692,37,15924.73474
5297385.586235,33,15925.368064
-1312235.811165,17,15925.68905
-796801.318394,10,15925.880827
4865247.311088,63,15927.20085
4360895.901273,57,15928.246953
-768979.380707,9,15928.416121
-494838.50453,5,15928.508234
-632382.819292,7,15928.633019
-838799.208497,10,15928.826529
-938892.201319,12,15929.040746
5425728.952657,27,15929.556856
-790703.426202,9,15929.718731
5416440.940488,29,15930.254034
-493561.706235,5,15930.354353
5497407.55541,32,15930.939763
-522359.092515,6,15931.045686
5016639.915135,40,15931.78466
-808400.775343,10,15931.974413
-495260.656836,5,15932.064262
-497859.613583,5,15932.161004
-476144.153834,5,15932.258181
5042327.954086,36,15932.935583
-723554.046851,9,15933.109686
5229621.490952,35,15933.769107
5415033.345386,28,15934.2973
-489728.81499,5,15934.393053
-491307.805451,5,15934.485571
4501020.980432,44,15935.339145
-487335.888921,5,15935.436115
4767489.20233,41,15936.208821
-739083.725285,9,15936.380206
-501803.898283,5,15936.473031
-496016.939378,5,15936.56555
-715206.197396,9,15936.731491
4786162.815678,64,15938.007107
-487831.854462,5,15938.105807
-494955.095497,5,15938.20577
-501682.223014,5,15938.302787
-704166.075169,8,15938.462827
-455236.676418,5,15938.56015
-478628.246388,5,15938.667969
-486836.689117,5,15938.769203
-491782.487144,5,15938.862323
4920742.806119,40,15939.634901
5194799.986926,33,15940.295996
-1134007.081825,14,15940.562557
-498947.843684,5,15940.654855
5412088.901258,23,15941.101269
-610869.560522,8,15941.251877
-487025.224779,5,15941.345439
5577041.829409,37,15942.067797
-653317.6132,8,15942.224988
-795364.584472,10,15942.437122
4820157.217074,42,15943.300666
-859249.962242,10,15943.497827
-501369.795193,5,15943.593371
5545798.435229,49,15944.529787
4391199.803739,47,15945.435236
-678695.446665,8,15945.600176
5355925.114226,53,15946.579564
-477847.437648,5,15946.667236
5181138.210622,35,15947.303557
-493181.417986,5,15947.397455
-763992.466476,9,15947.568151
-494895.958196,5,15947.661944
-648107.321328,7,15947.794489
5410952.334516,24,15948.271451
-494795.586089,5,15948.368537
-461437.83937,5,15948.464991
4976331.271309,38,15949.145411
5190320.011107,35,15949.781169
5315288.716218,36,15950.472136
4772493.297525,43,15951.295432
5348840.958886,31,15951.85678
-635857.593546,7,15951.993906
-661017.430707,8,15952.162224
4126372.989846,50,15953.151697
-493799.983717,5,15953.241897
-486283.01999,5,15953.33234
4314869.955284,49,15954.214325
-482433.95571,5,15954.311575
4149930.892501,49,15955.228678
4966676.343885,39,15956.182129
4518863.101059,43,15957.057395
-929782.950248,12,15957.299078
-615692.860848,7,15957.44125
-810878.379358,10,15957.637944
-725240.169952,9,15957.821409
5352468.110374,32,15958.468728
-745669.451478,9,15958.646028
-461465.492893,5,15958.746702
5427710.136596,24,15959.278392
-476290.703159,5,15959.390892
5101422.480262,36,15960.142838
4204397.101438,48,15961.07066
5299959.047292,32,15961.689692
-498255.448334,5,15961.801868
-791302.045567,10,15961.992029
-149754.845043,6,15962.095889
-487824.089743,5,15962.188108
-463821.469131,5,15962.274582
-456732.54169,5,15962.379038
-932770.084561,12,15962.601679
-1023362.823205,12,15962.813395
5271000.530526,35,15963.454522
5430268.427503,25,15964.252362
-694912.576179,8,15964.541559
-494149.669317,5,15964.704028
5431149.597231,26,15965.399667
-649233.598831,8,15965.572745
5283673.953554,33,15966.534706
-455032.055126,5,15966.657002
4966005.385721,39,15968.108978
-491516.826256,5,15968.311369
-932469.3033,12,15968.808256
-578001.781609,7,15969.054573
-477045.574934,5,15969.308278
-706028.976669,8,15969.539142
5244894.267907,33,15970.725329
5324235.821441,37,15971.998935
-620632.357427,8,15972.150648
-803689.119565,10,15972.400748
-688062.347157,8,15972.740257
-572039.054052,7,15973.079374
-666267.362193,9,15973.647544
4572067.74287,48,15976.34332
4993157.319224,38,15978.679791
-611571.847859,8,15979.031324
4896527.035579,40,15982.042455
-717337.162243,8,15982.438268
-646285.320349,8,15982.878818
-686570.688781,8,15983.475211
-731769.299316,9,15983.938428
-515181.227144,6,15984.330366
-562549.873945,7,15984.959563
5230549.157234,33,15986.184755
-488952.789189,5,15986.317031
5228217.859752,31,15987.038172
-496290.722386,5,15987.148632
-1039129.586875,14,15987.423475
5334470.120818,30,15987.987006
-502538.83657,5,15988.079911
-495395.225896,5,15988.170936
-502304.735967,5,15988.255879
5289609.573866,37,15988.911289
-822911.115171,10,15989.083342
5047468.062121,37,15989.767724
4960064.282358,38,15990.458962
-686423.350582,8,15990.598478
-517410.349447,6,15990.719076
-1201188.410021,15,15991.01051
-492769.726494,5,15991.101158
5313266.256725,34,15991.700892
-1052489.706237,15,15991.967654
4767308.179937,39,15992.670735
-482871.331229,5,15992.755717
4118494.862289,49,15993.688897
-834905.005724,10,15993.864248
4932392.470075,39,15994.616069
-915646.522086,12,15994.828203
-654792.40561,8,15994.973557
-478682.960016,5,15995.064406
-497612.864745,5,15995.167222
5132458.429101,36,15995.815954
-494808.827819,5,15995.912818
-488525.132242,5,15995.997335
-495340.558205,5,15996.088798
-500649.464196,5,15996.180222
-472152.730329,5,15996.276559
-811350.960497,10,15996.458122
-781221.473348,10,15996.656321
-475504.226571,5,15996.751861
4433812.548928,49,15997.707059
-489704.352112,5,15997.810302
4808764.455261,41,15998.604105
-466784.109227,5,15998.694586
5284785.520868,31,15999.337863
-673960.481867,8,15999.518996
-735792.677255,9,15999.694352
-620973.278649,7,15999.833615
5315768.601605,69,16001.088229
-488207.101762,5,16001.184988
-885732.117948,11,16001.385072
-1143132.970484,14,16001.639106
-696038.251058,9,16001.821554
-694625.523155,8,16001.972818
-495805.370027,5,16002.057126
-498527.405836,5,16002.148318
-978973.556503,12,16002.378271
-514750.802694,6,16002.505842
4588960.973024,44,16003.293813
5282471.513069,38,16004.004025
4081810.867779,48,16004.924086
5338700.535115,38,16005.675288
4532346.576907,43,16006.420718
-717657.748006,9,16006.613515
5119495.196168,34,16007.287584
-479068.116321,5,16007.378446
-725209.2509,9,16007.547956
4879773.130328,40,16008.305292
5339730.762415,29,16008.929414
-701894.91959,9,16009.108329
5365174.996009,28,16009.705535
5323075.522782,32,16010.447714
-487711.893269,5,16010.540345
-615508.326942,7,16010.665825
-746805.570996,9,16010.823034
-488626.686425,5,16010.903624
5386305.83898,29,16011.426427
-501448.585429,5,16011.516212
-782572.213017,9,16011.677294
-502547.588859,5,16011.792044
5063885.558377,38,16012.53639
5401157.458236,29,16013.069428
-495913.337101,5,16013.157653
4515499.349948,44,16013.930324
4853104.433235,42,16014.714216
5024315.275412,36,16015.429136
5388241.914825,27,16015.923069
-863037.894218,10,16016.116046
5400658.958942,57,16017.18929
4621845.573066,42,16017.994695
-489432.851279,5,16018.086306
-496871.766584,5,16018.244004
-690211.82245,8,16018.398787
-480070.697537,5,16018.493924
-503126.447659,5,16018.584565
-496266.610152,5,16018.674912
-502648.709631,5,16018.774843
5366672.803996,29,16019.274116
-598233.998338,7,16019.39143
5499146.854497,51,16020.257209
-592337.635965,7,16020.375424
-751828.088178,9,16020.536849
-492070.226068,5,16020.625931
-725038.393296,9,16020.78125
5399928.931064,31,16021.375287
5294496.307752,33,16021.970428
-1039556.809855,12,16022.189561
-629058.519844,7,16022.331998
5354228.174029,35,16022.986276
-495769.776281,5,16023.082624
-729802.649528,9,16023.259641
-706372.725675,8,16023.397547
-471214.493729,5,16023.490944
5000448.261185,39,16024.184459
-496119.182027,5,16024.294858
5496884.758476,47,16025.286543
-725607.412855,9,16025.469517
-487473.774439,5,16025.567968
5373429.927994,28,16026.247183
5384835.087909,29,16026.860017
4668147.85666,44,16027.678154
5299717.966143,32,16028.272558
-489636.823966,5,16028.36374
-484177.275123,5,16028.466921
-600110.378239,7,16028.60967
-715454.842894,9,16028.781352
-632570.515422,7,16028.911479
5062103.619782,37,16029.638429
5043014.169265,36,16030.362744
-761137.569671,10,16030.56398
-485068.413027,5,16030.654455
5405124.076557,34,16031.285242
-1053052.443324,15,16031.570664
5210063.073918,47,16033.281352
4576245.278586,42,16034.48548
5089209.496632,44,16036.936317
-494969.56785,5,16037.131084
-466341.964946,5,16037.410165
-780273.671335,10,16037.7832
5063645.5607,36,16039.351783
-838093.866577,10,16039.564027
-481172.115004,5,16039.783927
-1070597.327456,13,16040.438529
-492855.89863,5,16040.72872
-502350.54886,5,16040.889009
-789987.508715,10,16041.396313
-461798.11649,5,16041.745182
-721843.010628,9,16042.404243
4780298.697577,40,16045.2163
-620644.591962,8,16045.699531
-706938.907801,9,16046.112531
5386678.844987,27,16047.825638
4786566.180457,43,16050.907988
5325427.044215,31,16052.709157
-548866.5415,6,16052.87867
-502500.195021,5,16052.973314
-1069045.236663,13,16053.222925
4393513.483377,47,16054.170084
-489408.844078,5,16054.263355
-914409.263672,11,16054.45799
-495019.328799,5,16054.550066
5351999.47247,31,16055.144318
-713592.557655,9,16055.303553
-501795.429667,5,16055.393005
4175574.599232,49,16056.257349
4970119.388563,38,16056.959674
5197921.468515,34,16057.629457
-497629.07677,5,16057.720263
4783767.207851,40,16058.50103
-708552.604808,9,16058.664038
5399182.334506,26,16059.122346
-709581.844194,9,16059.273945
-494722.994724,5,16059.361252
-689890.937318,8,16059.508602
-495800.980484,5,16059.594963
5232514.454068,38,16060.32683
-496528.07769,5,16060.433546
4421824.240125,45,16061.298663
-832045.652558,10,16061.507766
5111193.422116,44,16062.373648
-826340.68532,10,16062.582458
-475479.82848,5,16062.671151
5435344.699805,37,16063.325197
-734963.591445,9,16063.488052
5216179.086817,33,16064.088304
-814734.79947,10,16064.30115
5437918.886013,25,16064.802391
-487825.590088,5,16064.895792
4946395.213609,38,16065.586658
5107914.683802,37,16066.296916
-820982.514378,10,16066.491702
-721880.261094,9,16066.656417
-852551.790858,10,16066.857614
-1025258.935677,13,16067.107402
-1276913.944378,16,16067.430591
5281580.478539,50,16068.467189
-494391.099385,5,16068.573317
-731905.224043,9,16068.738815
5328949.401085,34,16069.461121
-1263868.704387,17,16069.850043
5106334.199112,36,16070.533131
-494296.331816,5,16070.625433
-502469.586331,5,16070.721223
-702534.91643,8,16070.867159
4991238.721411,36,16071.553324
4959791.280001,37,16072.286743
-526517.733589,6,16072.388818
-562862.575662,7,16072.518762
-864443.250664,10,16072.695273
-672514.11653,8,16072.833365
-810785.572617,10,16073.005877
-455229.590525,5,16073.095853
5175261.997072,50,16074.124763
-496473.902885,5,16074.212951
-661648.185695,8,16074.367753
-478580.989458,5,16074.469672
4553627.881285,44,16075.299558
4887574.801023,37,16076.089384
5415470.291452,26,16076.552975
5266247.89995,50,16077.42146
4851169.59335,41,16078.222681
4465487.195616,45,16079.0089
-491123.526549,5,16079.094903
5865029.161784,66,16080.328284
-515689.404866,6,16080.432151
-489406.767367,5,16080.521646
-489328.514371,5,16080.614173
-499232.369276,5,16080.701401
-501371.483533,5,16080.789467
-500380.149159,5,16080.875605
-776172.19264,10,16081.047564
-493899.526008,5,16081.133786
-770593.066571,9,16081.288594
5570181.375506,67,16082.561964
-494743.364258,5,16082.64628
5403985.28594,28,16083.140529
-502583.128614,5,16083.227646
5263528.772992,37,16083.924883
-730419.210034,9,16084.110716
-617931.328079,7,16084.248304
-981909.726157,12,16084.474862
5410733.955713,29,16084.993646
5218522.853939,34,16085.591391
5349576.482475,32,16086.266522
4678966.739883,43,16087.171537
4265298.218341,51,16088.122378
-486951.380223,5,16088.239999
5251191.580877,35,16088.892531
5321781.565797,30,16089.428622
4525962.388535,48,16090.392569
-858394.651332,10,16090.592186
-755770.568482,9,16090.747293
5369125.212978,31,16091.345817
-482007.936378,5,16091.431833
4270852.334738,46,16092.27759
-804364.168028,10,16092.492989
-499711.505858,5,16092.603374
5271801.469041,33,16093.194599
-518710.134917,6,16093.311682
-492966.964426,5,16093.40151
-704744.156034,8,16093.546157
5411385.177398,26,16094.002495
-879808.104612,11,16094.226885
5364852.235289,36,16094.914855
-559494.034121,7,16095.035665
4689997.919919,44,16095.832599
-479024.609074,5,16095.916643
-493710.669777,5,16096.002331
-516091.509104,6,16096.1072
-459070.000376,5,16096.20019
-726473.940884,9,16096.390879
-490737.823531,5,16096.499565
5374625.012516,35,16097.139868
-759128.409412,9,16097.299947
4993224.858327,38,16098.009458
4942216.885755,39,16098.781924
-466476.66236,5,16098.871926
-502160.013579,5,16098.962514
-477627.539383,5,16099.049489
5313131.891168,35,16099.688824
-502804.405858,5,16099.777147
-488790.665676,5,16099.876751
5038543.124758,38,16100.628551
-502764.303499,5,16100.722028
5169919.940585,32,16101.291225
-885798.434439,11,16101.491544
5233212.876933,52,16102.470366
-541596.090214,6,16102.604558
5401435.594399,30,16103.147694
-601045.018569,7,16103.273137
-495126.611229,5,16103.368113
-498409.534965,5,16103.468193
5693106.70322,66,16104.771197
-486370.541623,5,16104.864537
5143951.830866,35,16105.562351
5002938.019878,37,16106.325726
-711605.729054,8,16106.516382
4771195.138027,40,16107.373674
-635505.667866,8,16107.526082
4666272.806491,42,16108.276542
-492172.625499,5,16108.37476
5162443.18042,38,16109.063215
5354662.98063,30,16109.68795
-502489.403738,5,16109.779139
5367690.809603,30,16110.378799
-502429.975246,5,16110.484012
5317292.698674,34,16111.173366
-502700.401505,5,16111.283019
-616558.807767,7,16111.408487
4902137.842397,39,16112.174585
-697973.740146,8,16112.323034
5098406.964324,39,16113.18792
5355236.225952,30,16113.736955
-485701.877737,5,16113.833802
5399682.721609,30,16114.531025
4953475.314179,35,16115.154471
5163502.382214,32,16115.85984
-533736.862392,6,16115.971034
5785544.882915,59,16117.100756
5363479.956114,32,16117.794353
3882542.409465,63,16118.937386
-708229.463121,9,16119.093623
-493250.246369,5,16119.178238
-515597.352082,6,16119.284087
-982782.270206,12,16119.507604
-514541.193468,6,16119.624082
-482622.60871,5,16119.723519
5328861.739174,35,16120.397742
-468612.139919,5,16120.488783
5433051.194048,31,16121.036248
-502531.867154,5,16121.128089
4360683.102281,48,16121.967245
4952178.81651,38,16122.674469
4130473.032471,53,16123.701886
-796212.653454,10,16123.888438
-665138.01239,8,16124.031485
-493211.861101,5,16124.122234
-497862.712543,5,16124.219377
-486898.942368,5,16124.31472
-680399.495287,8,16124.466496
-501066.073264,5,16124.564705
-573445.063247,7,16124.687278
-898934.62905,11,16124.882292
-618026.92677,7,16125.009423
-849018.822159,10,16125.196141
-173722.217213,9,16125.363038
-481790.230055,5,16125.455567
-758209.310474,9,16125.628748
-912961.29323,11,16125.844051
5016866.970244,39,16126.56474
-461548.662087,5,16126.651917
-493299.225149,5,16126.739968
-497375.141053,5,16126.827405
-913531.054221,12,16127.041959
4926241.893999,40,16127.778875
3661523.88895,54,16128.822121
5296401.886424,33,16129.433142
-475568.090702,5,16129.533797
4462180.47058,45,16130.428133
3971069.041435,52,16131.419677
-489820.291331,5,16131.512382
4959732.914731,37,16132.182998
-571330.509168,7,16132.308177
-504485.105693,6,16132.418139
-726514.666258,9,16132.600746
5398328.579662,32,16133.220475
4997089.279197,39,16133.9577
-494688.348349,5,16134.05652
5298787.284521,40,16134.837792
-1014138.408165,13,16135.065578
-496477.156856,5,16135.158446
-494937.326201,5,16135.253525
-514272.179489,6,16135.366328
5228094.024961,34,16135.987465
4158571.956521,52,16136.983598
-564834.752435,7,16137.120978
-564275.360681,7,16137.255666
-468491.867217,5,16137.346923
5343726.163675,36,16138.125021
-486508.355473,5,16138.246536
-480630.74544,5,16138.367444
5089317.053285,35,16139.05135
-480171.571066,5,16139.151416
-905286.724686,12,16139.401184
4954550.522386,37,16140.209522
5275003.183548,34,16140.852621
4818714.459867,39,16141.706484
5207787.592102,36,16142.463634
4012044.654232,50,16143.450377
5191712.035287,38,16144.272988
-658154.92707,8,16144.448487
-965919.4858,12,16144.662904
4199623.489168,51,16145.639864
-489785.717202,5,16145.787808
5312197.750377,33,16147.170178
5353508.053071,30,16147.7813
5278104.036665,49,16149.039642
-499266.641583,5,16149.141812
5377602.970097,28,16150.097684
5161938.337978,35,16151.563855
-490867.639068,5,16151.7002
-484388.343341,5,16151.798712
6229383.227806,81,16154.327965
4971743.178459,41,16155.647926
-780534.451773,9,16156.048449
5260698.854085,33,16157.787703
-701344.183686,9,16158.367749
5139898.891625,33,16160.457577
-488712.416855,5,16160.758795
4543446.965744,44,16163.091541
-876050.231645,10,16163.750146
-728603.745397,9,16164.273172
-804854.959309,10,16164.879158
-502681.368261,5,16165.131701
-1279929.528699,16,16166.06835
5214608.018974,37,16167.749131
-477372.768231,5,16167.910586
-617817.170948,7,16168.088127
-497741.623671,5,16168.222471
-686531.969636,8,16168.396162
5239134.308397,32,16169.156744
-731085.635165,9,16169.330117
5440490.971767,76,16170.828054
-487328.811598,5,16170.928397
-468572.381027,5,16171.044225
5342748.281792,32,16171.628479
-761966.128421,9,16171.785512
-503163.658579,5,16171.872703
-594426.248103,7,16171.995712
4527948.412707,44,16172.812074
4790976.989693,39,16173.591129
-471594.770579,5,16173.684451
-706249.680747,9,16173.839895
5393082.199374,54,16174.853446
5417580.084779,25,16175.32251
-757349.249894,9,16175.47962
-497578.772257,5,16175.573905
5307950.071024,29,16176.165607
-497659.929782,5,16176.269876
-1242084.365124,16,16176.586241
5310621.719556,31,16177.194588
-461643.810811,5,16177.289203
4417504.410947,47,16178.216966
5255039.923313,34,16178.833297
-923733.132348,12,16179.070568
5385709.3512,29,16179.649224
-701932.716297,9,16179.84106
-1064358.205282,13,16180.080789
4419397.754475,47,16180.946317
-733728.743792,9,16181.155918
-725721.844232,9,16181.31597
5333386.264571,32,16181.95501
-739674.00737,9,16182.112635
5320067.855672,31,16182.725915
5308596.187537,32,16183.317836
5408106.038189,28,16183.884516
-559559.867727,6,16183.990397
-477616.839861,5,16184.077377
4967726.737618,50,16185.000315
-487797.882284,5,16185.089186
-934822.618966,11,16185.322739
-475194.535047,5,16185.430454
-486152.956527,5,16185.524877
-499673.419115,5,16185.658623
-1232048.778854,16,16185.973577
5088801.136087,37,16186.634678
-992308.792732,12,16186.838213
5374814.826786,30,16187.368842
4896166.430766,39,16188.129104
-490174.812264,5,16188.224687
-494580.480851,5,16188.319118
-467862.098248,5,16188.408966
5407657.198791,27,16188.952824
-501846.05692,5,16189.058291
-659892.895415,8,16189.226608
4806774.051465,41,16189.957558
4495980.226864,46,16190.798609
-1186303.158077,15,16191.115639
-502801.715729,5,16191.219489
4725503.561806,45,16192.092318
5409740.621602,30,16192.631525
-971397.304233,12,16192.83743
-501928.099247,5,16192.939733
5014040.895741,38,16193.684828
-477266.852283,5,16193.771795
4329494.027918,47,16194.62507
4536194.291541,45,16195.511664
-702584.359653,9,16195.669402
5031924.83244,36,16196.352113
-497731.583968,5,16196.438876
5201277.915462,35,16197.072509
-483140.609831,5,16197.160367
4668655.024277,53,16198.190985
-802660.993454,9,16198.358851
5193469.523962,34,16199.01518
5130669.393155,39,16199.716343
-830342.210669,11,16199.905944
4844485.488459,42,16200.691181
-494323.158434,5,16200.795146
-491631.405315,5,16200.897719
-868268.080596,10,16201.092229
4942069.229839,39,16201.813206
5186093.892739,34,16202.498932
-864814.789255,10,16202.702368
-763869.783183,9,16202.8746
-828920.138027,10,16203.078561
-478325.875472,5,16203.179797
-495996.361239,5,16203.291296
-890872.48834,11,16203.583521
5277110.695338,35,16204.357368
-793265.853802,10,16204.575408
-479219.021152,5,16204.684418
-866274.616133,11,16204.932301
-493605.886424,5,16205.041197
5409364.768415,27,16205.582835
-731736.166371,9,16205.762067
-624983.490166,7,16205.894064
5326150.520187,33,16206.512886
4992416.329876,38,16207.284663
4944265.039534,38,16208.000098
-752130.172432,10,16208.193434
-735988.564031,9,16208.387452
4916759.13763,39,16209.09806
5299212.539595,31,16209.688375
4821271.59989,54,16210.721311
-483880.411958,5,16210.818492
4169621.008092,49,16211.84585
-999865.627282,12,16212.076966
-502433.35751,5,16212.168776
-501539.018501,5,16212.258117
-583099.924039,7,16212.381536
5356329.524049,36,16213.087669
-502773.94415,5,16213.18434
-1047530.894889,13,16213.415934
5357557.870328,32,16213.991076
-496166.192268,5,16214.080088
5069376.291105,35,16214.718723
-892046.344198,12,16214.968254
5239157.765699,33,16215.637143
-704759.634753,9,16215.825931
-473479.70691,5,16215.926114
5247488.024106,51,16216.95793
4947146.701365,40,16217.730526
-488127.395536,5,16217.821998
5010090.672853,36,16218.501853
-936566.584295,12,16218.759765
-479764.243742,5,16218.877634
4882794.351571,39,16219.638209
-848055.101198,11,16219.846856
-728483.842818,9,16220.027941
5432924.793658,28,16220.545411
-488163.506646,5,16220.637323
-681415.543699,8,16220.785582
-1160686.590849,14,16221.082096
-490394.406296,5,16221.176658
-933593.329987,11,16221.375489
3876782.719029,54,16222.391494
5321587.932567,38,16223.160187
-502770.437885,5,16223.246469
-483978.840002,5,16223.349029
4844232.238641,39,16224.082138
-737131.286069,9,16224.25999
-488990.058537,5,16224.3725
-706460.064161,8,16224.55086
-614401.192908,7,16224.699687
-495947.871772,5,16224.797937
-510090.752112,6,16224.912394
-502591.879116,5,16225.018455
-489678.599593,5,16225.138153
-730626.993618,9,16225.330418
4961799.466537,46,16226.297817
-492748.180255,5,16226.406246
-1222677.610978,15,16226.727682
5277494.210675,49,16227.748906
-496359.268819,5,16227.835024
4344598.944998,49,16228.724375
-502825.092271,5,16228.817273
-810842.347114,10,16229.033185
-503261.461155,5,16229.138273
-680481.13544,8,16229.295726
5311316.573179,31,16229.880347
-961229.259623,12,16230.097804
-824481.242183,10,16230.279667
-480557.846336,5,16230.37617
-630770.736161,7,16230.499277
5399742.185815,28,16231.029219
5255010.881974,40,16231.805608
-462860.50843,5,16231.894075
-493424.497418,5,16231.996441
-502290.723253,5,16232.08254
4987424.894112,37,16232.822219
4763537.852426,57,16233.930637
-474517.531165,5,16234.030784
5224070.060161,37,16234.735119
4613739.5919,40,16235.45205
5010862.826575,38,16236.184458
-491301.010822,5,16236.2865
5029228.14641,37,16237.047157
-501516.23554,5,16237.141453
-500255.272117,5,16237.226341
-717258.77459,8,16237.377619
-474102.184524,5,16237.465699
-487473.651597,5,16237.559136
-473984.499402,5,16237.64842
-797916.770233,10,16237.828903
5201943.435902,33,16238.468761
5181745.671932,37,16239.196274
-484318.850575,5,16239.302422
-486160.684705,5,16239.390419
5122566.197432,34,16240.043292
5277909.126673,53,16241.088315
-489003.064333,5,16241.175445
-794993.354938,10,16241.360514
-266091.527351,9,16241.529201
-502747.396936,5,16241.632008
-495168.113896,5,16241.722068
-932013.481371,11,16241.920521
4819238.710446,39,16242.681817
-490729.201092,5,16242.776113
4559922.065048,46,16243.64785
5411856.731043,39,16244.437202
5376892.996364,30,16244.999109
4563236.269285,44,16245.917949
4929250.481529,38,16246.705977
-587715.26327,7,16246.869746
5430347.784648,34,16247.605343
-486233.912342,5,16247.722748
4422500.000199,44,16248.572989
-495503.233689,5,16248.658737
-573650.03152,7,16248.787823
4410405.701852,47,16249.720066
-876129.225753,11,16249.951239
-476184.028963,5,16250.040211
-495383.515932,5,16250.145695
-672543.175779,8,16250.310039
-734470.211479,9,16250.478309
-619026.180013,7,16250.625059
-495137.026514,5,16250.719537
-567861.895568,7,16250.852437
-491285.401413,5,16250.946719
5420501.246003,28,16251.466166
-494242.36494,5,16251.589185
-718023.061833,9,16251.801644
3954801.842024,52,16252.826872
-564202.915431,7,16252.964942
3978957.496454,49,16253.855048
-500596.7267,5,16253.939894
-1059706.132828,13,16254.179631
-707898.116595,9,16254.345133
-732064.647873,9,16254.510755
-699000.098076,8,16254.655463
-878012.021935,11,16254.861303
-492967.287635,5,16254.960215
5005573.811092,36,16255.664082
5105341.148475,35,16256.460558
5057901.892735,39,16257.292664
5230159.196951,38,16258.022223
-963515.892568,12,16258.241964
4737190.976598,41,16259.087397
5408985.288731,25,16259.584404
-655673.451666,8,16259.725907
-1811359.525536,24,16260.136817
5730243.345291,49,16261.087515
4855030.380531,39,16261.827268
-480916.71582,5,16261.91433
-1099312.0197,14,16262.201169
5193909.030027,34,16262.870295
4997057.83716,37,16263.691409
5200331.079552,34,16264.402203
-497411.654828,5,16264.50074
-488361.577653,5,16264.599953
-816480.477785,10,16264.787226
-613436.797033,7,16264.933269
5441136.378496,25,16265.44439
4467658.020668,72,16266.791057
-487054.097164,5,16266.87654
4482291.044929,43,16267.657868
-774550.679953,10,16267.832613
4497571.378319,46,16268.701206
5090834.023004,34,16269.307558
5386690.292584,28,16269.847865
-478037.896347,5,16269.952115
-478916.846655,5,16270.056127
-686485.167094,8,16270.227041
4409848.491363,45,16271.078948
-477746.84333,5,16271.177287
4924997.32045,41,16272.036502
4915925.498698,39,16272.818155
4757571.49952,44,16273.797228
5409545.304536,28,16274.319139
-496284.3889,5,16274.412468
5333442.539758,32,16275.044869
-494928.124246,5,16275.144046
-478282.084909,5,16275.238113
4721169.386927,43,16276.123226
-495025.568458,5,16276.235122
5282327.287316,34,16277.025562
-491636.597523,5,16277.129198
-714436.91128,8,16277.28386
-749944.089918,9,16277.456306
-490047.754408,5,16277.546195
5318636.731935,45,16278.453383
-511652.961749,6,16278.588258
-498665.075412,5,16278.695205
4312200.669722,46,16279.659022
3851259.597468,51,16280.679865
-971315.432485,12,16280.909831
5113996.992685,37,16281.579254
5266046.164565,32,16282.155423
5139721.257916,36,16282.894475
-498766.745074,5,16282.996727
5383840.032664,30,16283.539665
5441414.713568,26,16284.068979
4594684.931577,61,16285.233682
3866163.125936,55,16286.261404
-501945.634392,5,16286.353367
4544275.559077,51,16287.366797
5504434.962148,52,16288.324734
4911920.206542,37,16289.091869
-491590.49569,5,16289.193749
-498872.102064,5,16289.308638
-500957.247037,5,16289.411509
-527873.218833,6,16289.52568
4864041.146465,41,16290.282802
-715818.522706,8,16290.428179
-498397.009651,5,16290.522051
-565203.89588,7,16290.653843
-793977.064559,10,16290.838963
-497818.689885,5,16290.930977
3787749.217926,54,16292.054075
-777128.291947,10,16292.231195
4495467.304052,44,16293.096843
5358855.648698,29,16293.628866
5111546.778909,39,16294.419445
-901281.047179,11,16294.632037
-485370.743514,5,16294.72306
4222574.735755,45,16295.674428
-484367.935986,5,16295.781507
-494975.489666,5,16295.869518
-454896.853152,5,16295.963571
4985427.178959,38,16296.728579
-489455.560947,5,16296.819383
-777287.427013,9,16296.981603
5727331.076287,45,16297.842747
-489551.968314,5,16297.935654
4194405.64857,48,16298.903782
5419686.817424,24,16299.332377
5091737.687221,38,16300.024342
-502620.037041,5,16300.115098
-773197.73213,10,16300.323494
-499441.381675,5,16300.427863
5965617.13861,59,16301.561617
4319095.784708,48,16302.479049
-726428.183903,8,16302.659178
-689742.629243,8,16302.814897
-791020.902042,10,16303.025838
5340192.406327,38,16303.786202
-448228.426344,5,16303.898419
3411156.79425,63,16305.100366
4758111.263393,41,16305.95993
-620716.097757,7,16306.101459
5243647.538998,34,16306.802025
-489079.641308,5,16306.8956
-502718.188044,5,16306.986848
-481416.421581,5,16307.08225
-478480.854976,5,16307.174674
5287287.249196,34,16307.88959
-1689401.22335,21,16308.314703
-490713.201881,5,16308.409143
-496175.689978,5,16308.504121
-495978.45692,5,16308.598637
5394456.537606,29,16309.182455
-489485.069647,5,16309.278724
-480504.134632,5,16309.369143
5412050.231839,28,16309.961251
5480443.938662,35,16310.689468
-512183.777393,6,16310.800025
4964268.928599,53,16311.933213
5223411.307111,38,16312.751841
-463603.800126,5,16312.86089
5309809.570869,32,16313.459545
-635501.707627,7,16313.618783
5101656.857333,64,16314.9425
-547821.9645,6,16315.052782
-503196.072423,5,16315.137923
-502593.635354,5,16315.226518
-487356.666748,5,16315.318405
-503001.264701,5,16315.409542
-720865.158122,9,16315.576489
4876843.360066,36,16316.260641
5220870.190174,32,16316.866617
-475591.332579,5,16316.962772
-695974.523702,8,16317.112573
-495321.727199,5,16317.221626
5074752.911787,44,16318.081777
-500840.075311,5,16318.17255
5333009.782096,30,16318.736349
-500387.506497,5,16318.827694
5400417.022406,29,16319.380821
-852136.38129,10,16319.576533
-490721.277414,5,16319.674742
5227478.508856,49,16320.598334
-552865.353794,6,16320.70879
-502339.466771,5,16320.802964
5591408.632229,51,16321.878557
-621739.474545,7,16322.025641
-502487.494814,5,16322.119384
5223174.159056,50,16323.091901
5404499.39288,46,16323.947291
5378496.973718,29,16324.5824
4997019.92036,39,16325.403129
5364890.707487,33,16326.022998
-485287.449462,5,16326.116983
-1034621.792292,13,16326.3648
-785170.233762,10,16326.551611
-709493.00485,9,16326.741059
-465945.626438,5,16326.836686
-498292.951098,5,16326.937402
-492370.914373,5,16327.035141
4871212.740912,48,16327.994388
5079881.132412,38,16328.714144
4870533.454058,39,16329.462064
4236968.842246,49,16330.389127
-925480.232473,11,16330.597995
5396445.274647,27,16331.110232
-483813.304064,5,16331.206347
4815031.331727,42,16332.037763
4907283.532843,59,16333.216536
-474221.122603,5,16333.312659
-823244.692402,10,16333.509178
-513642.453447,6,16333.631307
3913211.831032,52,16334.67171
5351948.525682,30,16335.329369
-477394.99,5,16335.424702
-1042814.207923,13,16335.674537
-2114266.43733,27,16336.184235
5232019.156134,33,16336.809981
4563061.303419,48,16337.753905
5083033.815931,37,16338.486494
-494421.007591,5,16338.578632
4710481.108951,39,16339.346737
-502575.422418,5,16339.446743
5234154.400283,37,16340.258703
-503117.93259,5,16340.361462
5109356.430748,34,16340.996537
-502306.793246,5,16341.084878
-855500.68139,10,16341.269408
-456400.468703,5,16341.358485
-495106.921107,5,16341.449145
-478399.888986,5,16341.541285
5056581.078307,38,16342.245286
-515346.5486,6,16342.356599
4911721.804715,37,16343.039103
-1213654.436208,15,16343.317535
4576463.812969,44,16344.204837
5276602.967957,35,16344.94065
5083567.477203,36,16345.69453
-1100006.934844,14,16345.947368
-577617.172084,7,16346.073401
5008658.686737,38,16347.313967
4530963.7902,45,16348.341411
-503232.624707,5,16348.440916
4878111.952028,45,16349.312869
-635969.386389,8,16349.468092
-559150.75006,7,16349.593601
-497164.459084,5,16349.69383
-610391.076928,8,16349.837389
-735830.748379,9,16350.007041
-647412.854672,7,16350.134843
-992932.181149,12,16350.380854
3950728.929022,50,16351.373665
-1032211.028957,13,16351.643106
-497300.21764,5,16351.753627
-489783.84105,5,16351.857599
-583355.81491,7,16352.000404
-481763.08855,5,16352.095236
-481969.717174,5,16352.192942
-781917.758037,10,16352.376903
-707608.660077,9,16352.542124
5405858.955577,31,16353.134705
-498209.365824,5,16353.224735
5355620.359867,31,16353.834791
-486328.340413,5,16353.934264
-493901.423481,5,16354.030413
-474730.537849,5,16354.124027
5410824.326254,49,16355.113593
5107792.863691,34,16355.76546
5385320.913336,31,16356.401616
5285212.897847,33,16357.102894
-969171.37221,12,16357.334478
5077467.350914,36,16358.030648
4925061.896903,38,16358.754989
-490331.696139,5,16358.849448
-904950.257222,11,16359.052965
5437829.793693,27,16359.570316
5397526.771662,29,16360.133068
-492562.199494,5,16360.228037
-762052.967646,9,16360.400992
-470936.245135,5,16360.501057
-612138.221498,7,16360.632413
-704848.446899,8,16360.782396
5484358.711392,68,16362.075908
5347735.131836,36,16362.764792
-480980.631827,5,16362.861148
5731355.253772,68,16364.139709
-707405.027673,9,16364.300778
5188704.075777,35,16364.982995
-1267189.767215,17,16365.298573
4462269.241429,45,16366.141085
-487384.672838,5,16366.236861
5229482.639979,36,16366.923337
5780430.235491,63,16368.118868
5422805.187061,28,16368.651164
-1023808.720272,13,16368.895057
5382606.894683,30,16369.471235
-707042.05351,8,16369.624282
4982603.449827,38,16370.380733
-489973.315703,5,16370.479995
5016719.778985,36,16371.147694
-719666.92716,9,16371.308563
-590391.36647,7,16371.445503
-465584.050368,5,16371.543593
4950505.833986,39,16372.263934
4500408.908966,45,16373.163063
5233801.302625,34,16373.838759
5161505.749645,33,16374.435421
5146516.053441,37,16375.123947
-782747.330877,9,16375.288175
-492568.044243,5,16375.380939
-815762.053182,10,16375.573226
-714697.553027,8,16375.756459
-828379.362519,10,16375.957983
-486967.521509,5,16376.051888
-713525.063658,8,16376.194307
3939691.245433,52,16377.168203
-495131.143742,5,16377.258875
-771524.11013,9,16377.420637
4637547.483074,54,16378.478697
-481752.200591,5,16378.575255
-885697.736988,12,16378.796572
5367976.934265,34,16379.416575
-487219.232675,5,16379.511254
-475858.790394,5,16379.603437
-593665.07404,7,16379.736088
-477753.034681,5,16379.831929
-476830.01036,5,16379.922754
4955401.466668,39,16380.671563
5226541.678914,37,16381.366434
5271775.058553,34,16382.062638
5408251.734057,29,16382.613714
-1154843.521374,15,16382.900584
-739128.271849,9,16383.07245
4592577.100979,42,16383.889455
4316304.043439,45,16384.748005
-699768.461834,8,16384.90187
5210696.216835,35,16385.532194
-619094.725233,7,16385.657825
-792493.759182,9,16385.838713
5319882.619411,35,16386.480579
-819350.220524,10,16386.662242
5266565.75447,34,16387.316934
-828167.758897,10,16387.515367
-486056.167557,5,16387.617122
5249433.658893,34,16388.263531
5309262.21145,33,16388.891177
-481723.4959,5,16388.984488
5187258.731174,33,16389.618955
-641340.938948,7,16389.76009
-476886.799603,5,16389.859629
5247712.687356,35,16390.499958
-726763.53317,9,16390.667524
-502408.104527,5,16390.765298
5068299.913372,36,16391.459947
-496364.238558,5,16391.57199
-493721.795466,5,16391.688065
5399251.952758,28,16392.21951
-675935.569781,8,16392.364401
-492026.78735,5,16392.45776
-767996.073563,9,16392.617486
-769394.985046,9,16392.789534
-488349.87021,5,16392.879168
-592745.344156,7,16393.005703
5437361.226281,48,16393.942155
-676051.127748,8,16394.10956
5468545.156337,29,16394.640688
-503105.511696,5,16394.741131
-487397.537046,5,16394.836293
-873456.317235,11,16395.042965
4810852.236927,39,16395.777076
-1139166.765756,15,16396.077054
-672228.551446,8,16396.23105
-637584.772845,7,16396.364134
-472662.457944,5,16396.462035
-486375.788898,5,16396.559938
-890659.221596,11,16396.790865
-489564.40707,5,16396.888142
-484989.998201,5,16396.983343
-488236.886013,5,16397.077724
-859074.843671,10,16397.259265
4929361.032134,39,16398.008224
4547028.23199,45,16398.847816
-481821.703182,5,16398.943835
5130796.153985,38,16399.650514
-488441.006621,5,16399.746243
-658157.187678,8,16399.891557
-719794.891867,9,16400.057599
-823018.556239,10,16400.249037
5352137.823259,32,16400.872903
-502834.533461,5,16400.969095
4184998.370028,47,16401.849473
-450631.977177,5,16401.94535
-497425.861773,5,16402.037294
-490725.677638,5,16402.135417
-835556.104701,10,16402.319841
-631831.453793,7,16402.466012
-497630.243143,5,16402.558145
4524679.31868,46,16403.441744
5306860.263943,31,16404.036356
4443061.358436,45,16404.905775
-813671.04758,10,16405.101922
-561681.129919,6,16405.209313
5618875.810362,44,16406.034937
4488365.611422,45,16406.968177
5032882.898137,37,16407.676406
5316532.692043,32,16408.283612
5718201.675971,49,16409.213209
5390593.019266,30,16409.794771
4846352.795958,39,16410.520518
5367055.139629,33,16411.126451
-500722.710463,5,16411.221516
-497825.761566,5,16411.324937
-814792.497128,10,16411.529604
-502787.568121,5,16411.633603
-766350.474946,9,16411.823125
-491776.537557,5,16411.919119
-493279.153618,5,16412.016657
-492035.182286,5,16412.119834
-491582.65304,5,16412.224047
-496784.038378,5,16412.322705
-743331.177531,9,16412.50644
-480862.502218,5,16412.605199
5404219.869027,30,16413.171499
-485089.72959,5,16413.261728
-496126.813852,5,16413.357097
4914183.551476,41,16414.137034
-738488.509628,9,16414.304318
5064674.980845,37,16415.007071
-748693.224245,9,16415.179149
5415001.332984,24,16415.624824
-475285.308939,5,16415.727202
-501774.955762,5,16415.824387
-647117.524494,8,16415.9743
5194802.917034,37,16416.65486
-498362.423436,5,16416.758878
-493272.59809,5,16416.853047
-502508.047718,5,16416.942658
-493573.51753,5,16417.039838
5496820.314712,51,16418.047111
4933822.021534,39,16418.787128
-624436.946947,7,16418.911855
4790415.924434,41,16419.711454
-1193738.047372,15,16419.994094
-494783.876641,5,16420.112745
5131621.893,57,16421.213459
6086695.536104,61,16422.382468
-490568.62959,5,16422.476047
4933444.397968,37,16423.149434
4803576.923734,42,16423.984161
-934941.618756,11,16424.197979
5174380.426366,33,16424.830761
5131561.856514,40,16425.621847
-775903.067428,9,16425.789894
-494483.929489,5,16425.881296
-614672.648157,7,16426.009036
-509434.118325,6,16426.120727
-523537.109509,6,16426.239137
-473511.689072,5,16426.331854
-494017.51182,5,16426.423929
-841759.501097,10,16426.611222
-492344.33972,5,16426.712782
4770618.581303,43,16427.542627
5215156.340491,34,16428.19716
-501585.987943,5,16428.292519
-471433.801717,5,16428.388021
4933038.488024,37,16429.119337
4790681.25504,39,16429.857
-788211.634809,9,16430.020783
-449642.64059,5,16430.112767
-478006.740422,5,16430.205229
-621621.988463,7,16430.330357
5330637.035872,33,16430.951386
-693240.349574,8,16431.101477
-495246.870291,5,16431.212022
5396809.561034,33,16431.875456
5384949.712921,29,16432.419159
-821241.746937,10,16432.603106
-814095.840789,10,16432.800307
-982969.570298,12,16433.033209
-818136.57433,10,16433.233544
-822273.154401,10,16433.465265
-473342.1628,5,16433.579202
-499246.85473,5,16433.721337
-500524.793285,5,16433.86416
4902890.784547,39,16434.627082
-488817.603701,5,16434.722612
5555464.054496,43,16435.522763
-487869.774633,5,16435.633469
-481529.543227,5,16435.734182
-500896.470712,5,16435.832835
-493274.622117,5,16435.928483
-414664.192813,5,16436.019437
-492306.120345,5,16436.109806
-497848.136877,5,16436.215827
-784300.620638,10,16436.403412
-556438.479473,6,16436.522514
-844994.737434,11,16436.737957
-476973.597121,5,16436.851776
-500994.577028,5,16436.955956
4418036.862514,48,16437.90111
-501770.637796,5,16437.994518
5238154.844925,33,16438.61709
-503012.676247,5,16438.705176
-512632.465094,6,16438.82023
-498119.783624,5,16438.917994
-497932.830254,5,16439.013818
-563953.735487,7,16439.143105
-826363.161087,10,16439.326754
-477481.138479,5,16439.419192
-493130.145564,5,16439.516252
5310403.37723,33,16440.173994
-496765.508259,5,16440.269365
5349016.783843,30,16440.843894
4094658.764886,51,16441.794992
-1084125.98993,13,16442.043415
-483667.465236,5,16442.137211
4978316.58657,37,16442.848011
-497584.455013,5,16442.949116
4040949.97907,50,16443.887273
5181863.517334,40,16444.655978
5518591.872927,42,16445.445137
-675381.770262,8,16445.602381
4986420.941282,50,16446.532913
-791091.498143,9,16446.705219
5225266.919592,33,16447.315935
-826232.828,10,16447.494234
-490760.160924,5,16447.598001
5348717.183659,31,16448.173109
-461660.419514,5,16448.266548
-460445.301901,5,16448.359107
-697770.763933,8,16448.511324
-469418.893583,5,16448.607676
-489004.262928,5,16448.69696
-482113.166177,5,16448.790779
5706528.647284,58,16449.910444
4928544.476258,40,16450.674237
5396816.4664,26,16451.206527
-486057.982029,5,16451.299263
5428361.096802,27,16451.834077
-488544.798005,5,16451.942945
-575362.121543,7,16452.10032
-494029.61968,5,16452.209316
-652678.6753,8,16452.352561
5247370.427341,35,16452.999755
4476259.224619,45,16453.846045
4172052.076285,52,16454.780655
5125970.634585,34,16455.409157
-922325.18202,12,16455.64442
-499314.516959,5,16455.740985
5324241.418924,33,16456.374732
5353231.531693,32,16457.012154
-792669.942149,9,16457.17813
-489080.549679,5,16457.273244
5193461.210525,51,16458.280782
3645681.252773,57,16459.3973
-474850.675206,5,16459.523003
-476315.423838,5,16459.641585
5115167.241051,35,16460.364189
-493848.936562,5,16460.454752
4890038.105147,38,16461.186956
5768253.458864,55,16462.282909
-486650.533765,5,16462.38741
-496657.269226,5,16462.490692
-480451.200458,5,16462.598675
3641562.30347,55,16463.704119
-943891.482613,12,16463.938818
-483558.676541,5,16464.029524
4701425.957982,66,16465.279399
4947720.476341,38,16466.067116
4424421.614841,43,16466.93771
4672866.297788,54,16468.01671
4402512.509238,48,16468.9728
5334056.780197,36,16469.635457
-795617.466238,10,16469.828077
4289614.852664,45,16470.730961
4899786.343412,41,16471.538649
-718275.247639,9,16471.699828
-478677.733237,5,16471.799825
5758686.402579,46,16472.710819
5228466.834527,36,16473.429506
5269533.539135,32,16474.108375
5055455.510719,35,16474.741895
5471052.202578,30,16475.346827
-477099.699706,5,16475.438471
-769997.572583,9,16475.611535
-495890.576908,5,16475.700797
4925873.07674,37,16476.405045
-830708.626456,10,16476.601775
5291590.273509,33,16477.216138
-488866.349351,5,16477.313591
5373770.999675,29,16477.954414
-672352.316865,8,16478.12096
-894805.258766,11,16478.320251
-500452.032075,5,16478.406721
4735647.587022,42,16479.194643
5172476.230964,33,16479.817996
-487621.045727,5,16479.91321
-481364.157218,5,16480.009547
-484159.144244,5,16480.107276
4320196.141814,48,16480.99071
-647175.148951,7,16481.122942
-616147.296603,7,16481.251341
-478457.861631,5,16481.34217
5374146.23605,29,16481.902075
-518183.095329,6,16482.029983
-859866.9024,10,16482.229168
-473187.589232,5,16482.319868
-1138584.856345,14,16482.578429
-632126.611108,7,16482.70842
5367517.519791,31,16483.2682
-498317.60594,5,16483.36165
4345997.797706,57,16484.46234
-483424.616165,5,16484.555028
-476131.226687,5,16484.649802
-491882.621714,5,16484.744394
4558678.568957,45,16485.631895
-569510.142349,7,16485.764134
-640618.684988,7,16485.900562
5454796.391133,48,16486.875248
-455368.969572,5,16486.970485
-712003.776111,9,16487.14132
-502498.31506,5,16487.2444
4448397.568959,46,16488.139166
-497130.911035,5,16488.250089
-739571.318614,9,16488.48581
-1135317.608432,14,16488.753561
5221876.7989,34,16489.386235
-581968.303066,7,16489.533189
4497678.712694,47,16490.438409
-694101.431875,8,16490.583657
5091543.280531,35,16491.298301
-489956.554405,5,16491.404052
-559587.239287,6,16491.51675
-764529.365916,9,16491.68435
5379287.803918,27,16492.21613
-481458.085412,5,16492.311006
-475521.15129,5,16492.409415
-480427.26446,5,16492.506227
-496511.516902,5,16492.599298
-794644.00042,10,16492.785482
-838314.559829,11,16492.981986
-495005.458995,5,16493.079696
-495981.555468,5,16493.16391
-726767.122212,9,16493.326992
5095500.675365,34,16493.935113
4472285.583109,43,16494.728684
-493602.747655,5,16494.832128
-492205.060479,5,16494.92292
-482414.306332,5,16495.025382
5185357.290291,50,16495.983208
5404310.858148,32,16496.549566
5358709.136142,30,16497.099878
-718579.918036,9,16497.263921
4310754.777831,47,16498.113416
-660102.564203,8,16498.254282
5442860.518261,32,16498.82515
-585567.912692,7,16498.954167
5366588.81765,33,16499.535517
-483427.808679,5,16499.6257
-482113.736178,5,16499.727309
-490126.577634,5,16499.817728
-499299.235344,5,16499.911179
-500720.18012,5,16500.000672
-474671.873578,5,16500.085383
-495624.827545,5,16500.170608
5256590.389846,45,16500.966476
-574985.419543,7,16501.092578
5207921.055859,33,16501.69199
-502355.806813,5,16501.784134
-467040.956938,5,16501.878132
4917555.712384,35,16502.539167
5287513.100172,36,16503.236603
5031520.427977,37,16503.934382
-487345.014651,5,16504.036441
-832940.437758,10,16504.234805
5218753.016404,32,16504.850357
-568454.399183,7,16504.978581
-499447.761332,5,16505.068624
-478131.174684,5,16505.162854
-1050792.733516,13,16505.410419
-499522.987065,5,16505.507298
-495672.312652,5,16505.607223
-466093.559218,5,16505.706916
-489863.222557,5,16505.805079
-461663.8347,5,16505.901928
-514158.195948,6,16506.013275
-496625.489392,5,16506.108256
-502284.634273,5,16506.200774
-691426.582189,8,16506.360186
-482427.463281,5,16506.453406
-788816.476594,10,16506.642197
3623521.146279,65,16507.965043
-488765.391587,5,16508.052632
5394311.293266,27,16508.542034
-702853.007845,8,16508.685937
-601235.509918,7,16508.832049
5375290.240232,29,16509.392693
-473276.329006,5,16509.48519
4479097.670293,45,16510.306142
-588587.530629,7,16510.435924
4083977.613668,52,16511.424546
5154374.150041,33,16512.046457
-929023.972875,12,16512.269771
-501988.278426,5,16512.367079
-487239.963523,5,16512.470926
4316428.012049,50,16513.497983
-774471.206304,10,16513.683219
-498378.410759,5,16513.780875
-761130.533793,9,16513.948384
-823527.665384,10,16514.130672
-487130.603883,5,16514.218466
-1060903.660017,13,16514.452671
5367607.496916,30,16515.003369
-483592.547098,5,16515.090648
-176791.016898,7,16515.226464
-493897.149943,5,16515.320006
5110127.179835,39,16516.037145
4879066.757101,59,16517.152447
-485967.638219,5,16517.251714
5400928.200966,37,16518.016677
-495200.083881,5,16518.104516
-846408.976422,11,16518.309409
5408627.266407,30,16518.875761
5403562.80316,25,16519.315594
-673933.712124,8,16519.478121
-797630.058481,10,16519.683669
5340371.255193,35,16520.326963
-1012239.59602,12,16520.544948
-726999.363562,9,16520.707282
-501631.586912,5,16520.812074
5312192.727295,37,16521.538229
5277319.292801,42,16522.355435
-647604.921,8,16522.50931
-858018.795129,10,16522.706432
-710158.3435,9,16522.888494
-488192.431796,5,16522.986377
-482635.873198,5,16523.087309
4766609.356698,41,16523.895853
-491938.206584,5,16523.998846
4827069.254229,39,16524.776208
-495770.445417,5,16524.878996
-472046.645363,5,16524.970798
-493360.397574,5,16525.066633
5462438.614886,36,16525.75599
-479369.398643,5,16525.857087
4520040.736973,45,16526.689428
-720604.777143,9,16526.85203
5152156.123944,102,16528.752566
-703056.906528,9,16528.925028
-825667.172195,11,16529.126898
5170930.091034,35,16529.784441
-488501.421617,5,16529.881314
-700595.968591,9,16530.044592
4690676.233208,42,16530.817194
5396550.264751,33,16531.419276
5284045.702839,37,16532.114605
5145721.109306,35,16532.75034
5273621.089161,32,16533.324437
-1022419.390354,13,16533.55059
5355350.464678,29,16534.070225
-613815.533219,8,16534.215928
5041959.514568,42,16534.964671
5804150.714578,43,16535.742678
4713716.938983,43,16536.549199
5172939.851079,36,16537.256148
-760572.740812,9,16537.422728
-479589.475996,5,16537.512506
4487683.299803,45,16538.360897
-499683.771153,5,16538.460164
-489936.736464,5,16538.560797
-510509.627155,6,16538.675423
-1277560.800953,16,16538.99686
-824517.704181,10,16539.199234
-495983.319904,5,16539.297426
-827521.287262,10,16539.509346
-453482.654651,5,16539.613457
-493896.730188,5,16539.710816
-768528.792558,9,16539.893734
-525290.902726,6,16540.004549
5054815.311378,36,16540.684149
-552301.056685,6,16540.803612
-480057.413367,5,16540.903848
-502253.323007,5,16541.001157
4478768.746177,45,16541.866262
-494516.599797,5,16541.960814
-847331.207906,10,16542.146386
-705053.600857,9,16542.319008
5636167.572894,54,16543.35171
-503264.091753,5,16543.452001
-476582.760406,5,16543.549957
-502293.301985,5,16543.647233
-694711.460756,8,16543.814828
-474655.915317,5,16543.926274
-495194.030831,5,16544.02652
-492528.043764,5,16544.118345
-495754.939985,5,16544.23333
5316612.218881,31,16544.821512
-673360.003712,8,16544.972867
5045715.030993,37,16545.790747
-518531.728615,6,16545.911629
-502708.924176,5,16546.015043
-497103.259924,5,16546.120299
-489188.156486,5,16546.21412
5257123.035002,35,16546.893802
-486494.470508,5,16546.988384
-496739.45911,5,16547.080017
-482594.879761,5,16547.172533
-495111.870272,5,16547.262221
-466613.104818,5,16547.358463
-496783.095917,5,16547.450689
-805024.169285,10,16547.649776
-480122.60988,5,16547.766099
5359535.297798,31,16548.388705
-489145.66402,5,16548.483371
-685125.12049,8,16548.632183
5101892.065029,40,16549.420774
4945925.325925,40,16550.197553
5340885.449542,31,16550.749244
5016064.445153,37,16551.450921
5352296.279716,53,16552.456547
4492211.058707,61,16553.582187
-468258.930244,5,16553.668697
5303010.10917,34,16554.291598
-852443.369578,10,16554.491778
-568692.0857,7,16554.624609
5413739.71818,25,16555.145695
-490012.929973,5,16555.238323
-711735.089048,8,16555.389404
5367004.262816,35,16556.039954
5189082.531196,33,16556.644276
-1279282.370608,16,16556.942637
5400334.700073,30,16557.553975
-494776.42317,5,16557.65626
5037346.832704,38,16558.364364
-487235.595693,5,16558.45556
-477119.571762,5,16558.549885
-498408.421866,5,16558.642544
4566570.729863,45,16559.517124
-479798.493392,5,16559.604628
-812187.587876,10,16559.776432
5428371.3314,25,16560.219424
4870528.530219,39,16560.930676
-503474.809229,6,16561.035949
-459788.706204,5,16561.140835
-486163.910843,5,16561.237468
-482634.399804,5,16561.33403
-813999.216632,10,16561.536816
-845056.761552,11,16561.762073
-482808.903534,5,16561.866343
-713886.905801,9,16562.035837
5435099.456086,26,16562.505918
5208645.394962,44,16563.350756
-486609.980226,5,16563.439906
-754748.679261,9,16563.599125
5221060.243552,36,16564.250302
-497240.489514,5,16564.339113
-700223.062073,8,16564.480857
5273226.391378,41,16565.21752
-480951.255028,5,16565.307759
-495565.716991,5,16565.393985
-1042682.306373,13,16565.628235
5457720.254131,29,16566.174754
-497502.443892,5,16566.270527
-502477.785779,5,16566.360469
5326055.101394,32,16566.973796
-544539.359746,6,16567.089289
-494004.795521,5,16567.18519
-486372.741474,5,16567.282921
-496472.546783,5,16567.386968
5044820.922424,36,16568.094588
4860250.86267,59,16569.236674
3843550.443154,53,16570.268194
4925866.34161,36,16570.986458
5259765.866988,37,16571.651556
4906415.36973,38,16572.364121
-493550.331166,5,16572.465363
-493006.899341,5,16572.570429
-1109682.353378,15,16572.841486
-484938.316251,5,16572.961452
-498188.037739,5,16573.054619
-485392.140756,5,16573.143904
5076003.121854,36,16573.777152
4905496.889462,38,16574.448456
-496798.099176,5,16574.53971
-495950.996593,5,16574.626108
4732957.677335,40,16575.357792
5231563.449455,32,16575.966935
-788124.941296,10,16576.155532
4802585.218028,38,16576.889422
-488869.458192,5,16577.004175
5384395.475998,26,16577.512095
-493134.043354,5,16577.601617
-765298.081511,10,16577.792773
4206001.420764,47,16578.65421
-471328.740659,5,16578.753055
-712281.422403,9,16578.926631
-457211.183869,5,16579.023166
5167891.236108,32,16579.617599
-668821.336653,9,16579.784646
-480039.666595,5,16579.876872
-466781.845665,5,16579.976475
-502754.242664,5,16580.077118
-714574.602421,8,16580.222337
5004784.446165,36,16580.866164
5365952.039565,29,16581.398502
5398872.913158,27,16581.878783
-468700.272322,5,16581.967539
4092746.508799,76,16583.374287
-663599.057902,8,16583.528143
5296114.476292,38,16584.273472
-735632.728817,9,16584.44749
-738977.679493,9,16584.62846
-454559.536573,5,16584.72417
-501185.07542,5,16584.816571
-671396.868377,9,16584.997132
-777366.523156,9,16585.174987
4305817.706849,49,16586.114609
-756291.160557,9,16586.277301
-461202.161242,5,16586.364447
-615622.106981,7,16586.492596
-890141.629677,11,16586.697638
-502133.104088,5,16586.787451
-502395.329648,5,16586.880136
-652653.302337,8,16587.023984
5231633.854276,34,16587.635892
-488166.422976,5,16587.731248
5075240.864201,38,16588.427996
5042472.324477,35,16589.08724
5187363.167573,34,16589.731727
5410962.786544,30,16590.314976
-635464.058222,7,16590.44404
-1005653.683899,12,16590.68051
-488152.870107,5,16590.780286
-520607.06012,6,16590.898116
-488026.500353,5,16590.993253
5425296.983295,23,16591.425865
-765650.014961,10,16591.618549
-862428.680473,10,16591.80846
-493745.073745,5,16591.899646
-487284.740556,5,16591.995936
-967377.703602,12,16592.218739
-887030.119632,11,16592.441548
-968241.616805,12,16592.668127
-772054.712583,10,16592.858532
-618909.878601,8,16593.015651
-469169.421137,5,16593.111503
-517058.264664,6,16593.231654
-516717.279964,6,16593.346531
-1096947.98064,14,16593.615053
-502898.93733,5,16593.709508
5583540.784363,35,16594.376256
-813525.347184,10,16594.564296
4373887.438722,47,16595.476362
5231256.068156,34,16596.095253
-483293.240464,5,16596.18622
-649930.556073,8,16596.331954
-494719.432451,5,16596.420509
-712954.550305,9,16596.586927
5301437.888552,34,16597.219542
5132586.028581,37,16597.94647
4421865.932016,46,16598.90349
-502307.082264,5,16599.000634
4811049.832714,38,16599.72422
-693223.075803,8,16599.869933
-486303.047905,5,16599.966385
-463977.914705,5,16600.055897
5463126.391631,35,16600.693285
4461563.566328,44,16601.529291
-496270.702499,5,16601.615837
-477945.635648,5,16601.70709
-501365.097068,5,16601.794863
-502385.786594,5,16601.896889
-736406.418041,9,16602.06257
4918178.797473,40,16602.837951
-603432.238816,7,16602.976229
-487321.255847,5,16603.069647
-874927.515126,11,16603.282441
5244907.427201,52,16604.210825
-835103.686661,10,16604.407926
-690100.917105,9,16604.572427
-784564.299838,10,16604.747263
-579718.561971,7,16604.880692
-709836.008378,8,16605.020221
4875045.450336,37,16605.697258
-468572.880326,5,16605.789278
-552720.812607,6,16605.898373
-489688.285744,5,16605.990546
5020655.210804,38,16606.708793
5292328.163486,33,16607.353881
-500353.872423,5,16607.453709
-910833.645293,12,16607.686521
-495138.577928,5,16607.787067
-495785.947427,5,16607.892787
-501682.925341,5,16607.996038
-496133.145936,5,16608.090247
-496310.770878,5,16608.184526
-503109.076288,5,16608.270122
-483647.608746,5,16608.358853
-676081.949966,8,16608.504701
5941709.746271,67,16609.783367
-500183.074735,5,16609.874198
-495347.82603,5,16609.973088
-473584.060926,5,16610.061937
-615440.493468,7,16610.198663
5353991.057175,35,16610.886176
5031080.356895,37,16611.632803
-491711.394728,5,16611.740932
-501390.156059,5,16611.837615
5293747.594526,34,16612.509725
5393728.544871,26,16627.471303
5111092.298655,35,16628.136428
5063872.88541,37,16628.814763
-490079.450977,5,16628.910284
-476235.155333,5,16629.011718
-816430.274979,10,16629.199534
-501624.998375,5,16629.293152
-711650.294387,8,16629.444709
-655412.791798,8,16629.587198
5740460.410306,63,16630.817605
5396860.160852,28,16631.350811
5290481.082028,30,16631.899086
5269734.415,31,16632.558697
-525680.462858,6,16632.677584
4928074.083258,38,16633.381238
5358270.341461,35,16634.036053
-494681.557021,5,16634.124378
-713973.516478,9,16634.287076
-470483.486522,5,16634.384349
-747009.720002,9,16634.541365
-490033.469712,5,16634.632447
-487236.976745,5,16634.72193
-482652.06178,5,16634.812919
5239448.684705,35,16635.454007
-662781.738703,8,16635.593741
4986457.175013,37,16636.291553
-507678.249431,6,16636.405665
-763088.070816,9,16636.594343
4998444.582791,40,16637.371476
-516296.229512,6,16637.487949
-515899.811087,6,16637.601188
5319659.69618,31,16638.213813
5025690.878679,39,16638.945348
-821773.178949,10,16639.138653
-483428.805686,5,16639.230958
-645423.961493,8,16639.373369
5098463.131247,34,16640.001841
4983619.892005,71,16641.412812
5031606.537002,43,16642.197621
-495896.718177,5,16642.286608
-751208.86843,9,16642.450067
4438092.529662,44,16643.240564
-1020007.722007,13,16643.474221
-686947.347022,8,16643.619967
-496674.252184,5,16643.721747
-501733.467445,5,16643.814357
-498640.663501,5,16643.908102
-648806.360961,7,16644.051016
-893992.584411,11,16644.280877
-500548.13076,5,16644.377429
-1056044.006174,13,16644.630782
5278941.579577,32,16645.26639
-797945.205972,10,16645.450955
5202350.282343,33,16646.072093
-500062.725747,5,16646.156878
-602289.354758,7,16646.274272
-500790.710872,5,16646.361091
4247524.746123,49,16647.251209
-131500.67131,6,16647.361807
-502447.711207,5,16647.452387
5247596.301384,32,16648.093313
-499718.698937,5,16648.184306
-746359.741856,9,16648.374734
4985854.240025,42,16649.107743
-496424.152953,5,16649.232826
-616969.601039,8,16649.376143
-472692.456835,5,16649.464848
-701482.802411,9,16649.623678
-493979.706709,5,16649.709449
4757550.044286,63,16650.887669
-496184.546715,5,16650.98263
5350311.743775,40,16651.696886
5315649.712097,31,16652.277555
-661975.99987,8,16652.419496
5444818.092372,28,16652.948142
4949442.208113,39,16653.707513
5433592.980606,30,16654.308107
-483355.602317,5,16654.405103
5398886.086148,33,16655.04413
4934907.656981,38,16655.73561
-488715.829968,5,16655.828452
5270274.795841,36,16656.523793
-626071.84254,7,16656.656988
4917514.234481,39,16657.402334
5340885.673308,29,16657.976624
-502489.72172,5,16658.077999
-489313.120661,5,16658.174136
5300363.651332,38,16658.89178
4153256.256604,53,16659.850883
-881553.206263,11,16660.049323
-496399.079361,5,16660.140873
4973141.276229,36,16660.80295
-495616.255596,5,16660.9089
-502810.13404,5,16661.014879
4568354.535299,45,16661.8904
-476689.980327,5,16661.99217
-655028.095271,8,16662.148852
4959583.920462,40,16662.910652
-1006112.435121,13,16663.172394
4283800.956467,49,16664.078527
-497288.413697,5,16664.173449
-496965.310961,5,16664.265875
-775871.736165,9,16664.432672
-746980.910014,9,16664.601224
-481076.574521,5,16664.692308
-496253.761512,5,16664.779001
-814673.076389,10,16664.962763
5192595.169267,34,16665.638094
-897416.839245,11,16665.850577
-704770.302,8,16665.996865
4619252.360102,46,16666.899318
5258629.945672,37,16667.628085
-503060.274999,5,16667.726648
5338467.70374,30,16668.282554
-779162.53642,9,16668.45732
-474738.323382,5,16668.54481
4941686.82324,37,16669.209826
-1621678.180904,20,16669.572469
-484384.880689,5,16669.668296
-935256.520409,12,16669.903034
5420796.39212,22,16670.3733
-487759.821007,5,16670.468983
5400395.387274,26,16670.935601
-489991.128707,5,16671.028658
5406389.066238,27,16671.493659
-718920.031161,8,16671.628499
-1060400.630321,13,16671.862537
-495865.196567,5,16671.965463
-726527.868165,9,16672.130151
-498890.892601,5,16672.215592
-594033.523687,7,16672.345898
4967606.917714,37,16673.082566
5308499.374956,31,16673.72134
-619632.468547,8,16673.866096
5086184.829259,39,16674.589206
5385207.609282,30,16675.138507
5144451.972253,35,16675.762736
-492928.065793,5,16675.854261
4910520.860345,40,16676.619986
-486542.278308,5,16676.728022
-1184899.225356,15,16677.04827
4908424.500687,39,16677.851304
-487021.92856,5,16677.958838
5309208.207205,32,16678.624871
4941913.877834,37,16679.33412
4277353.367253,51,16680.345849
5066997.283351,34,16681.000312
-502841.378512,5,16681.08571
-574226.834397,7,16681.210651
-416387.599931,5,16681.302952
-821797.661339,10,16681.490036
-476918.588604,5,16681.590994
-495711.425907,5,16681.702456
5411487.661251,28,16682.23358
-483922.879588,5,16682.32682
-494832.484261,5,16682.43128
-493468.884443,5,16682.53289
5279860.566242,34,16683.196555
4756808.550628,44,16684.01934
-480483.530407,5,16684.110866
-465239.900958,5,16684.199392
4306670.41229,49,16685.151687
5317817.220475,31,16685.758598
4837338.568278,39,16686.482322
-494393.88132,5,16686.574282
-498292.053251,5,16686.675476
-490364.902877,5,16686.772206
-473084.43868,5,16686.865072
-604543.911363,7,16686.995924
-498575.677759,5,16687.089356
-488766.589551,5,16687.186401
-488100.601879,5,16687.287129
5126134.062804,33,16687.939927
-485870.739079,5,16688.042329
5367139.643211,33,16688.675616
5410901.56874,53,16689.733487
5347349.458297,32,16690.344744
-491206.080755,5,16690.441786
4135977.52552,49,16691.381225
-713937.922759,9,16691.549312
5562153.807666,42,16692.366538
5417865.437343,30,16692.907791
-687628.236337,8,16693.060728
4453509.326711,49,16693.942506
-492046.872831,5,16694.03413
-880729.325352,11,16694.256595
-486942.97688,5,16694.352355
-923330.326403,11,16694.56554
4432938.720928,45,16695.375194
-494699.489485,5,16695.471637
-487805.207506,5,16695.568531
4549097.00557,45,16696.465231
-502387.727359,5,16696.568666
4902122.762252,39,16697.307852
-492219.324778,5,16697.390728
-464615.849352,5,16697.493988
5364752.713877,59,16698.623298
-742149.899541,9,16698.799326
-763980.97421,9,16698.966688
5197285.548614,35,16699.64548
-475091.731927,5,16699.752764
5097108.971086,34,16700.471963
-807475.189177,10,16700.666798
4414302.125379,50,16701.670933
-627398.965009,7,16701.793071
5395733.527929,26,16702.284452
5337100.50546,32,16702.887268
-490519.849525,5,16702.982907
-493300.287139,5,16703.08674
4904910.449336,36,16703.785661
-631130.666149,7,16703.909857
-497683.302569,5,16703.988597
5247208.329262,40,16704.690978
-502302.374792,5,16704.784086
5051443.754048,98,16706.606761
5319738.462149,30,16707.233653
5345267.687335,43,16708.068671
-1438059.259798,20,16708.453627
-487189.600311,5,16708.551243
-830993.328719,10,16708.734426
4532497.482919,43,16709.5948
-500950.337591,5,16709.693064
5385370.118935,35,16710.389148
4100227.521927,50,16711.367782
5359177.875001,29,16711.943121
5024209.679283,38,16712.687786
-726498.379825,9,16712.860773
4525454.216117,45,16713.755938
-480917.750398,5,16713.851375
5330745.677975,30,16714.486561
-476802.845257,5,16714.590078
-468103.195729,5,16714.694276
5204912.44241,32,16715.404815
-621403.656746,7,16715.537353
-474609.683117,5,16715.647402
-553453.286257,7,16715.781933
-493251.598676,5,16715.879207
-489051.989803,5,16715.985419
4969450.527303,36,16716.731838
4944835.67552,39,16717.548683
-490641.238938,5,16717.642569
5741272.668438,52,16718.702981
-474528.772417,5,16718.806039
5167016.928599,37,16719.551347
-567976.575308,7,16719.696791
5220401.153384,35,16720.381916
5250467.806481,33,16721.035475
-480251.692384,5,16721.134468
5647961.516368,58,16722.290718
-774510.884954,10,16722.484882
4239591.92826,76,16723.981028
3628146.208649,57,16725.116334
5254220.627236,32,16725.744576
-671045.944758,8,16725.902149
-489139.286355,5,16725.99828
-501872.277092,5,16726.09581
4940481.148682,40,16726.89708
5263594.229227,31,16727.515386
-719558.044708,9,16727.676179
4405985.868256,47,16728.592379
5402055.578713,31,16729.203983
-470064.759918,5,16729.301622
-489656.597133,5,16729.400958
-498509.320765,5,16729.50881
5129650.604323,39,16730.251173
-563118.539169,7,16730.379161
5299120.245363,33,16731.006183
-495068.674206,5,16731.099514
5285687.417212,57,16732.231362
4875336.124542,40,16733.016732
-481360.716036,5,16733.129054
-502160.005762,5,16733.230276
-661996.748699,8,16733.387933
-494567.009824,5,16733.486753
4899260.935479,41,16734.314331
-495971.111776,5,16734.416668
-710136.16443,8,16734.578538
5169936.077857,36,16735.29368
4919865.868197,38,16736.182071
-494843.969604,5,16736.304359
5316857.296204,34,16737.01485
-490614.329326,5,16737.127509
5310037.006795,59,16738.363714
4933548.840868,36,16739.200012
-490677.701381,5,16739.29894
-490139.461759,5,16739.405506
-499503.573036,5,16739.508961
-487857.461782,5,16739.635098
4148310.187525,55,16740.827091
-461256.849854,5,16740.918367
5188228.032564,34,16741.581294
4311482.483109,48,16742.520776
-499651.553682,5,16742.629984
5315624.087212,34,16743.405623
3794232.673753,56,16744.593095
5407939.685757,28,16745.229559
4962181.004805,39,16746.00497
5427044.327985,29,16746.612095
-494581.662532,5,16746.730807
-694563.064666,8,16746.917732
4854643.249829,38,16747.796967
-602804.195406,7,16747.933412
5526005.137188,48,16748.853088
5383146.586203,36,16749.555754
5332960.616426,31,16750.301596
-485650.590316,5,16750.423274
-740996.550597,9,16750.627886
6145814.477932,90,16752.52251
-714367.7466,8,16752.671525
4363473.851355,47,16753.622284
5277892.725842,32,16754.244091
4826351.676581,38,16754.992064
5189957.826972,37,16755.762539
-1177984.488244,15,16756.042267
5132186.132416,38,16756.795344
5237598.621144,33,16757.519054
5358531.72832,33,16758.282043
4203796.511031,49,16759.360922
5330269.737053,59,16760.554981
6098936.322335,87,16762.311816
5130124.219324,35,16763.003116
-685469.13259,8,16763.141977
5124287.213983,35,16763.791243
-877589.832114,11,16763.990932
5345458.123354,31,16764.560695
-496390.988675,5,16764.657352
-489653.828475,5,16764.7484
-470871.614536,5,16764.838798
-638132.068439,7,16764.979201
5302995.952527,31,16765.578147
-497281.514757,5,16765.662997
-490748.714248,5,16765.747918
4990369.174109,37,16766.396393
-487994.378952,5,16766.487859
4754883.29889,40,16767.262823
-870514.435216,11,16767.463326
4496312.921644,43,16768.339137
-493931.825117,5,16768.456934
-502365.102029,5,16768.553535
-493900.429729,5,16768.650858
-587494.933521,7,16768.771687
-502436.471921,5,16768.863061
-798977.327143,9,16769.026261
-845034.125791,10,16769.208042
-886554.517955,11,16769.414441
5255414.986066,32,16770.038555
4493062.864269,44,16770.925565
5369110.672357,30,16771.523241
-668639.979,9,16771.7354
-486733.758252,5,16771.838084
-876904.873253,11,16772.04414
-484992.064361,5,16772.123161
-486460.259504,5,16772.214439
5066751.08391,38,16772.880537
4181312.210776,50,16773.825949
5320529.468318,29,16774.383156
-739745.078137,9,16774.535336
5281559.310134,34,16775.165194
-826827.217359,10,16775.340737
-487757.872276,5,16775.425957
5347878.304604,34,16776.017209
5401207.797245,26,16776.486406
-489136.693878,5,16776.589654
-736170.878474,9,16776.783382
5750145.163376,62,16777.940742
-501958.826328,5,16778.025979
-492816.23009,5,16778.116067
-499212.685761,5,16778.211013
-485054.608114,5,16778.310035
4459174.75498,46,16779.182982
-487040.982668,5,16779.285896
5586654.082549,44,16780.164831
-121101.083402,7,16780.291521
-661968.978211,8,16780.455637
-502279.082436,5,16780.564647
-488425.911011,5,16780.661546
-633605.206215,7,16780.78244
-940123.954059,12,16780.988843
-685374.111403,8,16781.127871
-639348.503909,8,16781.273754
-496331.156794,5,16781.358604
4789262.61059,37,16782.031189
-732652.043689,9,16782.194365
5206883.637996,34,16782.897806
5425586.747262,23,16783.364496
5430967.190121,27,16783.842586
5062679.459398,37,16784.594494
-753800.881367,9,16784.770316
5301493.059737,37,16785.576212
5151764.583468,33,16786.157529
-834257.513915,10,16786.333057
4876843.762388,41,16787.048209
-627213.753864,7,16787.181938
5265904.271174,35,16787.84255
5804955.044323,45,16788.654605
-501236.3141,5,16788.74514
-480469.278507,5,16788.835993
-672397.09825,8,16788.984491
-486899.748837,5,16789.078563
-493028.48821,5,16789.163237
5359888.994338,30,16789.714964
5442407.303587,27,16790.230311
5107549.019544,54,16791.254334
5407454.528041,26,16791.751033
-482635.533285,5,16791.850125
-611554.55823,7,16791.975744
-821646.303978,10,16792.162051
-552717.214579,7,16792.290163
5220201.126808,36,16792.981099
-862819.550272,10,16793.166167
4870715.563913,46,16794.036096
-480274.753697,5,16794.133862
5340146.855474,30,16794.691259
-476721.097464,5,16794.774514
5207754.407368,35,16795.423287
-502642.145086,5,16795.515146
5272941.690721,33,16796.132435
5234020.59275,36,16796.80646
4910845.870547,39,16797.528809
-488589.574644,5,16797.61709
5127617.204195,38,16798.356299
5531623.443897,41,16799.107581
-480837.947806,5,16799.198747
-763429.146219,9,16799.368579
5110209.694028,38,16800.077226
-603847.208902,7,16800.204414
-492398.220562,5,16800.310846
5172273.084793,34,16800.943808
4929627.210244,40,16801.684796
5654823.393328,52,16802.640799
-495341.636774,5,16802.731759
-482596.773985,5,16802.828905
-482731.645196,5,16802.913377
5413473.634848,30,16803.4649
-487687.432524,5,16803.556047
5413740.569754,25,16804.010169
5371740.146181,31,16804.579742
-521515.03204,6,16804.695899
5340947.043268,32,16805.289851
-964866.243396,12,16805.519022
-508569.226776,6,16805.621892
5355702.181459,32,16806.173998
5371438.363577,29,16806.683826
-511680.542042,6,16806.799246
-502709.63692,5,16806.888662
4377589.503367,54,16807.924932
-495586.670842,5,16808.01026
5528928.219084,37,16808.666873
5229763.200978,32,16809.264581
-496992.591144,5,16809.36114
-738885.470321,9,16809.530833
5076162.258477,38,16810.247219
-821325.913259,10,16810.43353
-476899.171463,5,16810.524205
-577072.289504,7,16810.645785
-798194.017281,10,16810.835141
-482304.957628,5,16810.931006
-502198.10231,5,16811.020662
-843194.160627,10,16811.197052
5160079.074248,36,16811.909652
-487058.491603,5,16812.009436
5404676.716938,28,16812.560369
-482998.971559,5,16812.657527
5446742.111112,27,16813.148577
5301303.443523,32,16813.744905
5272917.666554,35,16814.401272
-495034.32961,5,16814.49379
5538691.702066,53,16815.466941
-496170.114241,5,16815.577404
5022846.02619,40,16816.256145
-622369.367819,7,16816.372864
5360964.87143,31,16816.889545
4515137.432888,46,16817.679893
-991362.077737,12,16817.900975
-477760.178734,5,16818.000605
-747410.68407,9,16818.152446
-494472.096026,5,16818.243472
-571407.568868,7,16818.370775
5285114.034199,34,16819.002541
-500339.326246,5,16819.079102
5177890.601039,37,16819.705085
-502975.74404,5,16819.790936
-739535.886938,9,16819.943446
5292384.862946,32,16820.500761
-1205681.546182,15,16820.756047
-502789.201934,5,16820.840146
-652839.065313,8,16820.973949
5360036.088386,30,16821.501211
-767843.838751,9,16821.65247
-710023.054269,9,16821.803746
-697251.025902,8,16821.955925
-635627.225417,7,16822.083925
4291486.618856,46,16822.944667
3944152.959433,54,16823.937224
5281690.231218,37,16824.616123
5748129.395208,88,16826.264216
5280270.646245,33,16826.88846
-673302.835049,8,16827.036544
-500770.262358,5,16827.130599
-484766.322721,5,16827.221726
-472650.271832,5,16827.312731
-478655.180312,5,16827.415566
5419775.723359,24,16827.876582
5209465.283335,32,16828.463969
-1084808.33693,14,16828.724817
-495619.636596,5,16828.815654
5239488.032026,35,16829.46391
5307605.220803,34,16830.087994
4167652.562686,50,16831.027518
4868592.634142,38,16831.754352
-785879.916479,9,16831.911715
-495594.187448,5,16832.003024
-488795.755882,5,16832.093308
5613144.368814,64,16833.202368
5129097.069174,33,16833.778141
4786487.75625,42,16834.557456
-499556.331403,5,16834.639045
-707861.809424,9,16834.784539
-502949.099871,5,16834.867754
5236457.901706,30,16835.392514
-480064.866815,5,16835.473603
5414666.981165,27,16835.932478
4292367.750659,49,16836.775017
-787743.484741,10,16836.943857
5598988.62403,50,16837.886296
-819858.706985,10,16838.065221
-488540.543224,5,16838.156427
-658979.410979,8,16838.307867
4801304.103299,41,16839.059129
5205646.983935,34,16839.691538
-698803.606643,8,16839.833782
5322267.772119,30,16840.398467
5348939.887965,33,16841.005127
-497350.386395,5,16841.091655
-462912.36471,5,16841.173925
-571296.731683,7,16841.295195
4967294.096201,40,16842.003865
5351565.587596,33,16842.588699
-887864.472628,11,16842.77604
4910901.489963,38,16843.523013
-511966.89891,6,16843.617127
-490192.397404,5,16843.710565
4327595.053339,44,16844.454962
-496148.632068,5,16844.536877
-487113.072623,5,16844.618223
-730353.47132,9,16844.774178
5488716.571816,49,16845.624565
-495053.176697,5,16845.714966
-498273.19311,5,16845.800286
-688856.395412,8,16845.939916
-627183.945221,8,16846.078754
-850018.178348,11,16846.26721
-484051.261026,5,16846.363784
4532605.173555,47,16847.201559
-867886.741551,11,16847.399882
-679156.24448,8,16847.539278
-725164.147994,9,16847.708849
-500523.148674,5,16847.802203
-502201.399214,5,16847.903014
-773446.357522,9,16848.066852
-476144.625555,5,16848.15769
3916621.592125,57,16849.224463
-817982.211347,10,16849.405616
-846495.169063,10,16849.58169
-813285.163143,10,16849.769437
-650718.047575,8,16849.914497
4877466.580965,36,16850.588605
-486305.239902,5,16850.677762
-484739.437907,5,16850.769443
-482617.95453,5,16850.860281
5333034.666755,30,16851.42385
5349036.982755,33,16852.024042
-636526.878289,7,16852.151255
4988190.626942,36,16852.825717
-947097.288828,12,16853.035829
-485853.83967,5,16853.132603
-494201.495012,5,16853.236112
-740553.074153,9,16853.417445
-486930.157451,5,16853.508354
-733564.208862,9,16853.678042
-498748.021508,5,16853.775006
-494760.794842,5,16853.865896
4792211.036779,64,16855.003613
5331205.75048,29,16855.53023
-592524.485019,7,16855.651626
-662774.598197,8,16855.802491
5148284.032863,32,16856.387453
5386388.142152,32,16856.960886
-476951.036146,5,16857.05334
-914821.991149,12,16857.269944
-672106.285894,8,16857.426858
4425083.608342,45,16858.277794
-501243.276943,5,16858.372437
-652037.505613,8,16858.536194
-904547.07271,12,16858.765557
5820813.072075,57,16859.846244
5420508.60496,25,16860.305749
5825911.045322,71,16861.695749
4908411.44505,41,16862.414491
5265091.350386,42,16863.135328
5399121.006957,39,16863.83271
-706072.107761,8,16863.978162
-502545.526107,5,16864.06658
4996077.157598,38,16864.753227
-836155.045505,10,16864.932426
5202315.692998,36,16865.589798
-471563.238021,5,16865.682954
4570186.092517,45,16866.50513
-502603.768382,5,16866.602314
-650137.661417,8,16866.757629
-499284.066839,5,16866.851294
-870208.931174,11,16867.056061
-521674.372303,6,16867.159361
5360727.432405,33,16867.792525
-498430.798265,5,16867.892275
5326641.331214,34,16868.468791
-493416.017219,5,16868.556147
5204296.207992,53,16869.487628
-495302.90066,5,16869.580803
-460584.069503,5,16869.670118
5368236.696767,31,16870.239261
-499586.253273,5,16870.336682
5046123.6302,36,16871.015604
4678847.200611,43,16871.808974
-484268.149769,5,16871.906267
-486928.0087,5,16871.997318
-610963.496691,7,16872.130218
-498039.156639,5,16872.221357
4926343.605223,40,16873.016517
-659088.186735,8,16873.181365
-729902.853475,9,16873.361075
-672320.317349,8,16873.524441
-497666.259592,5,16873.621925
-770374.187392,9,16873.809057
-849574.314005,10,16874.009203
-847693.169914,10,16874.184775
5053367.553882,106,16876.258053
5318075.257653,37,16876.929565
-499967.92368,5,16877.022308
-600370.709115,7,16877.141648
-505344.372233,6,16877.251202
-497437.391338,5,16877.342329
5421477.86873,27,16877.848782
5233091.031034,34,16878.529706
-777311.156976,9,16878.701389
4057676.237534,49,16879.639051
-780029.674658,10,16879.845319
5361723.98012,29,16880.39729
5271246.530214,37,16881.10849
5317167.680191,58,16882.272198
4219323.265699,47,16883.176244
-490106.826897,5,16883.272105
-484304.198136,5,16883.376349
-1029871.564499,13,16883.622434
5378571.994715,54,16884.634262
-1074594.158278,13,16884.865514
-486634.30269,5,16884.953656
-501684.941368,5,16885.04291
-500472.279168,5,16885.13513
-681640.494153,8,16885.280629
-502884.627527,5,16885.372517
-494898.690863,5,16885.465766
5184256.547062,49,16886.37066
4207547.656018,53,16887.403878
-708617.881717,8,16887.559553
-496642.254374,5,16887.65748
-569329.180845,7,16887.790716
-461445.629203,5,16887.896772
5167871.944338,34,16888.560352
-481484.8737,5,16888.65317
5116585.050112,41,16889.434218
-465763.060554,5,16889.5298
5220410.194504,38,16890.262916
-486547.855689,5,16890.355784
-496225.044807,5,16890.454966
-738675.506212,9,16890.643144
-488982.249321,5,16890.757683
-495774.137851,5,16890.850911
5077219.155586,35,16891.549088
-464279.400914,5,16891.63808
-671215.079509,8,16891.791937
5412690.407915,51,16892.820109
-500637.726781,5,16892.919641
-499730.493641,5,16893.020739
-502424.5631,5,16893.112337
-477034.892084,5,16893.204239
5172870.490173,35,16893.896138
4106687.312208,53,16894.974727
5383211.582631,32,16895.579331
-488061.640987,5,16895.677853
5965517.552566,103,16897.644997
-491086.38687,5,16897.739976
5468783.214718,75,16899.176032
-493608.912245,5,16899.282839
5016625.002704,36,16900.048946
-1001470.406407,12,16900.302755
-492861.825458,5,16900.402791
5411656.861159,32,16901.005647
-462364.066106,5,16901.096379
-514357.912463,6,16901.199418
5064561.999416,37,16901.872481
-807267.368885,9,16902.042604
-496236.847772,5,16902.125366
-501678.355704,5,16902.224688
-660856.434507,8,16902.381722
4977140.570867,38,16903.048072
-495422.155338,5,16903.13897
-555956.089579,7,16903.274474
-474375.423784,5,16903.381877
-492214.638641,5,16903.509229
5062173.540011,49,16904.442244
-490036.282477,5,16904.532944
5243783.963136,31,16905.197925
4521109.918874,44,16906.277796
5484069.035647,32,16906.924029
-1177557.288834,15,16907.187161
-496633.789034,5,16907.276521
-493426.981669,5,16907.363375
4806842.992779,40,16908.096083
-519154.829012,6,16908.205892
-496099.206149,5,16908.300101
-487891.021728,5,16908.402858
-492384.144493,5,16908.508785
4952317.28772,39,16909.249331
-684595.658774,8,16909.404132
-928327.737028,12,16909.62935
5027919.8528,50,16910.571328
-865871.541423,10,16910.77237
4970043.567528,38,16911.497164
4419838.066633,48,16912.436865
-485912.460855,5,16912.547002
5052784.608434,37,16913.332531
-611088.561466,8,16913.495352
-1015303.187294,12,16913.737587
5370331.065255,34,16914.43205
-502512.642674,5,16914.544696
-502467.853638,5,16914.642691
4063652.687268,54,16915.662163
-481494.053089,5,16915.75198
-796957.659936,10,16915.928701
-488247.0306,5,16916.019158
5135774.254346,38,16916.690517
5367219.376164,33,16917.309512
-881087.903433,11,16917.520525
5389569.741282,29,16918.083088
-651472.93821,8,16918.227769
-494656.217086,5,16918.315096
5685162.288235,49,16919.213422
5393148.604618,26,16919.718402
5119399.935322,36,16920.370402
-567982.658785,7,16920.513131
-469654.898767,5,16920.601738
-553801.17158,7,16920.729487
5274621.55159,32,16921.325423
-528014.600936,6,16921.435941
5313267.493258,30,16921.987281
5438999.773141,27,16922.478745
-480819.183044,5,16922.572328
-611937.811004,8,16922.719494
5236718.981493,35,16923.33915
5280411.678814,31,16923.9672
5251600.51701,32,16924.530021
-706358.382923,9,16924.687204
-495144.071372,5,16924.780189
-1226958.787107,16,16925.089125
-494195.983516,5,16925.182372
5087625.8643,35,16925.856148
-500425.411174,5,16925.955034
-782680.263259,10,16926.159469
-777234.948909,9,16926.327698
-493105.329039,5,16926.427358
-495078.858952,5,16926.533605
-777047.766793,9,16926.712121
-494524.770919,5,16926.80713
-1383530.669738,19,16927.157933
-675716.208533,8,16927.304482
-495488.323961,5,16927.395472
5269793.167144,31,16927.993357
-495172.354073,5,16928.091811
-485276.692412,5,16928.191213
5274949.739446,34,16928.830905
5402791.285325,27,16929.375745
-482068.279904,5,16929.485513
-672919.783856,8,16929.641597
4690439.324403,43,16930.452712
5242895.101958,37,16931.161819
-782463.278766,9,16931.335774
-493700.370265,5,16931.463017
4833721.409598,41,16932.21668
4870623.91759,39,16932.955697
5133133.474622,36,16933.628103
-492425.244184,5,16933.720406
-495758.653378,5,16933.808847
-520841.514577,6,16933.927929
-869618.715322,10,16934.133914
4452671.966,46,16935.006072
5159040.842069,32,16935.583789
5409536.011014,26,16936.07497
5046088.09732,38,16936.860493
-945995.465302,12,16937.10006
4689762.950088,66,16938.354779
-622256.915532,7,16938.489729
5378053.408515,31,16939.068603
5394912.305685,33,16939.72871
-750475.479787,9,16939.902685
3718676.308828,55,16941.003586
-912240.854166,11,16941.2407
-503149.430065,5,16941.336913
5724200.332732,58,16942.406925
-491317.83793,5,16942.501751
5272887.146513,32,16943.097063
5838137.73406,71,16944.490077
5327251.886545,41,16945.291924
-491691.46609,5,16945.387866
5334280.657652,61,16946.550451
-501604.572958,5,16946.634244
3848716.627227,57,16947.700436
5310702.480766,31,16948.332331
-502640.111045,5,16948.425059
-492443.36519,5,16948.523308
5065988.367679,34,16949.171203
-572344.489894,7,16949.298773
5167020.349044,35,16949.938094
-513522.312089,6,16950.041679
-684206.601404,8,16950.191824
-621226.338734,7,16950.310217
4905749.648592,38,16951.016159
5308003.437528,32,16951.60629
5270511.631619,35,16952.273237
5365078.345162,39,16953.038893
-492847.059796,5,16953.151029
-819227.625216,10,16953.366153
-493126.403438,5,16953.469369
4368718.598525,48,16954.393976
-489189.954214,5,16954.500107
5015401.308862,44,16955.337102
5341087.023802,29,16955.876725
5162871.745557,36,16956.578626
-476456.302692,5,16956.67044
-132295.607576,7,16956.801834
-463362.256737,5,16956.890647
5326764.721468,44,16957.737665
-495969.253078,5,16957.825581
4654400.640303,43,16958.649038
-503020.575669,5,16958.737793
-493045.337478,5,16958.833318
4296816.977368,49,16959.761959
-522459.815459,6,16959.88426
-679345.565905,8,16960.036049
-709888.775766,8,16960.188148
-845181.606005,10,16960.366449
-494469.302562,5,16960.454532
-500814.807484,5,16960.544102
-964885.392093,12,16960.777142
-494670.466797,5,16960.878119
5013146.705228,38,16961.63322
-474275.406751,5,16961.741047
-483955.069842,5,16961.833704
-490175.341404,5,16961.934894
-495566.046097,5,16962.047118
5392415.416115,26,16962.562723
4063473.21301,52,16963.604605
-849344.369997,11,16963.82899
-913624.731097,11,16964.028944
-502544.899086,5,16964.131619
5398536.735993,27,16964.652986
5424198.0534,27,16965.224097
-724743.251373,9,16965.415492
-837321.566649,10,16965.6347
5201952.769191,36,16966.37504
-792012.052798,10,16966.579433
-784051.888066,10,16966.785424
3957173.254444,54,16967.954997
5181228.862626,37,16968.753407
4253832.072513,47,16969.701532
5120988.15179,35,16970.381644
-575234.433929,7,16970.51841
-683678.945819,8,16970.67011
-495974.936692,5,16970.766896
-614649.773209,7,16970.900303
5430717.684819,42,16971.717661
-476329.930815,5,16971.809254
-925208.803878,11,16972.020467
-1090344.481927,13,16972.264565
-489969.093437,5,16972.368809
-500719.892965,5,16972.464553
-502511.486452,5,16972.578923
-698166.677627,8,16972.729297
-659901.075998,8,16972.877363
5077837.193882,34,16973.572614
-841451.387369,10,16973.762898
-968730.393183,12,16973.997319
-669520.001845,9,16974.181927
-752303.811651,9,16974.359079
5289458.216398,39,16975.13076
-881167.743216,11,16975.338456
4261095.803283,50,16976.290184
-483413.903243,5,16976.384824
-920660.016751,12,16976.617895
-485739.445846,5,16976.711726
-477609.093789,5,16976.809823
5390952.213225,31,16977.418003
5406138.601051,28,16977.982241
-480793.483482,5,16978.082199
-478427.211271,5,16978.188615
-502649.616847,5,16978.288674
-708802.187091,8,16978.441401
-757205.9297,9,16978.626828
-491137.459695,5,16978.72746
-817403.501538,9,16978.900594
-502956.649556,5,16978.998839
5375817.039663,30,16979.606171
-498908.349014,5,16979.712189
-1054669.804447,13,16979.956042
5151956.679026,37,16980.652866
-780073.222378,10,16980.840281
-502746.175089,5,16980.931027
5152008.938732,36,16981.64672
5508074.926588,46,16982.554864
-495844.617129,5,16982.650728
4971554.112453,38,16983.392185
5337062.034418,35,16984.101822
-705726.807248,9,16984.273436
-660135.131524,8,16984.430053
-497407.277346,5,16984.534177
5398694.632062,27,16985.050144
-771095.087663,10,16985.244237
-900405.037608,11,16985.450434
-486117.147059,5,16985.565739
-924271.714842,11,16985.775053
-879850.026395,11,16985.998304
-501189.496991,5,16986.08931
-569294.143407,7,16986.225715
5373393.949225,33,16986.903609
5201196.918163,36,16987.647488
4566317.538438,42,16988.46298
5406801.221284,25,16988.952542
5435461.146897,24,16989.438473
-254145.194007,11,16989.665725
-495839.26454,5,16989.758642
-479407.689758,5,16989.910713
-502434.181523,5,16990.017606
-728673.293412,9,16990.192836
-483943.34187,5,16990.293594
5006839.426528,36,16991.021185
-487328.750141,5,16991.1349
-502445.240108,5,16991.243345
-636143.029699,8,16991.415266
5371733.474869,32,16992.016957
-503005.229216,5,16992.116817
-496356.319766,5,16992.211158
-492721.813168,5,16992.304731
5018719.569568,34,16992.943356
-500149.641807,5,16993.038973
5369756.701607,30,16993.603054
-503012.933323,5,16993.701623
5134922.998795,34,16994.414897
4969250.81342,37,16995.113374
4529247.441501,43,16995.882451
-484840.809983,5,16995.970434
4873006.313206,39,16996.680795
-502707.047542,5,16996.770444
-472665.850809,5,16996.861776
-934357.564877,11,16997.061681
-473685.317483,5,16997.146944
-499972.451399,5,16997.236043
5498162.939305,31,16997.785868
5261952.861062,30,16998.332392
5205007.054875,31,16998.880161
5084667.030134,38,16999.579409
-491543.720568,5,16999.664639
-883707.832591,11,16999.891696
4843907.913407,40,17000.620143
-782619.13429,10,17000.794702
5066494.145748,36,17001.435783
-469677.846628,5,17001.51457
-700101.663115,8,17001.666415
5360715.561185,33,17002.261167
5378762.566607,28,17002.76923
5308507.430052,34,17003.393546
4557545.447147,42,17004.221109
5291329.280227,37,17004.926705
-502302.327996,5,17005.02363
-495166.324249,5,17005.120283
5283287.732327,34,17005.81763
5118235.919933,42,17006.647278
-673313.28262,8,17006.799574
-633999.393849,7,17006.926436
4860037.99659,43,17007.714263
-743836.94812,9,17007.8882
5272496.962516,34,17008.520064
5243285.358974,36,17009.198711
4987096.400952,36,17009.949872
-874893.959664,11,17010.162438
-501508.626464,5,17010.253302
-495070.932416,5,17010.338053
5628326.318179,54,17011.399576
-502964.461909,5,17011.510345
5439623.424961,28,17012.129951
-763236.674803,9,17012.313323
-494686.281627,5,17012.410143
5046445.958611,35,17013.029607
-723267.932622,9,17013.195341
-796690.61981,9,17013.338766
-484735.235229,5,17013.434352
-499333.155349,5,17013.519346
-493434.7695,5,17013.596345
-500590.951208,5,17013.691072
5226204.061508,38,17014.404321
-1058851.155401,14,17014.662084
-498747.054514,5,17014.75074
4973101.719637,37,17015.415544
4436184.613249,45,17016.2507
4925558.839907,37,17016.968762
4486212.763584,44,17017.814314
5283820.32909,49,17018.72859
-476308.653208,5,17018.823155
-489766.235997,5,17018.925325
-502507.089821,5,17019.029627
-849600.538163,10,17019.223634
5045208.045681,42,17020.026489
-489772.585822,5,17020.119138
5419118.418638,30,17020.694121
4212212.388699,49,17021.61227
4545097.84404,43,17022.425961
5160173.908612,42,17023.224798
-1483894.274638,19,17023.593319
-452970.310107,5,17023.688561
4484425.857347,46,17024.561122
5203335.147389,36,17025.253095
-488185.731764,5,17025.344406
-769692.851999,9,17025.50713
-717727.079682,8,17025.676868
-685555.000305,8,17025.836264
5361502.14429,34,17026.472333
-477619.863704,5,17026.565747
5920666.780176,56,17027.652087
5081758.578623,33,17028.291163
5195645.66458,34,17028.931551
-476661.94075,5,17029.034268
-496545.374458,5,17029.137685
-494824.67392,5,17029.230862
-497499.919447,5,17029.330366
-1081715.221871,14,17029.598349
5484731.833632,46,17030.463033
-500870.859717,5,17030.562474
-488116.95929,5,17030.658047
-497100.288678,5,17030.754397
-491263.602049,5,17030.846096
5421452.347789,38,17031.549396
-484524.056667,5,17031.653054
-604157.719114,7,17031.779295
5366210.90765,40,17032.542488
-502270.126708,5,17032.641189
-485051.814508,5,17032.736843
-487046.930126,5,17032.828576
5376698.224299,30,17033.399586
5389108.05815,28,17033.953155
5422232.703338,28,17034.500584
-834278.110074,11,17034.707377
-481692.541203,5,17034.800682
-488556.577547,5,17034.896291
5268578.148803,38,17035.603741
5419451.732135,23,17036.057056
-492400.645924,5,17036.154366
5954799.560563,93,17037.919353
5567994.509761,52,17038.893088
-481574.760037,5,17038.990524
-555039.389959,6,17039.10546
-495826.254682,5,17039.197039
5672371.1102,44,17040.032524
-491366.250293,5,17040.124323
-495310.19524,5,17040.216542
5401036.118279,31,17040.810006
5414494.94479,28,17041.343517
4975113.591147,37,17042.048866
-499662.27463,5,17042.131587
5051788.315542,35,17042.726814
5383421.891663,35,17043.345063
-486952.7059,5,17043.432002
-475313.947629,5,17043.520416
-476113.497879,5,17043.622005
5193188.73362,36,17044.293194
5577693.227445,43,17045.098831
5697519.610857,41,17045.860771
5369309.474594,29,17046.405717
5419004.773779,27,17046.899953
-589760.072689,7,17047.027456
-526726.670598,6,17047.13448
4957442.728304,38,17047.868152
-483146.002334,5,17047.959127
-558993.108689,7,17048.095129
-502641.120973,5,17048.184287
5075077.728205,37,17048.84827
5216717.030396,33,17049.427348
-501930.007559,5,17049.516795
-480022.064649,5,17049.614185
4544287.962763,45,17050.448775
-832773.767635,10,17050.663011
4920931.023639,38,17051.38908
5405526.307662,29,17051.915195
-560001.021984,6,17052.025796
-615047.097727,7,17052.146226
-762386.452229,9,17052.312104
5395621.472993,33,17052.95422
-480649.871695,5,17053.04847
4956708.046585,46,17053.890647
-481319.049908,5,17053.98202
-502745.411442,5,17054.074671
-476755.520286,5,17054.173162
-497355.575194,5,17054.273743
-470049.577353,5,17054.362291
5362324.047731,28,17054.866783
-492376.360707,5,17054.95214
4767052.293434,39,17055.628058
5486267.591226,36,17056.279358
4895846.537752,38,17057.044916
-502406.368103,5,17057.145197
5241656.268392,34,17057.860888
-493409.517212,5,17057.963892
-495674.395892,5,17058.064945
-719930.280027,9,17058.236396
-482525.59182,5,17058.328711
-588097.586514,7,17058.459921
4859075.756663,45,17059.362972
-742580.894559,9,17059.541253
-814369.356848,10,17059.748143
-482485.004401,5,17059.84241
-491252.947417,5,17059.941288
-453049.881354,5,17060.060243
-675240.313274,8,17060.280752
-482106.472719,5,17060.396464
-511158.489185,6,17060.523744
5062738.183833,42,17061.406588
-660329.005453,8,17061.566739
5281114.633998,58,17062.677359
4867951.969374,41,17063.582753
-502140.728209,5,17063.691024
4876350.881377,40,17065.319756
-491587.08258,5,17065.54917
-482637.377691,5,17065.695055
-781801.775386,9,17065.906726
-1012152.304534,13,17066.325804
4231654.491933,51,17068.789246
-483760.221386,5,17069.051982
5243532.580884,35,17070.936001
-1037804.598764,13,17071.531163
4863560.837991,40,17073.426956
-1147137.644659,15,17074.301164
4552020.494856,48,17077.703635
-883262.992136,11,17078.506616
4937899.903144,39,17081.12182
-638445.627894,8,17081.648386
5312363.867134,31,17083.636525
-502294.476944,5,17083.946421
-789782.532514,10,17084.737212
-502538.091318,5,17085.009896
4726074.351357,40,17086.213947
4939140.748679,38,17087.12584
-500637.913811,5,17087.228568
-517131.412164,6,17087.34801
-481971.447153,5,17087.432154
-496242.586485,5,17087.522622
5344753.541518,32,17088.148656
4902312.233527,40,17088.88525
4912487.522574,37,17089.658896
-487058.374751,5,17089.758755
-492142.734898,5,17089.865799
5262604.625662,35,17090.622545
-416467.832963,5,17090.730444
5370425.800234,29,17091.319746
5422252.015651,27,17091.834656
-491223.58476,5,17091.943205
4454552.746582,44,17092.812137
-497746.389961,5,17092.904976
-497199.529281,5,17093.003071
-498957.242879,5,17093.102253
-482524.508073,5,17093.203091
-496126.218737,5,17093.305133
-525652.641483,6,17093.412633
5173129.427469,62,17094.58281
5280949.203971,32,17095.15805
5422012.948666,26,17095.695608
-576473.0742,7,17095.825848
4951524.26019,49,17096.785254
-474161.403508,5,17096.869215
5340684.566858,31,17097.42873
5244776.995161,35,17098.134032
-474307.92538,5,17098.243763
-832572.85592,10,17098.427106
-111702.583452,6,17098.53277
-491122.006126,5,17098.620702
4956506.614513,40,17099.324052
-497239.571111,5,17099.414046
-780852.637213,9,17099.573999
-786700.641735,9,17099.74172
5285173.143109,33,17100.404235
-472953.06399,5,17100.503078
-530527.113055,6,17100.610377
-768955.232416,9,17100.773749
4697024.300351,40,17101.533401
-494224.221852,5,17101.638226
5121400.052493,34,17102.306798
-585084.112545,7,17102.433844
-501942.092349,5,17102.522923
3702233.982007,59,17103.670284
-882612.577304,10,17103.897624
-503389.287724,5,17104.007501
-499495.05444,5,17104.101827
-487047.175799,5,17104.202815
5345913.615377,31,17104.821957
5382885.30704,33,17105.44461
5078152.134553,42,17106.197623
-482354.428816,5,17106.285621
-485311.419039,5,17106.37439
5180435.578339,42,17107.214029
-502244.561887,5,17107.308853
-732512.330713,9,17107.464698
-496083.606164,5,17107.565325
-598091.457586,7,17107.708041
-490262.090938,5,17107.812491
-832273.940713,10,17108.02408
-698309.736101,8,17108.200668
-501763.870993,5,17108.295403
5621465.276079,46,17109.304256
5396200.462231,34,17109.994083
-482885.428394,5,17110.115811
-454617.668722,5,17110.226997
-488900.651485,5,17110.321422
-519698.185145,6,17110.437842
-628433.593712,7,17110.577122
-492354.582184,5,17110.67463
-502356.943908,5,17110.771514
5651060.590108,57,17111.842885
-476365.380615,5,17111.932323
-794150.479471,10,17112.123592
-490638.97006,5,17112.223633
5082086.891953,39,17112.913585
5412554.199201,32,17113.50084
-659709.68526,8,17113.653085
5035498.37027,37,17114.317074
4867420.644035,38,17115.050376
-600520.937984,7,17115.200374
5117582.150451,36,17115.846383
5345778.051376,33,17116.565332
5068557.067687,37,17117.305282
6414929.563477,108,17119.436145
-495029.394474,5,17119.529109
4681411.778328,53,17120.619047
-503169.184223,5,17120.741579
-486191.00806,5,17120.847865
-678462.448094,8,17120.9976
6158086.680059,80,17122.571667
-495428.994514,5,17122.656308
5063850.909362,36,17123.269027
-706369.697191,8,17123.406679
5422250.747,24,17123.845624
5442402.156304,28,17124.417034
-495564.773574,5,17124.515678
-491022.663877,5,17124.650066
-690277.486445,8,17124.816829
-483412.038247,5,17124.913228
5112528.373695,34,17125.55753
-493372.288833,5,17125.6471
-502033.911099,5,17125.73857
-497738.298514,5,17125.824248
-897188.706661,12,17126.026384
4258392.653017,47,17126.852728
-491304.760892,5,17126.944512
-1002412.145634,13,17127.187554
-551584.563688,6,17127.314029
-494161.921856,5,17127.418024
-492733.185112,5,17127.517043
5396395.554294,27,17128.029551
-787742.1365,10,17128.235722
-663962.513223,8,17128.391306
-773772.258003,9,17128.583279
5172369.421788,33,17129.249108
-603790.951696,7,17129.370653
5398095.861017,28,17129.863201
-493840.644035,5,17129.950456
-520406.155358,6,17130.056045
5127115.784105,35,17130.66911
5343870.080987,32,17131.322171
-488512.019208,5,17131.411859
-493894.03315,5,17131.496796
-485455.228084,5,17131.597919
5117434.037368,37,17132.285359
-494889.967251,5,17132.370898
-713869.59607,9,17132.531741
-940203.152361,13,17132.7726
-488144.693674,5,17132.872218
5382635.627036,30,17133.451778
-494499.634384,5,17133.543061
5028551.850891,37,17134.197674
5429331.79368,26,17134.650349
4474704.951556,50,17135.60534
-496240.230564,5,17135.698057
5769426.99368,52,17136.61637
4423490.07853,45,17137.517799
4452785.241852,44,17138.304805
5427441.995087,31,17138.847372
4003998.470489,52,17139.842931
-482202.547209,5,17139.937308
-743343.091095,9,17140.106858
5263559.065276,37,17140.834395
-971403.747615,12,17141.092874
-849332.29281,10,17141.350297
-478299.682616,5,17141.462591
-485729.102382,5,17141.585731
-483999.181408,5,17141.69059
5552712.155988,109,17143.767691
-480031.405992,5,17143.860644
5236915.686542,33,17144.462744
5298856.689405,35,17145.092832
-485566.962523,5,17145.234269
-496693.933528,5,17145.335915
5113738.945764,33,17146.010004
-1152001.568997,14,17146.307897
-500183.154657,5,17146.431628
5033455.598365,39,17147.149053
-793160.089476,9,17147.312806
5145746.109455,38,17147.996978
5358609.111269,29,17148.530236
-488261.46712,5,17148.615454
-414698.383611,5,17148.705669
-485668.80774,5,17148.793612
-500716.960946,5,17148.881514
-492615.937721,5,17148.983722
-494931.607289,5,17149.086454
-1035603.55053,14,17149.327959
5151293.812515,35,17149.9632
5431100.307165,27,17150.505372
-456679.972667,5,17150.611232
-657075.817765,8,17150.764728
-834006.315843,10,17150.948399
-475451.615348,5,17151.045317
-775888.254083,9,17151.23052
-467494.62776,5,17151.321488
-777859.875351,10,17151.516159
-496810.896356,5,17151.608126
-577152.289471,7,17151.731547
-487441.553647,5,17151.828782
-757024.861563,9,17151.994954
5564040.996315,63,17153.235666
-614441.901385,7,17153.364395
-463202.316045,5,17153.461577
-488815.43535,5,17153.55594
-481787.598153,5,17153.650391
-644301.13721,7,17153.777028
-491000.248153,5,17153.883992
-503043.330918,5,17153.972751
-824474.89624,10,17154.16462
-474577.204782,5,17154.260468
-488658.453296,5,17154.349617
-480506.316253,5,17154.443392
-501671.503687,5,17154.537106
-635251.260896,7,17154.659595
-480990.003654,5,17154.748195
-474363.750593,5,17154.851022
-762980.455456,9,17155.045814
-781664.818944,10,17155.242411
-709786.822911,9,17155.448608
5632762.684125,51,17156.596406
-716066.350042,8,17156.740811
4973323.846099,63,17158.098854
-493951.758214,5,17158.21735
4901458.058738,37,17158.969398
4884247.315948,41,17159.797395
-489574.585194,5,17159.902797
4615326.960569,44,17160.80931
-518405.383447,6,17160.930566
5523036.644347,43,17161.7723
5469099.090342,47,17162.703645
5017655.892987,57,17163.826549
4868262.678577,37,17164.557257
4241690.442489,54,17165.617885
4425856.103105,46,17166.533051
-462137.478412,5,17166.644064
-500655.613872,5,17166.74874
5090693.843564,34,17167.419613
5254042.763782,35,17168.116793
-713372.192309,8,17168.271088
-500525.888331,5,17168.363701
-497710.481736,5,17168.468596
4926795.233324,39,17169.285398
5202355.098089,32,17169.934345
-708015.40834,8,17170.092458
-502389.107941,5,17170.19022
5084695.632781,36,17170.90256
-822079.843058,10,17171.111261
5351193.464825,33,17171.784284
-470945.467195,5,17171.885504
-488183.032903,5,17171.982885
-475693.109415,5,17172.077676
5386615.330938,29,17172.625675
-471532.989065,5,17172.722224
-748355.488442,9,17172.898649
5076247.910768,35,17173.625506
-482797.304115,5,17173.740064
5068688.872105,36,17174.490488
-746509.484739,9,17174.670395
5347919.677411,31,17175.338732
-848771.94799,10,17175.558399
-489841.272822,5,17175.668754
5448829.938266,44,17176.573751
5209300.444507,36,17177.245305
-475748.038032,5,17177.343748
-556982.901212,7,17177.472051
-829002.34502,10,17177.654924
5376783.949969,32,17178.257834
-689240.322474,8,17178.41267
4364264.145798,45,17179.320188
-491613.536984,5,17179.436388
5379753.316941,62,17180.659204
5549628.89607,67,17181.975273
-500608.126113,5,17182.072073
-991134.475174,12,17182.31429
4424659.090367,45,17183.144068
-480720.475999,5,17183.235447
5137045.800989,35,17183.890741
4911138.845251,39,17184.608227
-1033548.050131,13,17184.845398
-729077.550979,8,17184.993392
-482275.39622,5,17185.081126
-502229.801972,5,17185.17383
-624402.950358,7,17185.296973
-725727.919577,9,17185.463215
-472175.974964,5,17185.556263
-502622.830558,5,17185.645025
-491709.152091,5,17185.741442
-771503.840481,9,17185.911262
-800173.379413,10,17186.092298
5323420.67552,33,17186.718533
-494770.681412,5,17186.819434
-486663.569507,5,17186.917874
-715588.852929,9,17187.090426
-1047409.044996,13,17187.334765
-743198.296356,9,17187.507137
-500615.484405,5,17187.5986
-493378.409607,5,17187.70137
-564453.017948,7,17187.837481
3815107.817063,56,17188.969443
5262988.142451,35,17189.610094
5338273.810023,30,17190.143269
-710894.504242,8,17190.281891
-485983.706122,5,17190.370954
5376501.79359,35,17191.0119
-751854.284826,9,17191.174488
-500605.411023,5,17191.263485
-616193.239162,8,17191.415519
-876592.652755,10,17191.594749
-705413.925529,8,17191.730788
-476721.078623,5,17191.822087
-877325.195308,11,17192.01615
-728103.203126,10,17192.183281
-494678.704257,5,17192.275315
-745783.032155,9,17192.438105
4778795.995725,43,17193.234361
4080495.175011,51,17194.168793
-497238.10315,5,17194.271105
-892750.480039,12,17194.508896
-499044.03236,5,17194.599912
5639461.989602,60,17195.766165
-502438.462493,5,17195.86975
-1301184.900212,16,17196.175931
-759653.972316,9,17196.344719
-871591.269309,11,17196.545492
4216734.279873,51,17197.539078
5239343.251979,38,17198.278552
-1176978.485979,15,17198.575918
-473578.539695,5,17198.667405
5053750.745206,38,17199.391395
-1200580.651061,16,17199.701807
5337941.158401,31,17200.325289
-843169.033711,10,17200.505918
-479549.217634,5,17200.595116
-479497.539576,5,17200.68635
4981170.178375,40,17201.403009
-481830.179858,5,17201.498894
-705459.937984,8,17201.652454
4786490.48384,39,17202.374597
-598637.028297,7,17202.508403
5116453.419863,36,17203.247229
-615554.632271,7,17203.380404
-459495.537461,5,17203.475772
-494587.102054,5,17203.567767
5355042.111957,32,17204.142262
4887882.32626,38,17204.85687
-714627.273985,9,17205.044398
-486761.705762,5,17205.135052
4875125.953161,41,17205.861187
-477812.921207,5,17205.954452
-484588.001767,5,17206.043378
5292768.714143,44,17206.848567
-493221.813892,5,17206.940931
4265682.072122,63,17208.101587
5312775.450462,35,17208.726517
-502568.349882,5,17208.812485
5274709.237135,38,17209.516316
-615097.608706,8,17209.666606
-504786.773753,6,17209.78168
-490352.264278,5,17209.882626
-820372.013105,10,17210.080602
-476370.145022,5,17210.1731
-517972.041386,6,17210.288539
-656997.529629,8,17210.453114
-499651.487262,5,17210.544764
-481253.270312,5,17210.649525
-492590.919097,5,17210.762335
3782154.768927,54,17211.797403
-489430.13712,5,17211.898108
-480375.017448,5,17211.990477
5172757.3913,38,17212.743282
4906789.037589,43,17213.571691
-473151.845781,5,17213.678707
4814223.374032,38,17214.401327
3996675.330397,51,17215.3848
-492126.429302,5,17215.489194
5363999.803635,32,17216.110472
-791666.119979,9,17216.283862
5270036.611239,34,17216.93251
5374966.812724,34,17217.591885
5234140.002767,31,17218.188801
5350698.36921,34,17218.809482
-994604.861877,12,17219.043542
-470298.099429,5,17219.133974
-664869.209204,8,17219.278999
-494941.838417,5,17219.368167
-752979.790149,9,17219.53115
-820658.382506,10,17219.720968
-500121.987972,5,17219.81117
-489309.559827,5,17219.902001
-827463.148103,10,17220.075188
-478968.201941,5,17220.163548
-650473.463022,8,17220.300464
5730910.479411,50,17221.250236
5346482.233859,41,17222.010855
-837553.855564,10,17222.200475
-1027143.224384,13,17222.448579
-484094.855564,5,17222.540009
-488918.277414,5,17222.635179
-494585.310764,5,17222.727455
-484453.317979,5,17222.821081
5376842.280441,30,17223.383031
-495979.294874,5,17223.477311
-560158.711929,6,17223.588624
-492906.0813,5,17223.683098
-514209.713918,6,17223.790535
-495843.432114,5,17223.885191
5199328.455328,69,17225.170367
-139603.192213,6,17225.281711
3982288.291896,56,17226.324008
4978793.274338,39,17227.04122
5021534.91077,35,17227.673758
5433801.737803,26,17228.163388
-464131.040314,5,17228.249773
5242150.139059,32,17228.809596
-493215.298306,5,17228.899313
5230407.04449,34,17229.534062
5072912.23359,35,17230.210314
-497137.440199,5,17230.298729
4952705.802481,38,17231.028339
-599230.383245,7,17231.154813
-502541.686506,5,17231.249159
5170786.130073,35,17231.883433
4928211.047013,38,17232.57718
-715655.289067,8,17232.721707
-495633.218582,5,17232.810306
-488103.9636,5,17232.915967
-561398.133766,7,17233.044185
5404523.33353,32,17233.647413
-478418.094511,5,17233.743432
-453939.238943,5,17233.839661
5244636.86682,34,17234.444079
-487399.14888,5,17234.536013
-540180.758458,6,17234.643198
-738134.852075,9,17234.805468
-488513.98796,5,17234.90013
4154039.887343,50,17235.821862
-476896.557998,5,17235.920018
5372268.691101,36,17236.551142
-498576.307538,5,17236.638858
5355694.233876,30,17237.162327
5161419.455118,34,17237.832172
-1216783.809466,16,17238.131274
4607141.29419,52,17239.134946
-738443.5935,9,17239.305796
-486584.344246,5,17239.400305
-643663.256343,8,17239.554096
-495517.315937,5,17239.640141
-1382508.5528,18,17239.966088
-809998.272875,10,17240.143666
-461249.888375,5,17240.24633
-668546.632737,8,17240.419544
-937908.821722,12,17240.657439
5260292.678208,31,17241.232419
-492260.869033,5,17241.322991
-487996.022551,5,17241.415823
-546081.767552,6,17241.529422
5278529.0787,35,17242.210477
-866576.203829,11,17242.425416
-496746.6192,5,17242.524729
5175325.74854,35,17243.215216
4716704.572916,48,17244.083963
5384960.175483,36,17244.729549
-492900.669942,5,17244.821901
4897541.318474,38,17245.555817
-494672.33001,5,17245.649825
5051249.486616,39,17246.396537
5276777.645837,34,17247.093628
5361391.819201,33,17247.674242
-743024.965283,9,17247.848099
-909081.43526,11,17248.079479
4898808.171884,39,17248.788158
5330243.2038,31,17249.349543
5136006.372826,38,17250.052731
4957775.636779,39,17250.789442
-493077.985491,5,17250.885996
-647693.763459,8,17251.044274
-502862.868654,5,17251.135363
-833245.475264,10,17251.31848
5868235.869372,69,17252.604798
-832694.762509,10,17252.808089
4830585.061679,43,17253.573964
5318365.900045,38,17254.291222
-1219117.32151,16,17254.587677
5013227.565401,36,17255.284508
-1525578.496343,21,17255.660918
-1422074.303535,18,17255.993843
-937951.47504,12,17256.227334
5311853.615103,33,17256.867885
5410714.811421,36,17257.557147
-696690.764815,8,17257.703133
5161287.592929,98,17259.548611
-560921.212111,6,17259.661081
-637548.893529,7,17259.793349
-654165.967873,8,17259.950817
-498577.942244,5,17260.041311
-477586.981343,5,17260.138151
-482163.598893,5,17260.235695
-697313.565696,8,17260.384389
5192161.557214,35,17261.04414
-495402.757529,5,17261.134449
5395935.344913,31,17261.734239
-502778.566342,5,17261.826389
5445543.292892,27,17262.323008
-879808.160244,12,17262.544143
-918668.303957,12,17262.763741
4362457.629499,48,17263.659647
-1186537.722631,15,17263.952432
-482117.96281,5,17264.044641
5198371.379753,32,17264.663587
5493249.534084,34,17265.322635
-526843.339881,6,17265.43711
5186310.837969,36,17266.13879
-490398.359103,5,17266.240956
-475750.55087,5,17266.335598
-1034713.174583,13,17266.593177
-1213921.568086,15,17266.874085
5239545.454639,55,17268.007396
-493686.682273,5,17268.108687
5263008.229617,34,17268.791326
4866065.729157,40,17269.562254
-493588.226298,5,17269.658495
5319076.304735,34,17270.30679
-888235.282459,11,17270.541763
5403812.810888,27,17271.081479
-473428.486616,5,17271.175091
-788323.248899,9,17271.343556
-773009.29552,9,17271.508524
5388811.378689,28,17272.031607
-626154.253332,8,17272.182801
-473923.548592,5,17272.273323
5070262.80257,34,17272.974408
-493860.535427,5,17273.067101
5235660.452004,37,17273.774997
-480649.318717,5,17273.872108
-489028.010111,5,17273.964107
-640947.635998,8,17274.121401
-552529.006986,6,17274.237813
-490612.478316,5,17274.331989
-1466645.296711,18,17274.732316
-482275.243866,5,17274.827393
4454811.544175,45,17275.647432
-492341.3806,5,17275.735951
5585806.802559,33,17276.327608
4723880.293773,41,17277.06186
-484571.92724,5,17277.157979
-522446.148689,6,17277.266748
-951836.215812,12,17277.486367
-476144.924832,5,17277.582703
4565773.013784,48,17278.503061
5142713.685653,48,17279.434634
-484368.00718,5,17279.533517
4902413.279354,40,17280.315665
-879631.422704,11,17280.527399
-499702.108141,5,17280.62032
-618115.443552,8,17280.775506
-717338.873301,9,17280.950167
-494247.018866,5,17281.045314
-593153.194286,7,17281.175986
-491264.075301,5,17281.275298
-491449.378263,5,17281.373376
4751311.533443,59,17282.551253
-498047.693149,5,17282.641049
4943283.017454,36,17283.376013
-476543.397344,5,17283.472589
-637892.230981,7,17283.605101
-990058.161768,14,17283.882299
-593385.701974,7,17284.043207
-472169.800095,5,17284.155915
5308688.937605,33,17284.758457
-492371.264519,5,17284.847018
-700306.511793,8,17284.996648
-937653.592411,12,17285.215209
5077085.180023,37,17285.916146
5274928.974175,34,17286.561489
5393367.81939,27,17287.07141
-502284.785425,5,17287.164397
5131613.978686,35,17287.814672
-561170.380527,7,17287.949533
-490403.063502,5,17288.04275
-502815.703489,5,17288.144469
5047560.114361,39,17288.916752
-859953.830298,11,17289.110833
5207612.266276,32,17289.707734
4678756.270987,42,17290.481389
-670152.274171,8,17290.623212
-478655.46107,5,17290.71782
4779741.217271,40,17291.453997
-496079.885307,5,17291.541822
-744872.187144,9,17291.714097
5148862.50631,37,17292.410727
-595435.180981,7,17292.555994
5333792.575035,32,17293.161219
-478701.643754,5,17293.263628
-501531.276657,5,17293.359876
-496167.468624,5,17293.452354
-722798.792719,9,17293.613596
-494601.455069,5,17293.704406
-496512.428515,5,17293.798162
-493336.553843,5,17293.891819
-502425.570172,5,17293.997786
-478603.689043,5,17294.092883
-480864.389132,5,17294.190274
4340509.192631,59,17295.366009
5403638.55727,29,17295.87263
5397750.312791,32,17296.454174
4154444.898707,50,17297.476479
-483713.234531,5,17297.567021
5214752.470604,36,17298.210654
-620823.676125,7,17298.342595
-494811.61755,5,17298.429003
5211494.209137,36,17299.10322
5270564.602652,33,17299.702157
-492912.644396,5,17299.789718
4447893.684317,44,17300.592738
-819224.881749,10,17300.768977
5095018.002668,34,17301.410601
5403855.992334,27,17301.92761
-651905.545764,8,17302.078229
-485165.322717,5,17302.170027
5087084.915767,41,17303.002813
5392309.518502,27,17303.477268
-696233.566951,9,17303.640679
-481583.048925,5,17303.724769
-492702.576628,5,17303.811989
-864546.204538,10,17303.987498
5229863.740096,37,17304.640031
5345535.989441,36,17305.28558
-586791.191565,7,17305.419023
5273770.514377,30,17306.013042
-724194.345687,9,17306.188159
-486098.344907,5,17306.281808
-821231.940878,10,17306.478779
5027510.862984,38,17307.237698
-489917.09891,5,17307.341454
5357924.027806,35,17307.956582
-781916.401234,9,17308.126643
5271135.472863,35,17308.748303
-487530.027274,5,17308.834505
5162579.885251,39,17309.528385
-471161.40729,5,17309.617188
-614046.110943,7,17309.742292
-1085032.203061,14,17310.002308
-477802.807035,5,17310.088123
-478187.747186,5,17310.182418
5184093.282236,37,17310.863197
5315661.014523,38,17311.581878
-478611.568391,5,17311.673997
-797751.073753,10,17311.861131
4878151.700588,39,17312.605497
-495519.719739,5,17312.703025
5401596.76211,53,17313.702919
5393803.844735,29,17314.259384
5443540.918226,27,17314.787751
5067927.522529,35,17315.449938
5370513.069974,34,17316.076902
-715015.305297,9,17316.243327
-496829.291913,5,17316.334876
-1177716.163871,16,17316.66099
4779659.170693,41,17317.436925
-494213.021479,5,17317.522637
-616368.626628,7,17317.640555
5071042.019363,36,17318.259539
-490090.352903,5,17318.34648
-662406.992224,8,17318.482537
5087329.101165,47,17319.344991
4874518.789401,37,17320.016027
-659269.336289,8,17320.16831
-614427.353442,8,17320.31137
5047171.517145,36,17320.973502
-490649.634407,5,17321.063701
-495945.996606,5,17321.155072
-493912.842956,5,17321.249814
5406524.79801,26,17321.769831
5404915.279292,26,17322.284583
-617856.011409,8,17322.422672
5444819.938442,50,17323.342866
5295578.334325,42,17324.128432
5322262.068853,32,17324.720209
5397822.102092,29,17325.334593
-839096.444172,11,17325.535455
-642782.784195,7,17325.661361
-593795.286033,7,17325.788807
-458872.734176,5,17325.879092
-481071.083102,5,17325.969058
-492862.006835,5,17326.056568
-1081961.330438,14,17326.308382
4288524.031524,48,17327.152152
-474690.261466,5,17327.247771
-502799.361945,5,17327.339553
-498741.407593,5,17327.429111
-703537.501358,8,17327.572765
5277639.95706,35,17328.228882
-618710.587715,7,17328.372633
-998683.899841,13,17328.612321
-657676.952329,8,17328.754573
4077514.295021,52,17329.732234
5318487.418578,31,17330.332534
-486869.802337,5,17330.427793
-495563.429808,5,17330.519861
-494695.245684,5,17330.61673
4845219.592936,43,17331.401764
-502721.024381,5,17331.489703
5325688.649856,35,17332.120579
-491097.918897,5,17332.212742
-718356.279018,9,17332.369846
-1021840.202133,13,17332.602043
-476418.56862,5,17332.688525
5348412.402472,30,17333.276397
5423657.380517,26,17333.741995
-496854.458133,5,17333.840317
-716003.088184,9,17334.005498
-488275.665791,5,17334.094406
-500998.35607,5,17334.192353
-501350.828112,5,17334.328713
-646487.045543,7,17334.478028
-500129.048285,5,17334.574729
-459413.084249,5,17334.672306
-476828.50505,5,17334.759925
-832701.757029,10,17334.935474
4425405.394954,45,17335.732069
5400737.832082,50,17336.669197
-484416.260626,5,17336.758555
5376983.531689,34,17337.370337
4530548.13641,43,17338.1289
-675926.663021,9,17338.287229
-494399.714157,5,17338.37757
-523595.134527,6,17338.481629
-502478.807674,5,17338.569658
-483281.684096,5,17338.657471
-480969.266217,5,17338.743269
-487417.682417,5,17338.838939
-490579.208966,5,17338.927446
5675443.544399,49,17339.82021
4787873.139079,40,17340.536958
5417481.309689,32,17341.124526
-488686.166829,5,17341.217844
6433239.024063,100,17343.101347
-830748.193573,10,17343.301494
-737794.91887,9,17343.468969
5264425.312012,33,17344.096388
-482833.606367,5,17344.191952
5364890.570431,28,17344.737236
5208743.441889,31,17345.354088
-497004.540028,5,17345.457878
-479743.094851,5,17345.554013
-497861.913325,5,17345.64225
-483722.429863,5,17345.735649
5185001.767505,36,17346.389745
-753855.907317,9,17346.561064
5357051.117196,31,17347.188286
5062324.536129,44,17347.996414
-702864.698241,8,17348.131898
-502588.984961,5,17348.217692
-754243.144383,9,17348.378541
-724918.69303,9,17348.533885
-485801.464217,5,17348.621278
4520620.157489,48,17349.532693
5422178.988867,51,17350.543172
-474238.247353,5,17350.639503
-496294.21368,5,17350.736123
5413235.205604,44,17351.626803
-609097.343602,7,17351.762319
5186235.943579,36,17352.42223
-476289.657915,5,17352.507535
-1002762.743536,13,17352.733932
-830860.653447,10,17352.90911
-935225.261688,12,17353.147628
5025472.811324,38,17353.841966
-892326.762528,12,17354.067436
5521917.543391,30,17354.680637
4999760.4713,38,17355.373856
-797462.315569,9,17355.535555
-672320.492554,8,17355.672172
5002443.680349,36,17356.299566
-717934.507924,9,17356.460373
5387899.76424,31,17357.020001
5193977.624844,34,17357.64242
-491939.391873,5,17357.728976
-509950.626501,6,17357.841706
5399580.588284,28,17358.3602
4940991.020282,38,17359.08181
4983246.756434,37,17359.797485
-918295.009965,11,17359.997693
-714330.179999,8,17360.145983
-515270.291751,6,17360.260498
-502737.118583,5,17360.363501
-161249.970763,7,17360.507037
-463462.45738,5,17360.604383
4885175.624566,38,17361.37253
-487881.478294,5,17361.472981
-576924.123255,7,17361.615998
-494997.640172,5,17361.717015
5255701.269499,39,17362.474045
-451787.686391,5,17362.567904
-749794.702303,9,17362.738471
4494995.394612,45,17363.553372
-697274.984879,8,17363.687508
5324355.331707,33,17364.280152
5386726.119039,54,17365.277334
5084530.8951,35,17365.945678
-549144.015813,6,17366.056835
-1407202.520389,19,17366.416505
5025348.971675,39,17367.162557
5227604.266937,35,17367.853945
-502597.122633,5,17367.948766
5304566.029894,34,17368.561638
5504724.254883,44,17369.353915
4925814.759776,39,17370.150597
5170789.605168,36,17370.860721
5219636.25094,49,17371.795556
5278097.358119,32,17372.46167
-490145.043793,5,17372.553968
-780045.867037,9,17372.732867
-876367.278511,10,17372.927788
-743488.387504,9,17373.101713
-486207.963147,5,17373.193424
-709759.410372,9,17373.370607
-489301.157525,5,17373.473402
-740804.36374,9,17373.639049
4960943.432166,40,17374.415046
4834209.689168,40,17375.189299
5071054.205841,37,17375.915081
5533517.922428,55,17376.984277
4900618.667461,39,17377.729103
-496954.362618,5,17377.817381
-718601.212295,8,17377.974779
5409733.359675,27,17378.521082
-767815.58814,9,17378.711582
-502587.455587,5,17378.803205
5261211.403421,32,17379.429878
-811880.232732,10,17379.631248
5120839.931692,34,17380.293058
5177729.487536,33,17380.959608
-702474.045622,8,17381.116095
-1102713.000599,14,17381.386094
-491670.461732,5,17381.486432
-501337.077424,5,17381.580565
-810587.980922,10,17381.776589
-772343.270212,9,17381.952397
5619318.56183,53,17382.951335
5252364.500878,34,17383.650445
5204107.711312,39,17384.411613
4790003.31542,39,17385.163245
5192358.74907,34,17385.823499
-502739.179547,5,17385.922349
-485586.716209,5,17386.025056
-637693.92298,8,17386.182264
-764307.313893,9,17386.350843
-483403.086782,5,17386.452226
5112293.807759,34,17387.143804
-485513.850954,5,17387.239496
-766654.899248,9,17387.411553
-487793.195827,5,17387.526893
-480417.628489,5,17387.623073
4974482.935467,39,17388.310472
-466854.533457,5,17388.399319
4865680.645686,40,17389.102974
-878853.27505,11,17389.30039
-496894.412999,5,17389.396542
-499465.612632,5,17389.489825
-483673.116547,5,17389.602889
-490594.653387,5,17389.711376
-458420.405601,5,17389.804158
3889051.011032,54,17390.839375
-660157.855541,8,17390.984696
-491945.324781,5,17391.08106
5728739.112986,39,17391.824892
4270913.098192,66,17393.104772
-482934.346356,5,17393.200968
-983259.001598,12,17393.436763
-494347.965537,5,17393.529728
5404342.203049,55,17394.54308
5291123.809731,35,17395.180282
-482693.601996,5,17395.276955
-801543.661207,10,17395.464658
5353866.034147,32,17396.059541
-485847.029135,5,17396.1536
-872034.763715,11,17396.36753
-517232.962734,6,17396.483105
5333166.72087,38,17397.231009
-800918.715542,9,17397.391966
4935341.411764,39,17398.130056
5381787.668732,32,17398.735422
4518763.184043,48,17399.641798
4806997.407729,39,17400.400994
5292364.841683,45,17401.294677
5416354.5931,30,17401.846005
-474116.240831,5,17401.935458
4018631.006204,55,17402.950338
-502397.700232,5,17403.044906
-491030.615056,5,17403.133989
5137464.338467,36,17403.776495
-641414.502908,8,17403.918074
-764739.766469,10,17404.092316
-494239.333988,5,17404.183688
4091057.692458,49,17405.120472
-926610.919334,12,17405.346452
5147778.013888,37,17406.058084
-640261.291792,7,17406.20237
-626143.9924,7,17406.342902
-483805.925142,5,17406.431713
-490886.694405,5,17406.545655
4348651.868943,45,17407.381989
-491000.814486,5,17407.476209
-473200.092483,5,17407.573128
5388097.28282,29,17408.110912
5420371.084401,36,17408.782682
-498435.248754,5,17408.876973
-480220.90094,5,17408.974074
5107585.501903,48,17409.947194
-797960.445891,10,17410.140049
-494171.298662,5,17410.23647
5211800.317104,35,17410.9297
4656730.238152,58,17412.136752
-737646.019309,10,17412.320156
-485760.513291,5,17412.422153
-683911.65578,8,17412.581763
-776143.413008,9,17412.754677
-511557.372804,6,17412.867035
-451270.231382,5,17412.960113
-805502.727763,10,17413.154378
-480884.620674,5,17413.247691
-712784.732223,8,17413.405154
-459121.416056,5,17413.499995
4727415.908428,41,17414.289514
-468196.949596,5,17414.378487
-462247.577497,5,17414.480358
4924057.388449,52,17415.46934
-712703.149951,8,17415.614606
4945945.688379,36,17416.328382
-1367678.778244,17,17416.671303
-806536.322064,10,17416.868048
-841202.513808,10,17417.064929
-494632.785247,5,17417.159474
-500668.863942,5,17417.254159
4269271.965051,58,17418.36333
5324030.35897,32,17418.944872
5472384.772455,44,17419.757751
5363305.785406,31,17420.338751
-756507.88812,10,17420.52841
5127604.163275,42,17421.342384
-497070.828514,5,17421.428117
5574436.695402,54,17422.444921
-855639.378545,10,17422.662696
-656721.483796,8,17422.809441
-499670.439581,5,17422.907568
-502299.214547,5,17423.013822
5174373.127316,33,17423.628786
4254358.184468,50,17424.598331
4491407.915679,45,17425.487639
-500837.101821,5,17425.579331
-973020.642372,12,17425.797155
4147557.424584,50,17426.744102
5034338.492094,50,17427.759094
-483581.916263,5,17427.854776
-520884.624717,6,17427.961759
3906519.242971,52,17428.910743
-493117.999263,5,17428.998628
5553995.621237,53,17429.937116
-513545.992211,6,17430.04697
5093857.556953,34,17430.684228
-488416.785266,5,17430.777088
-492742.955002,5,17430.870624
-502261.953414,5,17430.962913
4225270.121274,48,17431.879364
5321269.47424,32,17432.465706
5555153.693051,50,17433.403421
-486877.098403,5,17433.49452
-502616.429093,5,17433.588485
-488252.592877,5,17433.680947
5137091.783116,32,17434.313502
-483987.870888,5,17434.40266
5409760.106914,29,17434.917097
5418745.367424,23,17435.350924
-486767.285972,5,17435.447115
-491236.109376,5,17435.545838
-500782.332996,5,17435.640985
3785154.978125,57,17436.70671
-496389.093983,5,17436.797013
4936910.236943,40,17437.55406
-556960.143767,7,17437.690608
4551389.936879,45,17438.603121
-828514.09604,10,17438.806744
-593631.720361,7,17438.940926
-498525.199826,5,17439.047556
-490979.894687,5,17439.147828
5045278.786373,36,17439.832162
-489463.584465,5,17439.926216
-701249.2535,9,17440.089013
5519876.568523,50,17440.99617
-792578.474998,10,17441.195488
-745406.498889,9,17441.371646
-484121.639575,5,17441.469377
5364908.189618,29,17442.061125
-487416.983351,5,17442.162826
-500348.863054,6,17442.280102
-671556.580835,8,17442.435456
-962808.936151,12,17442.662639
-497338.84369,5,17442.756917
5259902.38539,35,17443.475541
5176266.290061,38,17444.256747
4374782.532143,48,17445.235702
-488667.992282,5,17445.329559
5330133.790469,33,17445.940684
-488817.241068,5,17446.03693
-490303.869007,5,17446.125239
-502606.222996,5,17446.215805
-948623.793872,12,17446.434705
-491744.861512,5,17446.529008
4625253.15758,42,17447.305372
-746654.619087,9,17447.473073
5086460.528664,53,17448.488465
-494394.415023,5,17448.576744
-1046492.135877,14,17448.830432
-1220744.038162,16,17449.122648
5180963.244315,34,17449.770623
-921625.524246,12,17450.025184
-498818.380601,5,17450.128632
-490868.028382,5,17450.229576
-811747.179935,10,17450.431249
5384038.772888,31,17451.059599
-654153.17681,7,17451.197656
4641270.244034,43,17452.002951
-1571789.935997,20,17452.356005
-583621.672106,7,17452.476634
-473547.480765,5,17452.562068
-191150.960688,8,17452.696976
5258609.598415,39,17453.483564
-608186.10616,7,17453.612228
5127482.508435,34,17454.258378
-818350.233201,10,17454.444107
-683865.877201,8,17454.591292
5132128.722438,39,17455.311206
4035704.323845,51,17456.23203
-488316.934661,5,17456.315908
5394110.776923,26,17456.782645
-674079.873731,8,17456.917909
5380236.597775,30,17457.447327
5371302.999408,29,17457.958813
5300953.803477,35,17458.616386
-618874.83181,7,17458.743464
-472467.857006,5,17458.845539
-806022.421912,10,17459.038232
-496442.860788,5,17459.124831
5075172.158275,42,17459.923845
-852472.097332,11,17460.144029
5033449.282895,39,17460.987416
5167456.926624,35,17461.666553
-741330.197331,9,17461.832909
-573360.036325,7,17461.967301
5296414.517564,32,17462.564802
-502797.188347,5,17462.66414
4099690.324601,50,17463.564028
-500125.166854,5,17463.649754
4948744.143898,40,17464.3939
-799765.976728,9,17464.552048
-497498.268481,5,17464.63832
-736368.644922,9,17464.788102
5385852.149312,30,17465.328864
-490343.981295,5,17465.418102
-560556.648219,7,17465.543904
5156848.739363,36,17466.219043
-452265.981849,5,17466.307878
-489483.832816,5,17466.398132
-706256.565239,9,17466.565404
-789249.963462,10,17466.745695
-498351.001406,5,17466.84049
-450203.441902,5,17466.930098
-1038015.722497,13,17467.19368
-485321.365544,5,17467.284528
-489269.37062,5,17467.376149
-882479.246247,11,17467.574652
-496221.907314,5,17467.664881
-485852.674241,5,17467.770309
-494965.26138,5,17467.85965
4608581.063421,43,17468.714766
-477828.019301,5,17468.815447
-662527.338768,8,17468.977559
5146428.838378,36,17469.717597
4916475.93002,48,17470.696585
-482229.462889,5,17470.795271
-477137.144031,5,17470.901806
4966200.394877,38,17471.621091
3863010.081045,53,17472.641858
-673633.825789,8,17472.841307
-453428.456722,5,17472.9354
-496538.022764,5,17473.037479
-846453.170655,10,17473.235438
5124368.853433,36,17473.957856
-496161.594766,5,17474.060569
-494630.133208,5,17474.15462
5082734.530505,36,17474.876776
-650458.168584,8,17475.022829
-479716.970844,5,17475.116705
-490072.068863,5,17475.211029
-765236.269318,9,17475.375276
4434032.836275,45,17476.246058
-651522.149077,7,17476.377907
6026575.525534,68,17477.738824
4034959.745561,53,17478.850634
5051632.383571,39,17479.592017
-631775.815124,7,17479.724781
-474095.616503,5,17479.817262
5405146.955368,26,17480.317486
-494807.94521,5,17480.41995
5400818.905452,29,17480.989471
5395602.480544,31,17481.586525
4958013.2556,51,17482.547763
5013855.046615,37,17483.334382
5302979.433888,33,17483.991269
4504494.066779,45,17484.855582
5247165.346923,38,17485.604533
5144990.20176,39,17486.334593
-487552.962309,5,17486.424262
-493280.734076,5,17486.51005
4869551.425701,38,17487.191382
-710257.567497,9,17487.346383
-731722.742039,9,17487.505489
-494255.999783,5,17487.597925
4946449.390433,38,17488.280143
-502567.49543,5,17488.379306
5039431.320404,37,17489.070035
5298088.502116,39,17489.841403
4948368.893343,42,17490.583231
-490381.034284,5,17490.676039
5301291.865196,34,17491.26484
-812811.472557,10,17491.447513
-479095.092777,5,17491.53717
5283204.312443,31,17492.136216
-568694.561641,7,17492.260427
-502749.881503,5,17492.354188
5423335.572725,28,17492.860818
-646271.799763,8,17493.011838
4811252.309649,40,17493.782023
-681935.979715,8,17493.933743
-490658.553289,5,17494.032032
-492419.653779,5,17494.129322
-678345.519792,8,17494.277156
-617308.46027,7,17494.40389
4994574.622534,44,17495.200533
5103534.781736,35,17495.834065
-946250.380532,12,17496.048328
4081441.776268,50,17496.909074
-475369.840836,5,17497.006371
-502677.24176,5,17497.105774
-747714.79029,9,17497.266094
-784961.451429,10,17497.44696
-497348.478265,5,17497.541045
-482661.940592,5,17497.633185
-483218.257188,5,17497.721204
-500362.23053,5,17497.809088
5011653.155456,43,17498.633056
-550825.86481,7,17498.769184
4870528.254388,39,17499.523741
5363600.295448,31,17500.149217
-495555.5243,5,17500.245903
-522550.957262,6,17500.351055
-738205.725893,9,17500.512779
5279307.66698,33,17501.110335
5029695.232226,38,17501.807917
-555647.216676,6,17501.923803
4808257.821163,42,17502.747611
-815699.649999,10,17502.922324
-495510.501902,5,17503.014741
-482858.395752,5,17503.127307
5282551.200893,52,17504.119707
-984635.014242,12,17504.326773
-492529.925198,5,17504.416447
5426682.576405,29,17504.961614
-638737.458568,7,17505.098093
-488067.706385,5,17505.207328
-619116.519092,7,17505.352316
-670023.109748,8,17505.502384
5427633.285945,28,17506.064457
-477907.017079,5,17506.155949
-502100.745192,5,17506.255404
-567702.071157,7,17506.385137
-489777.049484,5,17506.483761
4219069.541362,59,17507.624672
5295050.22094,32,17508.217337
-840441.784914,10,17508.41428
-497629.850997,5,17508.50362
5105763.764108,65,17509.748647
-896644.145131,12,17509.982846
-791448.640528,10,17510.167637
-458363.935933,5,17510.287004
5402090.000676,27,17510.807682
5219803.742199,31,17511.404212
4276611.937581,76,17512.82392
-854796.357943,10,17512.997937
3654725.686649,56,17514.056522
5374746.454159,29,17514.613173
5298674.88304,35,17515.317665
5209231.110777,35,17516.006714
5335129.802519,36,17516.681706
5390856.047014,29,17517.228873
5174991.181108,38,17517.933547
5706645.481986,40,17518.65056
-720539.119784,9,17518.804335
-832546.868161,11,17518.999267
5747218.208439,49,17519.847036
-485468.867311,5,17519.947078
5288504.175215,51,17520.868394
5138911.073948,37,17521.55016
-697283.656807,8,17521.694825
4886872.136311,39,17522.441138
-491473.883791,5,17522.537939
-496683.049059,5,17522.625229
-714398.720772,9,17522.78451
5354734.667262,33,17523.369235
4497558.98586,44,17524.191987
-502606.332249,5,17524.285321
-484619.675965,5,17524.385921
5310820.564089,31,17524.949385
4961518.949666,37,17525.63744
-635186.439369,7,17525.759856
4015273.366264,53,17526.745105
5162025.07025,37,17527.421809
-502748.644022,5,17527.520431
-487733.556796,5,17527.614173
-927339.344617,11,17527.823496
5190005.253287,32,17528.439972
-746772.813625,9,17528.635688
5412694.199503,24,17529.129328
-486295.852003,5,17529.225116
-617012.955466,7,17529.374753
5413434.775474,29,17529.921728
-697275.483228,8,17530.083749
5404472.79109,30,17530.643522
-855659.706713,10,17530.836232
5345267.177663,28,17531.378167
-880278.64196,11,17531.58151
-1247736.654133,16,17531.87808
4237078.972289,48,17532.804395
-456913.297372,5,17532.894695
-496353.231372,5,17532.986316
5137361.894409,49,17533.911885
-496062.978987,5,17534.002812
-502874.32809,5,17534.100891
5404212.615814,28,17534.615893
-482181.522193,5,17534.707535
5230339.321963,34,17535.336192
5337884.817378,46,17536.238122
5396270.799515,30,17536.783925
5292932.37956,38,17537.491027
4868463.353598,36,17538.174509
-522528.344985,6,17538.287625
-568571.827168,7,17538.415781
-483009.560587,5,17538.513076
-495296.035503,5,17538.60647
5378239.636895,30,17539.208581
5408399.938546,47,17540.07486
-481016.701667,5,17540.169329
-502232.592145,5,17540.266415
5119547.278879,33,17540.872152
5195463.903429,40,17541.621639
5226478.759568,33,17542.238134
-560467.638261,6,17542.353477
5298591.083813,38,17543.059153
-488368.362993,5,17543.147077
-594444.145246,7,17543.281371
-873017.210227,10,17543.478665
3853088.892505,60,17544.703355
-909216.402843,12,17544.930512
-501923.04282,5,17545.02335
5331777.193562,32,17545.585966
-499343.384161,5,17545.669145
5303692.076084,36,17546.297937
-646711.395882,8,17546.435643
-472619.656287,5,17546.526946
5362088.025406,32,17547.079012
-1326210.550156,16,17547.357861
-727596.142152,9,17547.51344
-675677.244096,8,17547.645379
-483820.46892,5,17547.727272
4139102.764731,61,17548.792814
-849788.003291,10,17548.95967
-483564.954846,5,17549.048849
-489512.559308,5,17549.141838
-610731.191134,7,17549.295589
-502092.48774,5,17549.391721
4364662.934414,51,17550.359238
-634364.806041,8,17550.506378
-618324.362043,7,17550.630616
-481385.132104,5,17550.722106
-463863.965942,5,17550.813143
5371060.892846,30,17551.373289
-482803.233623,5,17551.469804
5011172.950257,36,17552.131608
-476957.125065,5,17552.22973
-498343.367353,5,17552.329244
-627320.015986,7,17552.454546
4876261.29026,60,17553.510583
-501348.035444,5,17553.601712
-502769.655544,5,17553.692618
-501940.011712,5,17553.779941
5414067.38793,29,17554.277798
-486404.996714,5,17554.368963
4922953.467366,38,17555.059805
-937617.721032,12,17555.293376
-493353.315431,5,17555.389074
5394950.380796,32,17555.981816
5302450.545229,38,17556.698517
-712599.464757,9,17556.862018
5394595.641991,30,17557.439935
5423202.931683,27,17557.9223
5324847.205834,42,17558.671143
-476464.084015,5,17558.757623
4955729.326448,37,17559.402369
5221365.120958,33,17560.000539
3662413.390825,59,17561.064759
-500533.642227,5,17561.161392
-499978.353289,5,17561.260552
-683276.771097,8,17561.412098
5180942.002997,53,17562.420645
5133884.318439,35,17563.080777
-520401.495497,6,17563.188549
-669122.516678,9,17563.350541
-479148.645055,5,17563.444315
-502659.381084,5,17563.535635
-498119.181244,5,17563.626029
-497156.976977,5,17563.711805
5466173.185955,43,17564.471971
5250918.510811,40,17565.199804
-483494.591733,5,17565.286144
-470324.321124,5,17565.374362
5159463.882975,33,17565.970333
-501239.187276,5,17566.069782
-492229.812097,5,17566.167984
-499888.999375,5,17566.270539
-775091.252101,10,17566.470113
5301690.92061,35,17567.145084
-741088.48326,9,17567.311696
3564303.996897,57,17568.363614
4955147.270111,38,17569.05896
-516939.107314,6,17569.191586
-489931.561072,5,17569.281139
-486182.185103,5,17569.372808
4896980.844912,40,17570.090025
5331817.936213,38,17570.751388
-490947.12037,5,17570.837428
5298853.609459,35,17571.452414
-502866.624883,5,17571.544453
-1145126.709983,15,17571.80793
4801640.692157,40,17572.547667
-492949.549918,5,17572.651007
-475887.59175,5,17572.746898
-516394.971262,6,17572.867238
-498319.363879,5,17572.963472
4870375.304478,42,17573.788637
-1064750.869716,14,17574.049659
-755261.002195,9,17574.226724
5193142.759499,38,17574.950384
5204173.881129,36,17575.653505
3746169.44406,54,17576.6785
-493557.552351,5,17576.771227
-551786.844726,6,17576.883769
4825655.952865,43,17577.691065
-710270.173002,9,17577.860888
4917940.322953,40,17578.653728
5376888.379757,34,17579.301913
5341923.89478,32,17579.927715
-502154.30182,5,17580.04378
-499809.608508,5,17580.165028
-493491.854927,5,17580.262293
5226817.190887,39,17581.035717
-489137.790047,5,17581.138176
5166958.349516,34,17581.790876
-800935.133383,10,17581.970332
-489287.537282,5,17582.06567
4910574.48625,39,17582.791356
-470867.82163,5,17582.881636
-792845.206823,10,17583.077559
5062559.271608,37,17583.819916
5447568.943537,28,17584.347544
-1231033.968259,15,17584.629751
5347112.015619,33,17585.251457
-745556.785022,9,17585.422684
-472622.455593,5,17585.520652
-908447.781761,11,17585.730322
-653466.042409,8,17585.885717
-495266.04235,5,17585.985765
-502690.019189,5,17586.089032
-478342.391221,5,17586.179989
-486879.528739,5,17586.271568
5537955.125723,75,17587.663353
4710538.422422,44,17588.46087
-498417.372819,5,17588.548433
-491021.514437,5,17588.640448
5332940.346836,31,17589.202736
4848312.885567,37,17589.89365
-851258.583122,11,17590.102277
-491666.046557,5,17590.191505
5325895.048899,32,17590.816192
5312211.980152,38,17591.561801
4854055.460194,40,17592.287111
-492763.506124,5,17592.383061
-574702.062056,7,17592.527142
-498781.725003,5,17592.622637
-1072513.177678,14,17592.867741
-483070.635782,5,17592.953706
5506693.906145,40,17593.680056
-458205.855974,5,17593.772183
4985207.351545,38,17594.498005
-502439.700107,5,17594.612738
-747650.087694,9,17609.730976
4563311.662308,46,17610.564458
-489841.545073,5,17610.652856
-501337.07176,5,17610.74096
-500645.85677,5,17610.834128
5309950.931234,38,17611.551031
5561133.67358,62,17612.794809
-664906.456472,8,17612.957165
-603315.928828,7,17613.091429
-492488.830129,5,17613.196675
-488849.757095,5,17613.289877
5463796.288608,47,17614.239342
5393070.842882,27,17614.777722
4093224.720569,61,17615.932157
-490521.627319,5,17616.029529
-496940.827793,5,17616.13832
-490841.340624,5,17616.240184
-729572.808092,9,17616.429619
-512501.06241,6,17616.551926
4877376.229654,39,17617.348621
5044328.688148,37,17618.04138
-696506.501749,8,17618.186295
-938383.993911,11,17618.373375
4515742.890807,44,17619.193311
-629905.083288,7,17619.31858
5097168.371059,35,17619.949121
-502664.053558,5,17620.044315
5229543.098915,35,17620.691324
-479891.496418,5,17620.781225
-498958.036377,5,17620.871825
-502395.614075,5,17620.960253
5223700.747016,35,17621.603389
4945440.50451,39,17622.316669
4841302.213691,42,17623.060095
-495003.373229,5,17623.157529
-655146.841489,8,17623.322089
5101835.9889,43,17624.141696
-477351.116297,5,17624.231778
-950466.928673,12,17624.441356
-679561.345062,8,17624.586659
5422492.688519,25,17625.013658
3822965.781366,53,17625.929921
-662187.679013,8,17626.071728
-497760.71431,5,17626.162856
-490541.734442,5,17626.246306
5187683.142854,36,17626.858893
5111514.500282,62,17627.923507
5418417.158984,35,17628.550787
5794376.554537,45,17629.343246
5075060.894703,36,17629.985278
5175711.577823,35,17630.607393
5367040.905503,34,17631.220271
4533382.442594,44,17632.051054
-596627.304975,7,17632.192843
4897846.849539,41,17632.941196
-497733.518428,5,17633.025378
-489118.204967,5,17633.112034
5061078.322129,34,17633.699917
-500150.71646,5,17633.78796
-475208.625789,5,17633.876327
5375454.33104,28,17634.384319
4420814.160969,47,17635.252649
-487087.131202,5,17635.348545
5368714.280036,45,17636.196235
5272740.726804,33,17636.855646
5555820.19693,50,17637.80329
5110207.581868,49,17638.753383
5201329.764649,35,17639.440651
-721987.099799,9,17639.613614
5100588.049726,35,17640.260755
-1097437.161899,14,17640.506343
4997677.435561,36,17641.177562
5376054.402254,30,17641.755071
-489475.766362,5,17641.854219
5372472.123547,58,17642.920113
-521082.413356,6,17643.035419
-968214.235764,12,17643.26628
-856660.839208,10,17643.450925
4582969.011473,42,17644.236031
-493650.540274,5,17644.330649
5413601.226707,26,17644.824012
-493419.182267,5,17644.920077
-708331.586676,9,17645.077658
-492858.099282,5,17645.166169
-560269.953866,6,17645.279545
-496836.031663,5,17645.376338
-487404.610484,5,17645.470994
-502644.194673,5,17645.585848
-515740.218751,6,17645.705454
-487666.988178,5,17645.801916
5405166.00279,67,17647.016223
5284956.559829,32,17647.58543
-631051.136943,7,17647.703198
4961838.763373,38,17648.402393
-572296.285631,7,17648.536684
5052664.981368,36,17649.23963
-479006.726453,5,17649.324924
-485058.301137,5,17649.418064
-602091.128,7,17649.548583
4815676.372321,41,17650.366651
-512113.451777,6,17650.475496
3679881.183225,54,17651.55793
-524166.294289,6,17651.680248
4879179.080061,40,17652.468693
-491446.113724,5,17652.561057
-502433.490762,5,17652.650898
5445493.871563,30,17653.232692
4694252.948617,43,17654.082326
-491905.359191,5,17654.188387
-494022.067406,5,17654.286818
4987998.383287,36,17655.012163
-487827.53554,5,17655.104322
-497282.083497,5,17655.195542
5338536.19831,32,17655.786129
-482959.820906,5,17655.885312
5107240.205503,37,17656.587869
-493408.291011,5,17656.6819
-1039427.104204,13,17656.93751
-493549.416324,5,17657.028104
5581979.855992,48,17657.928232
-1012398.497372,13,17658.184656
-723844.733541,9,17658.367174
5345845.049146,35,17659.078665
5076306.935927,36,17659.736427
-495509.198519,5,17659.825176
-493347.78156,5,17659.916343
5364396.691714,32,17660.521538
-482670.421277,5,17660.618699
-486560.815109,5,17660.713681
-478675.150015,5,17660.804538
-499778.951361,5,17660.904932
-481706.625887,5,17661.005382
5413042.299082,26,17661.505641
-502821.324807,5,17661.615764
4459815.823611,44,17662.522832
4905965.554234,38,17663.260676
-496171.308141,5,17663.353018
-499463.142299,5,17663.444814
-813627.331672,10,17663.624624
5678256.876022,54,17664.712256
5344339.407142,37,17665.476428
-468735.16306,5,17665.578042
5031027.133667,38,17666.355696
4662442.367474,58,17667.516083
-498752.119918,5,17667.625614
-717024.448855,9,17667.8041
5289512.103809,31,17668.436195
4819445.521266,39,17669.236152
4941098.870734,37,17669.944436
-476377.845676,5,17670.044214
-503041.945742,5,17670.140699
-518339.039919,6,17670.253683
-485892.011184,5,17670.343525
5426704.811805,27,17670.849735
-496962.337907,5,17670.949113
-465680.733541,5,17671.057045
5297303.970272,36,17671.758598
-641652.647803,7,17671.900618
-675650.037985,8,17672.06685
-823461.348264,10,17672.270956
-486392.893459,5,17672.36927
5448270.324998,26,17672.904557
5281090.621463,33,17673.581649
-722111.069487,9,17673.752439
-461763.16646,5,17673.843949
5095865.576614,35,17674.465409
-565805.295301,7,17674.599683
-617135.299596,7,17674.731238
4871157.583092,42,17675.587376
-822421.236676,10,17675.786657
-500538.074504,5,17675.880125
-488323.764218,5,17675.976267
5398633.615204,29,17676.520131
5063695.587017,37,17677.271636
-474792.171089,5,17677.364969
5341897.190816,37,17678.086013
5276403.394744,34,17678.770073
5410431.875564,26,17679.28465
5161500.583752,35,17679.964835
-831059.434241,10,17680.17498
-568108.136921,7,17680.307656
-1006782.793483,12,17680.562512
5388977.807381,45,17681.467007
4953989.766036,38,17682.170674
-706944.321897,8,17682.321883
5213795.24739,38,17683.02475
-720612.019886,9,17683.196215
5189944.280865,50,17684.136204
-491161.61045,5,17684.24188
-734002.736265,9,17684.404498
5659217.629699,49,17685.39506
5400278.538567,38,17686.11854
5381298.242232,35,17686.78723
-492145.233133,5,17686.878017
-801327.500202,10,17687.067803
4464331.403018,47,17687.963977
-517142.702232,6,17688.075867
-480163.994396,5,17688.176049
3774133.344446,57,17689.272246
-492542.724235,5,17689.376465
5366042.816178,29,17689.925515
-498909.68495,5,17690.017318
-482334.729832,5,17690.117632
-569541.8715,7,17690.264126
-708213.928298,9,17690.435948
5042949.579432,35,17691.118323
4765513.176273,38,17691.860949
5232094.197923,54,17692.882623
-615962.451753,7,17693.023518
4950222.491708,40,17693.792212
5060379.830879,35,17694.47205
4936977.548607,39,17695.257406
-783575.997888,9,17695.450042
-473529.093603,5,17695.54801
-929738.212433,11,17695.777274
3978349.463083,51,17696.778951
-483294.169537,5,17696.87027
-503191.914538,5,17696.96366
5758122.242672,51,17697.899916
-502135.460783,5,17697.98998
-494746.742155,5,17698.0835
4231183.469322,48,17698.918418
-662103.683631,8,17699.053114
-502565.676712,5,17699.137919
-463884.637782,5,17699.23358
-708705.238792,9,17699.390048
-502481.796702,5,17699.479142
-676657.774548,8,17699.634346
5381260.836141,29,17700.161618
-680575.280479,8,17700.318589
-747353.66165,9,17700.483205
-480121.548728,5,17700.572477
3938175.777633,53,17701.561039
-502513.527494,5,17701.658122
-475015.074692,5,17701.747927
-491029.576051,5,17701.83788
-487944.463714,5,17701.938739
5028987.84534,38,17702.677207
4392595.179275,46,17703.538372
5145661.146968,63,17704.756881
5408479.27944,24,17705.220876
-1142023.971465,14,17705.49185
5348587.70749,33,17706.123589
4897741.431757,40,17706.883085
-500991.176319,5,17706.971077
5207573.970602,33,17707.538136
-484749.843595,5,17707.627105
5344026.654408,30,17708.154809
4236756.606675,48,17709.034463
-639654.153604,7,17709.164821
-573334.763046,7,17709.292639
-664611.060947,8,17709.441197
-622544.865727,8,17709.597064
5393416.197403,49,17710.532262
4458134.795202,53,17711.505496
-655930.86542,8,17711.650022
-481854.805339,5,17711.740697
-487807.343918,5,17711.83531
5549685.426924,77,17713.291132
-491841.299082,5,17713.384761
5299359.264137,41,17714.153836
5292587.437248,34,17714.787095
4822675.382551,39,17715.522564
5369983.950824,36,17716.203414
-518657.484459,6,17716.313786
4099440.453391,50,17717.261813
4962351.283374,39,17717.998315
4258060.37761,48,17718.902999
-603539.305614,7,17719.020411
5383374.342186,34,17719.607068
-464693.107835,5,17719.692208
-626341.404345,7,17719.816927
-810322.569794,10,17719.992786
-788106.948746,9,17720.161602
-502441.603632,5,17720.254271
5383973.133817,31,17720.80159
-490638.523395,5,17720.890303
5239234.898157,33,17721.48733
-491572.440402,5,17721.579053
-501054.643418,5,17721.671836
4911088.476793,38,17722.380936
5389010.570818,35,17723.041297
-493826.771801,5,17723.139156
-486395.150898,5,17723.232784
-912797.08848,11,17723.446788
-469352.204009,5,17723.552688
-492690.199199,5,17723.656166
-768370.009707,10,17723.846029
4069348.689828,51,17724.825283
5181953.020499,37,17725.509803
5391585.961649,30,17726.06881
-775097.65193,9,17726.243414
-723992.118579,9,17726.413945
-488192.65325,5,17726.506385
5417925.47547,28,17727.037068
-885570.564642,11,17727.247106
5406093.14398,27,17727.751493
-466228.832421,5,17727.841455
-846791.617468,10,17728.025542
-570699.725923,7,17728.156793
5215801.385389,36,17728.842473
-486044.101711,5,17728.944263
4817113.7707,41,17729.710265
-655612.308069,8,17729.86052
-487575.894252,5,17729.955499
-478093.706527,5,17730.056499
-488785.480504,5,17730.155791
-479091.629531,5,17730.248831
-784887.241252,10,17730.430537
-485704.626707,5,17730.538476
-460378.933362,5,17730.626343
-485603.927677,5,17730.722506
-488211.488129,5,17730.813729
-489558.615826,5,17730.910078
-610336.500676,7,17731.042518
-496118.476474,5,17731.136015
4072541.132022,54,17732.143703
-600490.054164,7,17732.285019
-488554.825192,5,17732.3826
-502956.299354,5,17732.47537
-502615.035236,5,17732.568789
-478256.391631,5,17732.663606
4986633.126825,43,17733.523817
-489319.949718,5,17733.617546
5339219.607194,33,17734.254009
4292387.365211,51,17735.220063
-506189.819459,6,17735.329569
-490553.372898,5,17735.422745
-827664.967813,10,17735.598286
-720644.393352,9,17735.761186
-502559.612444,5,17735.846315
-816609.826593,10,17736.016788
-491139.390243,5,17736.10887
-714104.396716,9,17736.265764
5332823.813591,32,17736.816353
-600045.960413,7,17736.937836
5911958.077458,67,17738.166339
-475368.051948,5,17738.25843
-479489.065793,5,17738.347274
5288426.230902,33,17738.940037
-794354.940678,10,17739.124629
-809338.189677,10,17739.313179
4997773.438505,36,17740.016168
-639228.980456,7,17740.143272
-700758.642978,8,17740.294854
-497070.906735,5,17740.386563
-492574.726195,5,17740.479593
5410566.625499,36,17741.138618
-495498.630985,5,17741.231652
-490894.921492,5,17741.323956
5459723.442362,50,17742.269542
-494301.274645,5,17742.362568
-474583.073291,5,17742.454679
4971875.075059,39,17743.126985
4040623.427662,51,17744.023111
5371351.930699,30,17744.570993
-997077.698001,12,17744.787138
5192753.563384,35,17745.420068
-526591.262873,6,17745.526857
-492497.697521,5,17745.618022
-916148.432109,11,17745.834063
4241134.710892,47,17746.767377
5385602.497327,32,17747.39783
-721727.339421,9,17747.561361
-493456.100029,5,17747.656622
-481279.800831,5,17747.749195
-894783.086279,11,17747.965366
-1166947.073004,14,17748.240896
-488790.77175,5,17748.331205
5150172.753835,36,17749.005689
4952359.453843,37,17749.7238
-492282.429965,5,17749.820939
-613961.996335,7,17749.960443
-569298.000646,7,17750.095086
-464373.833622,5,17750.1966
-499205.870474,5,17750.288196
-495942.518638,5,17750.37965
-710139.397428,8,17750.524127
-502555.819017,5,17750.616835
5412712.934627,27,17751.143509
-760978.470017,9,17751.31459
-502668.046169,5,17751.415067
-929897.660434,12,17751.643502
5213894.274845,34,17752.255749
4205653.953602,56,17753.247218
5339106.590568,40,17753.964337
-481062.800231,5,17754.05619
-495521.997574,5,17754.142879
-498441.325177,5,17754.234037
4151535.616928,51,17755.138846
-673306.457521,8,17755.291734
3141172.214943,66,17756.495878
-629745.866692,7,17756.623163
5313722.677357,32,17757.203028
-501956.856017,5,17757.300227
5323121.402536,34,17757.935744
4549561.955103,41,17758.736255
4879551.064677,41,17759.503246
-502326.191757,5,17759.601658
-495060.87364,5,17759.700992
-803897.007441,10,17759.892592
-672180.885683,8,17760.050802
-499781.569706,5,17760.146321
5423650.332078,29,17760.707175
-769069.417802,9,17760.879682
-476181.455351,5,17760.972662
-495288.570754,5,17761.063468
-817587.381336,10,17761.263129
-491650.079764,5,17761.362461
-795196.338624,9,17761.527929
5584727.784916,38,17762.274389
-860975.419695,10,17762.465873
5421792.858717,23,17762.900619
5477427.575744,48,17763.796673
4925182.42134,37,17764.503089
-488135.355709,5,17764.59528
5332458.712206,36,17765.294082
5811117.601541,47,17766.198028
5436508.967387,32,17766.802183
-455021.13581,5,17766.89426
-708302.899421,8,17767.039302
-743791.255623,9,17767.208712
4794900.656212,80,17768.721931
5221170.459191,35,17769.370731
-462813.541891,5,17769.463231
-495695.909889,5,17769.553898
-492995.153137,5,17769.645832
-480178.797054,5,17769.738982
5001864.605271,38,17770.452723
4975979.175455,39,17771.19163
-482083.809762,5,17771.2873
4544640.977467,44,17772.107293
-919036.44142,11,17772.315814
4899067.672335,41,17773.056203
5393271.56327,29,17773.562991
-493864.323389,5,17773.66174
4135336.708534,50,17774.535022
-905506.310394,11,17774.734969
-772478.148797,10,17774.917517
4808819.46239,40,17775.66658
-949523.576238,11,17775.876983
-835772.913156,10,17776.068059
-465579.420882,5,17776.163841
-662206.056039,8,17776.320819
-777159.708491,9,17776.493506
5413823.279181,27,17777.001932
-494791.618963,5,17777.100412
5403308.474036,29,17777.647209
-494658.693425,5,17777.737391
5414503.761803,25,17778.205556
-963058.109246,12,17778.431565
-461615.078889,5,17778.526338
-832774.396891,10,17778.714608
5136583.123945,35,17779.365205
5422302.417127,26,17779.847691
-584674.086389,7,17780.006034
5417888.211747,41,17780.708557
-488826.486262,5,17780.791694
-486574.477896,5,17780.873319
-741609.220037,9,17781.026616
5263004.923406,39,17781.707576
4438559.078331,69,17782.974742
-838026.993134,11,17783.174928
4762926.945113,44,17783.955804
4292830.659602,47,17784.787517
3677264.989774,60,17785.844204
4849007.522708,41,17786.598033
4440632.709346,45,17787.394108
5538886.169825,48,17788.318133
-489923.167886,5,17788.408906
-492827.367603,5,17788.501322
-911984.625866,11,17788.70648
4404735.932657,45,17789.580057
-503287.039633,5,17789.66641
3827974.439663,55,17790.675938
-503426.163582,5,17790.764894
-502429.953702,5,17790.850959
-491898.450071,5,17790.933673
-457675.92642,5,17791.02372
-479316.063735,5,17791.112797
-485504.1016,5,17791.205687
-899903.72177,11,17791.401781
-471468.828301,5,17791.494598
-916427.999221,11,17791.715728
-739424.519582,9,17791.904771
5385786.426974,44,17792.737632
4977481.669514,36,17793.419364
-492583.881121,5,17793.516691
5112412.357691,36,17794.201756
-502746.204593,5,17794.28915
-800286.357609,10,17794.454795
-482246.492177,5,17794.53962
-475744.613868,5,17794.635969
5267200.374571,41,17795.395984
4374886.159399,44,17796.15568
4235797.048801,53,17797.141507
-699569.332355,8,17797.288434
-520479.848357,6,17797.39866
-487284.703067,5,17797.487101
4928309.383665,37,17798.188976
-478569.651977,5,17798.285674
-502638.400049,5,17798.379604
4879958.887007,38,17799.077001
-494782.181348,5,17799.167315
-724341.589434,9,17799.331967
-647214.779967,8,17799.47125
-943399.723899,12,17799.682804
-1066321.909444,13,17799.907525
-502618.270909,5,17799.998453
-699384.310593,9,17800.152533
4878963.180623,38,17800.828612
3823364.597431,51,17801.745617
5353818.740142,29,17802.274315
-755276.674469,9,17802.435598
-502251.530231,5,17802.52998
-502437.41809,5,17802.622108
5332240.295943,34,17803.278691
5440964.691548,29,17803.83844
-501148.912916,5,17803.929034
-502314.797705,5,17804.023963
-480955.604705,5,17804.117395
-499572.396935,5,17804.209599
-496424.748084,5,17804.299103
-488785.63218,5,17804.390452
5422574.600456,24,17804.842166
5215413.161167,36,17805.497005
-985059.566599,12,17805.715594
5397497.379698,28,17806.214358
-737872.939561,9,17806.367522
-842694.691902,10,17806.547872
-1317867.494182,16,17806.824897
-924410.459683,12,17807.047152
-497815.896713,5,17807.136018
5094451.115181,34,17807.753239
5389993.373591,31,17808.347016
-487516.126652,5,17808.437877
-797183.381961,10,17808.618065
-479197.395889,5,17808.717277
5284977.257574,35,17809.355955
-562179.391557,7,17809.482677
-493151.947875,5,17809.575636
4826799.090497,43,17810.354204
-489452.695822,5,17810.443379
-546524.384099,6,17810.548368
4964784.735913,38,17811.194907
-500891.414074,5,17811.288795
4287321.1638,49,17812.18385
-487912.571645,5,17812.286543
-483022.815343,5,17812.381037
-749654.488227,9,17812.559702
-679586.501707,8,17812.714151
5109775.210726,35,17813.385058
-1084184.087533,13,17813.643068
5160306.48936,43,17814.449902
-482501.751266,5,17814.546186
5427231.960541,25,17815.014743
-498058.73377,5,17815.10659
-584942.017086,7,17815.235783
-499888.318054,5,17815.332061
-850584.708692,10,17815.52118
5025277.321095,40,17816.275025
-792097.200699,10,17816.456534
5325022.017154,32,17817.094621
4933228.996857,37,17817.843869
-700162.303466,8,17818.001343
5323699.920576,47,17818.900192
-475880.802864,5,17818.99641
4564325.988057,48,17819.927916
-745738.536854,9,17820.092277
4028537.153116,55,17821.127076
-502708.585633,5,17821.218405
-1175778.156825,14,17821.487373
5767745.756297,72,17822.835838
3367313.336043,67,17824.079276
-483729.367492,5,17824.168361
5403134.349272,30,17824.73178
5340749.502567,44,17825.542023
-501246.21013,5,17825.632527
5346568.571055,32,17826.226299
-473977.886704,5,17826.326793
-497228.543672,5,17826.425544
-606227.897558,7,17826.556765
-569540.689384,7,17826.68464
4160413.905574,49,17827.575249
-491268.355999,5,17827.66391
-684638.947634,8,17827.804241
5118225.359289,44,17828.574622
-984105.699465,12,17828.796388
5748456.527703,46,17829.602618
-716384.476659,9,17829.770796
-499482.924127,5,17829.862701
5409010.515591,26,17830.349532
-492114.534191,5,17830.44474
-710270.513136,9,17830.605916
-498354.383732,5,17830.698909
-720227.388887,8,17830.847387
5323492.057921,35,17831.49832
-483359.492647,5,17831.592835
5439865.312081,27,17832.126228
-771437.302321,10,17832.328045
-638404.4215,7,17832.468962
-807609.888956,10,17832.662431
-491234.889484,5,17832.75764
5358233.714732,31,17833.357629
-802271.010836,10,17833.552503
-471662.548021,5,17833.648036
-483638.255717,5,17833.74319
-853582.477775,10,17833.9349
5439174.504965,28,17834.48114
-946464.704185,12,17834.710741
-491787.207226,5,17834.805181
-497909.387812,5,17834.902031
-478300.061714,5,17834.998973
-882230.413689,11,17835.202961
-488079.280349,5,17835.293249
-498513.534781,5,17835.383077
-891250.321193,11,17835.576017
3973395.393763,52,17836.505372
-655976.865782,7,17836.631866
3784391.326227,58,17837.682429
-706330.050896,9,17837.85241
-486558.152702,5,17837.944027
5321754.491844,33,17838.558218
-502274.850876,5,17838.651832
5694430.591722,52,17839.636286
-498860.975438,5,17839.731087
-484618.394039,5,17839.821953
5314093.270525,35,17840.485364
5404474.12365,39,17841.217357
3854349.320093,54,17842.229461
-483856.025676,5,17842.32294
-729021.863699,9,17842.492078
4759017.762953,42,17843.280281
5893973.584496,69,17844.585561
5079988.223548,36,17845.282633
5186967.95009,34,17845.948373
4887885.962501,39,17846.698068
-681712.835412,8,17846.851817
5421386.545399,34,17847.512421
-493039.803406,5,17847.611434
-493945.848396,5,17847.70855
-476447.069694,5,17847.805287
-565843.162162,7,17847.93608
-742580.578954,9,17848.117417
5438828.665934,26,17848.620835
-1509699.285151,19,17848.972438
5095430.725678,34,17849.615935
-494025.896834,5,17849.716361
5399139.378189,38,17850.443401
5307418.301177,37,17851.116695
4369907.195914,46,17851.928477
5254079.412094,47,17852.797332
-496738.705422,5,17852.88971
-487527.401973,5,17852.98463
-479931.048419,5,17853.081206
4959437.826699,38,17853.817457
5292445.399575,37,17854.534194
-495776.022467,5,17854.636068
-471756.060884,5,17854.736715
-481672.836485,5,17854.834311
5049222.483389,36,17855.531396
5603157.192481,60,17856.696215
-485039.402836,5,17856.789855
-500288.849802,5,17856.881182
5254011.345835,33,17857.51401
-490107.787317,5,17857.613579
5339089.492155,44,17858.444201
-494641.072594,5,17858.542213
-472774.404606,5,17858.647941
-958830.809359,12,17858.887738
4803343.067996,42,17859.693457
-494824.207646,5,17859.808067
-720478.237552,8,17859.95503
-503098.280508,5,17860.048584
-488586.464288,5,17860.14516
-863791.967242,10,17860.329407
5407240.924557,28,17860.86623
-821755.728324,10,17861.065094
-491078.614481,5,17861.163413
4948326.047635,38,17861.885337
4939501.404135,39,17862.631405
-845969.923477,10,17862.814868
-470057.06794,5,17862.911603
5050910.195393,35,17863.582966
-484828.426441,5,17863.676358
-985684.119886,12,17863.911417
-501224.295987,5,17864.010195
5378499.687694,29,17864.558405
-483410.973614,5,17864.651665
4978504.675222,36,17865.330609
5530986.431787,51,17866.289753
-956512.218572,12,17866.52544
-488791.586421,5,17866.619052
-1113635.413882,14,17866.882198
4960541.69333,39,17867.619172
4268551.738312,49,17868.540132
4798656.171679,42,17869.336982
-734579.642094,10,17869.519458
5303283.909843,32,17870.13705
-610615.43545,7,17870.274724
-496047.20726,5,17870.364956
5209347.425402,32,17870.972087
-687521.057817,8,17871.116067
-599160.131751,7,17871.247506
5625862.746308,72,17872.624125
-491134.807244,5,17872.715826
-859279.851151,11,17872.92543
5405907.455621,29,17873.477136
-1076027.394673,13,17873.725124
-1221651.610284,15,17874.01106
-698818.280976,8,17874.161393
-482350.58014,5,17874.256945
4869205.313243,40,17875.001317
-792801.604505,10,17875.232584
5422204.461988,29,17875.751812
-818001.250205,10,17875.929926
5295723.390749,36,17876.58586
-722823.633232,9,17876.746031
-939970.569926,12,17876.968657
4224670.623697,47,17877.881583
-498850.021294,5,17877.978882
5258181.522959,37,17878.728782
-471956.920928,5,17878.834871
-607218.777203,7,17878.97071
4235322.80222,48,17879.926195
5195439.667049,35,17880.625245
-498303.154157,5,17880.728966
5061353.213387,36,17881.444502
4916178.975656,38,17882.20544
-882208.197904,11,17882.407167
6161688.276583,87,17884.106132
-478330.084756,5,17884.199864
5109448.140199,36,17884.90441
5275178.518155,47,17885.81688
3584066.272532,64,17887.062859
-476179.77183,5,17887.16533
-497615.274517,5,17887.266346
-1050276.236183,13,17887.532852
-702026.410796,8,17887.700027
-710662.639385,8,17887.856755
4988166.872902,40,17888.644326
4921071.948732,40,17889.447094
-485336.549742,5,17889.551219
5467905.472458,36,17890.320323
4377935.883506,49,17891.233121
4445766.495577,78,17892.745884
5099485.096898,37,17893.43932
-495744.512955,5,17893.52309
-736994.909109,9,17893.688695
5396448.01714,31,17894.274274
-604814.2684,8,17894.415437
-884664.561714,11,17894.640363
5415520.73416,35,17895.310404
-488938.891281,5,17895.413776
-640627.931936,7,17895.544087
-499333.165238,5,17895.64003
-583166.353537,7,17895.770884
5065877.932993,38,17896.484991
5066918.883681,35,17897.127628
4733179.0088,42,17897.911341
-473621.336859,5,17898.015532
4834375.429141,40,17898.824121
-502792.861978,5,17898.929205
4877314.887638,38,17899.689963
5369950.415692,31,17900.295899
-480093.055471,5,17900.398379
-599977.890085,7,17900.532454
-621200.920906,7,17900.672791
5418146.155688,27,17901.19963
-690868.587341,8,17901.360821
5397326.609876,41,17902.210886
-480339.820757,5,17902.321695
-486578.807655,5,17902.418263
-548069.494664,6,17902.532302
5384253.267255,32,17903.172109
-477718.428454,5,17903.281125
4493398.162125,44,17904.193862
4578646.274513,45,17905.142991
5292590.29502,34,17905.841156
5582008.59697,68,17907.245966
-502489.069233,5,17907.35339
5393224.15826,26,17907.859565
-864956.192236,10,17908.063787
-558989.974799,7,17908.208613
-489358.970154,5,17908.310534
5077256.058593,33,17909.000482
5344527.181014,35,17909.723526
-814835.969247,10,17909.923741
-892937.782986,11,17910.141073
5356862.986862,33,17910.820047
-489544.130223,5,17910.915327
-726617.361577,9,17911.101545
5372011.325677,31,17911.711576
4452322.605573,46,17912.615822
5250045.812902,44,17913.499332
5400449.136608,30,17914.099342
4930762.398988,37,17914.859779
-773494.303406,9,17915.046769
4851628.660791,43,17915.925709
5312334.634216,33,17916.592716
5270700.07048,57,17917.726251
-859101.528765,10,17917.939991
-470548.724221,5,17918.039812
5072375.175485,35,17918.768764
-732764.015658,9,17918.949342
-486121.834946,5,17919.051656
4337321.203933,47,17920.004205
-502431.9199,5,17920.110346
4882326.550901,41,17920.976391
5314870.831093,30,17921.591399
3815281.140099,51,17922.636366
-487987.477416,5,17922.743528
-764782.976703,9,17922.93432
-724898.679036,9,17923.119724
-494057.039744,5,17923.221823
-472909.960112,5,17923.329902
-523845.922272,6,17923.445971
-1087918.887636,14,17923.724467
-502513.345504,5,17923.826775
-1027743.874717,13,17924.102713
5133935.381364,39,17924.928312
-484344.608249,5,17925.033251
4523091.820144,45,17925.936496
-505385.016933,6,17926.061654
4977674.093192,36,17926.79152
4871917.450848,41,17927.621057
-467132.357042,5,17927.729424
-697516.497229,8,17927.89258
-794970.912487,9,17928.071806
-498901.154048,5,17928.178721
-502369.70423,5,17928.280418
-497115.737455,5,17928.378875
-487409.496833,5,17928.472923
-483311.785684,5,17928.575555
-911900.618158,12,17928.826239
5022622.751576,37,17929.578447
4207300.593008,49,17930.553516
-493860.400465,5,17930.645386
5083554.54154,37,17931.369318
-502381.297201,5,17931.462597
-497323.989052,5,17931.558998
4157509.180739,49,17932.542286
5151041.54643,39,17933.286208
-494899.179677,5,17933.376544
-985187.844566,13,17933.621266
-887965.846509,11,17933.821223
5155897.400237,36,17934.526205
-723131.65118,9,17934.707036
4945046.860377,38,17935.464271
-479295.581491,5,17935.564976
5366680.563557,32,17936.206963
5165997.158736,38,17936.965307
-499509.84559,5,17937.061709
5064881.792693,52,17938.054914
-720699.017416,9,17938.22495
5361849.071332,32,17938.846025
-486217.147434,5,17938.938095
-482978.356481,5,17939.029137
5059208.878076,36,17939.707513
5307559.177497,40,17940.467417
4239724.529534,49,17941.37279
-496336.563899,5,17941.464922
-469972.913115,5,17941.555162
5336212.089619,32,17942.131495
-895823.584032,11,17942.350994
5285113.401101,58,17943.442302
-862642.86717,10,17943.6286
5104190.297685,35,17944.290775
5038926.41931,40,17945.078415
5243699.158849,33,17945.725509
5266801.165895,32,17946.340662
5361700.720941,32,17946.950143
-470751.012191,5,17947.039969
5190241.215187,33,17947.667378
-838126.546753,10,17947.85478
-728653.841446,9,17948.019646
-502414.644034,5,17948.114725
5236593.042603,57,17949.19454
-769654.850906,9,17949.370551
5096910.892223,36,17950.04942
-982398.991542,12,17950.290763
-931684.715187,11,17950.511051
-501572.820098,5,17950.608347
-501098.836164,5,17950.708977
-549726.583209,7,17950.84779
-760650.487684,9,17951.020859
-956976.17016,12,17951.253253
-598254.321124,7,17951.384293
-470670.851572,5,17951.480019
-630331.784159,8,17951.638977
-494903.751997,5,17951.738752
-961300.307363,12,17951.960771
-490412.032938,5,17952.059773
-548556.220615,6,17952.173268
4437713.690703,45,17953.034591
-479092.047643,5,17953.129212
5382264.348933,29,17953.681136
-677610.614779,8,17953.827665
-785540.118586,10,17954.01719
4904843.074754,36,17954.684906
-489843.370999,5,17954.779184
5029907.694489,38,17955.503411
-811412.174861,10,17955.688252
-500735.575463,5,17955.786147
5336820.721085,31,17956.433439
-482873.221259,5,17956.530139
5394648.578542,27,17957.021132
-707805.226919,8,17957.161563
5325525.235102,31,17957.724338
-501019.45794,5,17957.814831
-589603.609206,7,17957.940145
5030267.191377,35,17958.573157
-485085.385298,5,17958.664857
-813561.701077,10,17958.854457
-487957.399348,5,17958.9441
5625479.399308,45,17959.788723
-1116002.279959,15,17960.075636
-706032.853489,8,17960.222916
-490422.680138,5,17960.31454
3829562.295898,53,17961.339217
-776828.242276,9,17961.513895
5683625.21937,37,17962.215657
-484268.504858,5,17962.309591
-1421244.630576,18,17962.650167
-134215.818037,7,17962.786747
4464372.369218,45,17963.653519
-493184.377173,5,17963.750154
-487455.872532,5,17963.849782
-828142.539296,10,17964.044361
-483524.249979,5,17964.14682
4867828.796766,38,17964.901368
-487903.24068,5,17965.009815
-763805.176742,9,17965.198447
5282214.594303,31,17965.826066
-496944.191726,5,17965.922519
-491617.881994,5,17966.022647
-496667.858832,5,17966.118764
-494749.963289,5,17966.214805
-481072.078563,5,17966.315357
-502357.987658,5,17966.439919
-488937.168574,5,17966.53834
5227689.174268,32,17967.158392
5243500.432562,33,17967.801047
5333985.314792,34,17968.458459
-1029515.726649,13,17968.718055
-800837.404382,10,17968.916484
-719485.686084,9,17969.089447
-740265.436605,9,17969.265569
5102974.465221,38,17969.991529
-667326.011699,9,17970.159546
4951620.309164,39,17970.894432
5346053.301328,36,17971.586719
5418117.362935,27,17972.090002
-502874.992231,5,17972.189487
-633277.135469,7,17972.32429
-495484.351224,5,17972.424685
-480499.267046,5,17972.531647
-481358.503107,5,17972.630728
5284314.549088,31,17973.23247
4432377.803558,47,17974.13961
-606102.595082,7,17974.267639
-476489.93606,5,17974.362145
-498174.89008,5,17974.450215
-716045.243092,9,17974.620967
5381455.78722,33,17975.236663
-495665.406812,5,17975.330127
5301476.112633,40,17976.094833
-489254.164956,5,17976.189741
5136170.123065,36,17976.880824
-483821.240083,5,17976.986328
4763779.743699,41,17977.803584
-739017.152358,9,17977.974725
-600010.153443,7,17978.104196
5313544.65866,31,17978.706468
-642865.262107,8,17978.861176
-480181.174927,5,17978.95329
-702109.617867,8,17979.104309
-497175.330571,5,17979.194926
-499447.227967,5,17979.289062
-494728.514673,5,17979.383149
4256373.10617,47,17980.239471
5044887.20612,37,17980.904609
-795614.065502,10,17981.082467
-750587.50534,9,17981.243752
-715632.944035,8,17981.401175
4564089.784011,52,17982.417818
-495094.18712,5,17982.506009
-988954.066033,13,17982.729723
5089320.59389,33,17983.312237
-710986.961635,9,17983.481502
-568218.623878,7,17983.605474
5320593.809299,32,17984.20432
4554216.577717,43,17984.989506
-487531.357776,5,17985.086235
-859134.41324,11,17985.292966
5353972.200267,30,17985.866746
-560301.553383,6,17985.987113
5364864.365491,31,17986.58896
-509222.580236,6,17986.701444
4941892.283962,38,17987.426727
-493775.131957,5,17987.521899
5207362.11905,33,17988.152728
-478973.232312,5,17988.247475
5340089.150318,34,17988.908639
-495362.956614,5,17988.999614
-903840.569651,11,17989.219266
-502615.754756,5,17989.310716
-484554.807399,5,17989.40499
-982714.393817,12,17989.630376
-1134649.47081,15,17989.908055
4806482.434251,42,17990.726454
-501742.193348,5,17990.814952
5253784.844837,37,17991.554535
4449130.298667,51,17992.555382
5141109.926853,36,17993.25899
-490949.330543,5,17993.363668
5292773.841136,38,17994.095069
4978805.365462,39,17994.82257
-469703.810193,5,17994.916343
5062462.5515,37,17995.589469
5267778.777773,34,17996.201322
-609312.095452,7,17996.324848
-709948.788849,8,17996.466332
-586404.689648,7,17996.59492
4880333.787805,39,17997.308849
-660718.967531,8,17997.457242
-498012.066411,5,17997.554623
3765718.410528,75,17998.979377
-460864.800104,5,17999.072951
-676039.4383,8,17999.221746
-682080.775509,8,17999.377145
-493668.106414,5,17999.479458
-1060430.614637,13,17999.731685
-472000.646529,5,17999.824877
5003509.312756,38,18000.525381
-477981.409713,5,18000.618849
-484654.1219,5,18000.71405
-484331.58195,5,18000.799824
-492034.036472,5,18000.88561
-476281.840404,5,18000.971882
-738562.603377,9,18001.126348
-480930.781816,5,18001.214331
-495873.839274,5,18001.302098
4996788.932628,37,18001.970567
-495204.782283,5,18002.055561
4842724.826219,43,18002.811622
4925313.13788,37,18003.464072
-674646.03586,8,18003.606544
-495091.919947,5,18003.700642
5246884.998718,33,18004.307084
-501599.608237,5,18004.404075
5370198.294427,37,18005.10272
5143823.387713,34,18005.740075
-502598.65234,5,18005.838155
5196711.543894,32,18006.450898
-614839.462156,7,18006.581044
4698170.210003,43,18007.38692
-1339198.141168,17,18007.705871
-838261.946188,10,18007.893943
5384982.596713,71,18009.248518
-626833.909324,7,18009.377696
-492067.944072,5,18009.476187
-488257.304995,5,18009.567801
5130269.553975,35,18010.239162
4342390.481722,92,18012.037831
-488646.460933,5,18012.130894
-559749.362617,7,18012.258496
-596375.200232,7,18012.392884
-501928.923123,5,18012.494408
-597301.618754,7,18012.632521
-467567.716477,5,18012.729168
5198452.303645,43,18013.537348
5591771.080891,47,18014.445138
4874911.564671,39,18015.229316
-957271.339504,12,18015.461513
5196752.715251,34,18016.058286
5373481.467012,32,18016.658588
4696823.860228,42,18017.517858
-596639.922454,7,18017.648928
-483952.605063,5,18017.737833
-485532.635801,5,18017.823495
-492735.937874,5,18017.907222
-811750.39681,10,18018.0783
4080424.598074,52,18018.975692
4229430.905012,50,18019.893331
-497494.975345,5,18019.982875
4327850.002677,59,18021.089175
4932334.822172,38,18021.838796
4893074.618308,41,18022.712941
5214507.013743,38,18023.454655
4818750.335159,40,18024.21119
5315322.88306,33,18024.821369
-454494.24785,5,18024.916644
-734965.521139,9,18025.081655
4984134.915154,41,18025.853684
-570235.393698,7,18025.989351
-771116.378899,9,18026.151839
-490123.223041,5,18026.277825
-773665.649187,9,18026.486949
-457768.561801,5,18026.584199
4369575.960814,48,18027.46547
4402075.032314,46,18028.295724
5002333.865012,38,18028.999285
-502436.293706,5,18029.092244
-931565.829115,11,18029.282012
-494697.159655,5,18029.373248
-811807.076414,10,18029.564029
-485392.573001,5,18029.654676
5361612.342624,39,18030.402839
5311190.67728,33,18031.034476
-502138.394525,5,18031.155289
-491153.019441,5,18031.256708
5055370.160919,38,18031.971093
-819099.211386,10,18032.161357
5350063.403877,29,18032.705774
-609932.195832,7,18032.827718
-638206.307687,7,18032.951553
-712556.728849,8,18033.09942
-664990.648538,8,18033.254004
-500263.114087,5,18033.383992
4700320.256515,43,18034.161888
-955224.809675,12,18034.382546
5420850.337748,25,18034.857457
-572773.465963,7,18034.991301
-472259.060886,5,18035.092183
-483987.335786,5,18035.183649
-466624.778802,5,18035.275447
4414788.050372,47,18036.138809
-498388.118059,5,18036.228499
4841659.199083,43,18037.04266
5187902.072496,36,18037.752815
-724231.750079,9,18037.927901
-502288.057453,5,18038.026081
4261974.736492,64,18039.24875
5198619.860214,36,18039.926439
-472332.548391,5,18040.025014
4856784.061814,40,18040.775194
-670290.817353,8,18040.925426
-475562.946838,5,18041.025248
-502559.36481,5,18041.121234
5178863.258351,34,18041.755534
-492158.019302,5,18041.848603
3898677.428287,54,18042.866587
-488899.399448,5,18042.965699
-648102.192996,7,18043.097896
4550861.060788,44,18043.925129
5307567.571967,32,18044.543638
5111685.525971,36,18045.217997
-495950.345582,5,18045.308046
-492281.776508,5,18045.403535
-487672.072495,5,18045.503068
-492841.766313,5,18045.596132
-527056.001516,6,18045.71039
4529736.708606,42,18046.533291
5423350.126702,28,18047.058894
5147851.714426,33,18047.646146
4941534.888452,39,18048.373297
-470459.780227,5,18048.461897
-502083.173886,5,18048.547459
-790875.442857,10,18048.718603
4988358.454794,39,18049.417816
5406406.174009,34,18050.042136
-609867.239997,7,18050.170641
5476387.78819,36,18050.846123
4821567.06098,39,18051.590994
-490382.052508,5,18051.689661
4928307.792323,38,18052.434057
-502432.866492,5,18052.521525
-747801.205594,9,18052.678037
5389193.058566,29,18053.199132
-497033.082613,5,18053.286387
4241917.238308,47,18054.144486
4440404.832234,47,18055.096923
-413774.670074,5,18055.191207
5396667.469659,28,18055.690382
-490367.41515,5,18055.778058
4839853.039546,38,18056.462534
-502978.055243,5,18056.546458
-502051.147862,5,18056.639154
-495548.130257,5,18056.727844
5220356.269183,34,18057.328211
-1252708.898313,16,18057.622516
5299596.144415,36,18058.279572
5300233.669104,35,18058.931377
-502750.29765,5,18059.026597
-488011.327238,5,18059.12508
-494804.884104,5,18059.272203
-666998.424281,8,18059.4298
5289085.345737,32,18060.016947
-1212243.754132,15,18060.290493
-611726.189902,7,18060.436187
5199789.111252,49,18061.300812
4822984.666353,42,18062.06966
-839269.475636,10,18062.246637
5405331.114419,28,18062.746964
-501172.158375,5,18062.833596
5192589.551839,36,18063.473321
-479857.631923,5,18063.558419
-677603.37269,8,18063.709179
-704254.547779,9,18063.863879
-495983.865583,5,18063.951107
5270482.127862,39,18064.639532
6250014.152588,90,18066.279006
-502400.834968,5,18066.369852
-479440.329804,5,18066.461053
3825249.776533,55,18067.452407
-480103.148594,5,18067.547352
-798303.227401,10,18067.735152
5300980.105981,42,18068.512195
5172065.627016,36,18069.15201
5706308.81801,41,18069.891261
-917550.624745,12,18070.101289
-455027.278328,5,18070.189636
-488784.456499,5,18070.282234
-492200.324708,5,18070.379344
5359752.389163,32,18070.956112
-517797.910603,6,18071.067598
-486534.280389,5,18071.165267
-495950.827559,5,18071.261722
-495450.636182,5,18071.359244
-497228.873558,5,18071.452582
5270797.560936,34,18072.092295
4049555.651553,54,18073.114771
5277159.128104,34,18073.76482
-476118.963352,5,18073.855443
-489867.681149,5,18073.948298
-880263.920926,11,18074.157997
-486319.288775,5,18074.259685
-485691.202421,5,18074.356273
-619195.041696,7,18074.498948
-923064.789465,11,18074.705803
-912732.376822,11,18074.924528
4955040.766979,37,18075.625063
5168157.524021,39,18076.383825
-914938.963762,11,18076.597277
5021624.604407,38,18077.330492
-1060754.476925,13,18077.646382
5461986.864986,37,18078.337855
4282889.209187,47,18079.170406
5402059.951893,27,18079.64352
-773675.177136,9,18079.837219
-481938.465291,5,18079.936614
4423471.297271,45,18080.834298
4779917.94694,45,18081.686929
-834310.021178,10,18081.872149
-843880.966509,10,18082.070594
5262792.319034,38,18082.818173
-497043.472629,5,18082.903194
-491507.510235,5,18082.996152
-630940.538842,7,18083.124171
5372090.168392,49,18084.013737
5212311.72099,33,18084.620348
-499896.869369,5,18084.715702
5057910.87058,99,18086.619376
5360278.623473,49,18087.555979
-765229.303859,9,18087.721968
-754988.487014,10,18087.91609
-830868.217874,10,18088.109848
-492279.380664,5,18088.201291
-482990.940924,5,18088.296027
5284947.590039,35,18089.05478
5295322.766691,33,18089.664497
-760809.713853,9,18089.824769
-492512.422971,5,18089.916099
-710459.467041,9,18090.067499
-480273.604466,5,18090.1605
-488291.162267,5,18090.249665
-826237.821515,10,18090.423254
-519618.839216,6,18090.528286
-483849.952854,5,18090.623168
-488401.458634,5,18090.713575
-494498.604505,5,18090.805115
-620570.621681,8,18090.951032
4653804.763743,66,18092.201129
-465403.098101,5,18092.298081
5410574.229327,29,18092.843411
5320963.596827,32,18093.443798
-1304769.510828,16,18093.751349
-205981.441675,8,18093.905453
-494666.221314,5,18094.005025
-820916.213524,10,18094.199215
4038485.039423,54,18095.235576
5385467.626486,29,18095.776513
-724022.141446,9,18095.938108
-709888.777574,9,18096.116336
-482926.776038,5,18096.215238
-480043.726709,5,18096.313916
-594047.244403,7,18096.449457
-495118.269631,5,18096.54008
3771711.032165,57,18097.605395
-463181.570637,5,18097.705467
-641472.255724,8,18097.859071
5444746.60799,30,18098.449444
-498957.132336,5,18098.54479
5256820.356262,37,18099.242171
-493301.130611,5,18099.334271
-492358.048545,5,18099.432887
-493813.286467,5,18099.531918
-487170.38944,5,18099.62308
-485056.964295,5,18099.713117
5466811.011796,41,18100.491151
5341700.424855,31,18101.070306
-637295.383278,8,18101.215629
-484889.503371,5,18101.306778
-491182.563001,5,18101.39885
-483208.686177,5,18101.489823
-614865.786302,8,18101.641336
-500479.802236,5,18101.75101
-484346.988624,5,18101.84156
-1013051.260475,12,18102.097375
4986582.443629,36,18102.787861
-874065.135915,11,18102.983326
5138144.54926,33,18103.570791
-799053.882221,10,18103.743598
5419179.844518,23,18104.142073
5221832.585885,35,18104.77513
-697139.717972,8,18104.923457
-781167.10524,10,18105.107623
-736397.932596,9,18105.270787
-893750.248838,12,18105.49123
-481341.536647,5,18105.58817
5630246.510137,58,18106.665067
-482299.601218,5,18106.755536
-726518.470117,8,18106.903266
-464214.68924,5,18107.000925
-500678.426239,5,18107.09692
3851374.1277,56,18108.170326
4694292.39975,42,18108.915862
4936841.145535,38,18109.586567
-620370.227767,8,18109.725929
4904940.634456,40,18110.444652
-488319.892267,5,18110.536166
-484706.234535,6,18110.641154
-499601.45738,5,18110.728922
-483081.769444,5,18110.81907
5338398.234101,34,18111.433256
4987743.191567,39,18112.161663
-698203.692271,8,18112.307213
5400782.930142,30,18112.874788
-950967.183368,12,18113.107428
5418134.589345,28,18113.66362
5376489.619641,32,18114.260618
-916726.847382,11,18114.481702
-783869.521055,9,18114.653572
-899126.796255,12,18114.877921
-657359.806745,8,18115.028438
-616606.982744,8,18115.177667
-502158.084,5,18115.269484
5319343.49974,47,18116.175729
-707257.306826,9,18116.346885
-479382.803086,5,18116.446225
4259319.167079,47,18117.374147
-669366.094188,8,18117.530706
5386116.622802,34,18118.202981
-501475.312262,5,18118.308193
-476277.00298,5,18118.411094
-1068421.208906,13,18118.667571
4911862.975766,41,18119.489669
5067272.407753,36,18120.215633
5259301.715764,32,18120.827101
-480421.881371,5,18120.923219
4258322.496021,50,18121.867125
-468473.898094,5,18121.971628
-737962.939224,9,18122.152033
5390669.031383,31,18122.759622
-668196.78688,9,18122.943163
-498095.118979,5,18123.051347
5106390.306906,36,18123.767247
-785733.597086,10,18123.965763
-1116526.33231,15,18124.250699
5424624.793236,27,18124.804364
-766978.693122,10,18125.012293
4981886.093504,38,18125.79077
-489958.25562,5,18125.895187
5428296.821153,56,18127.046443
-883906.791918,11,18127.273328
-709925.833847,8,18127.44455
-487425.983517,5,18127.554301
-488258.562142,5,18127.65922
-502439.420642,5,18127.758729
-701367.565812,9,18127.940601
4430151.998192,45,18128.888279
-487721.312477,5,18128.987981
-488408.539257,5,18129.089544
-464292.295108,5,18129.185001
-488924.962776,5,18129.283104
-673004.896565,8,18129.446845
-481553.67365,5,18129.545579
-485437.592101,5,18129.639718
-851487.512025,10,18129.827428
5091449.897568,35,18130.564828
-502085.189036,5,18130.661248
-498851.301141,5,18130.763919
-771611.899623,10,18130.967485
-464093.553007,5,18131.062035
-563260.494433,7,18131.195881
5112108.148376,36,18131.925046
-496997.456326,5,18132.025094
5120481.935055,46,18132.928037
-495036.861982,5,18133.030753
4417439.947079,49,18134.025564
5303919.862335,30,18134.632752
-480748.152398,5,18134.733355
-696612.954649,8,18134.891201
5293727.644671,30,18135.493989
-109097.475193,9,18135.666177
-491573.221169,5,18135.762899
-510836.456192,6,18135.89249
-717083.812538,9,18136.061443
-491704.914015,5,18136.165486
5717790.713404,48,18137.126439
-501903.901545,5,18137.226443
-502873.460752,5,18137.33146
-647656.900903,8,18137.497822
5558631.583279,50,18138.517441
5535274.987743,47,18139.503453
4768512.46699,41,18140.420613
5084428.369634,34,18141.120036
5240894.292561,50,18142.135474
5437496.708349,27,18142.673719
5240865.800776,36,18143.398699
-480107.75686,5,18143.50637
-1067059.36921,13,18143.771478
-475510.514266,5,18143.868936
-780316.810289,9,18144.066161
-776668.744658,10,18144.265204
5408202.555852,37,18145.028369
4854259.885075,42,18145.889293
-1413681.693339,17,18146.240448
-704182.203095,9,18146.430341
5429709.893534,25,18146.933993
-456590.602459,5,18147.043203
5404044.72447,28,18147.613336
4470274.4261,45,18148.519537
5153478.921276,42,18149.387649
-465105.23644,5,18149.494917
5441247.931376,28,18150.062541
4508161.446877,45,18150.940267
4259464.431467,47,18151.887235
-600583.252171,7,18152.034616
5441604.226475,25,18152.562682
-762626.585553,9,18152.737685
-779402.081286,9,18152.920602
5031545.448695,36,18153.660106
-498964.008482,5,18153.766578
-490222.225026,5,18153.872144
-1073418.795664,13,18154.141414
-711613.506991,9,18154.339848
-478216.476176,5,18154.44771
-622092.632053,8,18154.605702
5287987.657967,35,18155.344965
5202103.310078,35,18156.066389
-495362.728574,5,18156.168274
-571969.124993,7,18156.306729
-497931.382,5,18156.405471
-489798.770459,5,18156.515124
-660838.400815,8,18156.674489
-495926.134363,5,18156.775269
-489323.922254,5,18156.872562
5371681.28077,29,18157.421782
-476731.235162,5,18157.51915
-479047.572154,5,18157.618799
-569400.525648,7,18157.753909
-483756.760168,5,18157.846458
-500649.350233,5,18157.935285
5204122.708692,35,18158.594467
5505460.306396,57,18159.705534
5127631.618987,39,18160.518864
-495556.526142,5,18160.611735
-478060.826643,5,18160.707909
5418610.228149,34,18161.333051
4924291.472931,38,18162.088386
-491120.233238,5,18162.193439
-488118.852778,5,18162.294295
-667478.570034,8,18162.442649
5286833.054163,37,18163.206826
5303696.881216,32,18163.841844
-497367.99533,5,18163.934631
3921083.191328,52,18164.974685
5425689.933565,24,18165.452233
-502655.266295,5,18165.553035
-484633.19089,5,18165.65137
-590166.883581,7,18165.792471
5396926.468294,29,18166.365427
-711165.836421,9,18166.541698
5424639.50323,25,18167.033388
-781952.853614,9,18167.203027
5200464.167678,35,18167.900783
4907005.860364,38,18168.66415
5345094.029294,34,18169.336711
-922167.245675,11,18169.572984
4482758.737368,64,18170.827902
-495816.608869,5,18170.923456
5389379.927164,33,18171.579048
-482313.864379,5,18171.674632
-921216.728578,11,18171.906646
4939555.483276,37,18172.647429
4898901.368418,38,18173.421326
-496014.633302,5,18173.535545
4927750.178433,39,18174.317426
-471761.184237,5,18174.415582
5377503.969716,30,18175.007234
-705744.034513,9,18175.19321
-743491.172002,9,18175.3741
-587542.357533,7,18175.521986
5202133.418305,33,18176.186564
-472713.109082,5,18176.296156
-487230.729188,5,18176.392826
5300005.110354,31,18177.00104
5615843.40644,42,18177.801731
-657696.912181,8,18177.951918
-704903.36917,9,18178.119799
4266226.676815,47,18179.032703
4962220.774891,40,18179.794665
-499982.166763,5,18179.893807
-573446.788134,7,18180.022051
4529360.237784,43,18180.826651
-494457.96078,5,18180.920195
-733841.218498,9,18181.086838
-761023.59913,9,18181.249008
-491160.553517,5,18181.340671
-515115.318123,6,18181.458613
5382478.48877,37,18182.172422
-487511.27378,5,18182.267821
4649436.728997,43,18183.092242
-733016.433683,9,18183.260071
-847100.001808,11,18183.470906
4380319.493198,47,18184.381992
5417769.818069,111,18186.554783
-655241.007732,8,18186.702962
-588881.699661,7,18186.836405
4880167.007891,40,18187.595992
-692505.530725,8,18187.748936
-502225.086152,5,18187.849535
4260018.423919,48,18188.79747
-501376.420582,5,18188.899333
4934485.500934,39,18189.642646
-665127.571878,8,18189.789585
-481136.310253,5,18189.884286
-476764.626573,5,18189.978096
4697908.875239,42,18190.764349
-480219.35796,5,18190.862148
-512991.259641,6,18190.976782
4504757.360858,46,18191.846571
-496965.410512,5,18191.942454
-494282.525725,5,18192.038687
5164531.267472,35,18192.685547
-454994.642503,5,18192.776982
5427248.011804,25,18193.262262
-700782.812001,8,18193.412741
-482887.020297,5,18193.508882
5311065.497604,35,18194.188033
5360152.963656,31,18194.771004
-496577.36676,5,18194.866447
4785435.813217,41,18195.641911
-494875.030316,5,18195.742184
-493916.373235,5,18195.834085
4280431.566098,50,18196.789501
-685506.136206,8,18196.940006
4946141.366798,37,18197.665197
-772774.79245,9,18197.83378
-843136.223118,10,18198.019278
5306056.9226,37,18198.722259
4973889.801852,37,18199.441907
-475741.286771,5,18199.546921
-1013100.219702,12,18199.782617
-494737.258308,5,18199.878687
-572515.82461,7,18200.019612
-647986.533957,8,18200.174354
-882873.639076,11,18200.382571
-479399.86318,5,18200.483019
-996474.757954,12,18200.712171
5412141.656612,27,18201.233085
-1014038.244423,15,18201.535198
-769928.53505,9,18201.706944
4850375.082783,42,18202.522194
-873765.193375,10,18202.709497
5379831.901734,32,18203.331313
-489371.383402,5,18203.427985
-499597.476667,5,18203.527991
-494638.460414,5,18203.622482
-495108.024374,5,18203.715259
-491269.191126,5,18203.810826
-494900.879328,5,18203.90428
5213732.620627,33,18204.643206
-481845.527465,5,18204.756773
-482445.215994,5,18204.854074
-1810750.372966,24,18205.316925
-498948.232299,5,18205.412496
4749538.377614,42,18206.244004
5211926.667927,37,18206.931969
-1049937.096588,13,18207.180002
4691494.951079,43,18208.044745
5303786.720439,34,18208.729554
4769889.665032,40,18209.490031
-858907.402954,11,18209.69747
-489281.929757,5,18209.79255
-786517.377224,10,18209.991079
-475306.291829,5,18210.08893
-746508.6532,9,18210.261596
4991641.806217,37,18211.013624
-484832.571978,5,18211.11179
-727530.799429,9,18211.292318
5225943.40129,36,18212.009735
-715684.259612,8,18212.167816
5031463.640004,37,18212.885875
5322154.71359,38,18213.60657
-490451.453316,5,18213.699572
-494644.50711,5,18213.790709
-914450.698921,11,18213.987125
-475268.552049,5,18214.086573
5394102.120361,29,18214.6833
-668148.20885,8,18214.834119
3443328.569399,58,18215.974126
-496407.750229,5,18216.09355
4201306.098574,48,18217.075954
-1107666.240208,15,18217.418903
-479934.490661,5,18217.532732
-562427.920659,7,18217.665131
-502244.47578,5,18217.759844
-649716.585604,8,18217.910846
-495073.372947,5,18218.002227
5321380.644434,63,18219.243658
-468018.589601,5,18219.338669
4294315.2293,48,18220.252689
-1034730.820496,13,18220.494543
4538669.837022,44,18221.294912
5384951.059739,28,18221.819575
4794299.105187,42,18222.626929
-827751.020408,10,18222.822674
-502435.319464,5,18222.911204
-734795.474474,9,18223.076179
-495728.429626,5,18223.180576
-749296.254253,9,18223.347851
-502856.278241,5,18223.440681
-502925.988552,5,18223.537332
4146974.996049,50,18224.478473
-480608.324701,5,18224.575248
-498982.155482,5,18224.675198
-502576.634419,5,18224.770544
-633451.221504,7,18224.902987
-771854.938199,9,18225.073674
5176384.410345,35,18225.760425
-483666.899522,5,18225.85408
-475183.443144,5,18225.949649
5143767.51248,36,18226.708593
5316637.16221,35,18227.386497
-889564.198037,12,18227.622217
4366238.500084,46,18228.515009
5617863.772466,60,18229.650588
-609456.6001,7,18229.779459
-476731.36089,5,18229.869168
-491983.023054,5,18229.959774
-482432.780459,5,18230.047617
-491930.478657,5,18230.133121
4492424.82748,46,18230.992637
-743195.032626,9,18231.164226
-460441.767053,5,18231.269527
-799808.342968,10,18231.476524
4509133.220988,44,18232.296222
-919952.352487,12,18232.521951
5331471.610796,35,18233.153338
-753834.121017,9,18233.311324
5331069.818817,33,18233.906218
-806800.214019,10,18234.079742
-500041.18845,5,18234.168398
4901559.363354,42,18234.907445
5376636.371234,30,18235.432053
-501342.07426,5,18235.524762
-493681.359263,5,18235.615052
-796813.773512,10,18235.830382
-476394.342279,5,18235.923625
-723404.113477,9,18236.114115
-488569.940569,5,18236.206547
-793373.4846,10,18236.388671
-502892.398382,5,18236.486501
-671296.039227,8,18236.629852
-930393.944298,11,18236.832901
-722471.51579,9,18236.993468
-471338.619303,5,18237.087594
-477162.089238,5,18237.183062
4874991.117646,39,18237.94965
5293019.217614,33,18238.576979
5422567.08477,27,18239.093089
-515885.983019,6,18239.201126
5749090.487452,66,18240.451233
3717879.520109,59,18241.525422
-813445.405181,10,18241.750331
4313643.01399,47,18242.6256
-749067.732896,9,18242.784661
-481806.386815,5,18242.880744
-793927.260945,10,18243.066317
-480210.585093,5,18243.156776
-758808.033058,9,18243.32864
5224875.922694,42,18244.080271
-699235.75637,8,18244.219671
-497703.993342,5,18244.311658
-780852.622504,9,18244.470988
4354477.405758,45,18245.275571
5118132.84687,39,18246.084222
-884384.56706,11,18246.281384
5185490.105281,34,18246.881332
4931405.475574,37,18247.541997
-484201.185016,5,18247.632688
5362548.374894,37,18248.334305
-628635.905153,7,18248.464762
-502679.853188,5,18248.564661
4212744.877666,50,18249.486067
5048123.640036,35,18250.151548
-497797.543371,5,18250.239905
-502710.815465,5,18250.327781
4957635.247032,37,18251.057494
-490446.362351,5,18251.147218
4138996.842749,48,18252.073519
-494386.821539,5,18252.16304
5297468.155491,30,18252.754576
-608648.597278,7,18252.890604
5393944.330886,28,18253.422591
-714930.358629,9,18253.606446
-482744.593041,5,18253.706534
4521777.992662,43,18254.539626
-523641.24958,6,18254.651186
-501771.367867,5,18254.746574
-502124.461162,5,18254.845912
-746865.292323,9,18255.027567
-517589.879496,6,18255.146276
5369491.044527,31,18255.736436
-501157.513421,5,18255.831985
-495030.37551,5,18255.920321
-824423.166478,10,18256.097068
-486878.888221,5,18256.192636
-665887.425066,8,18256.340418
-814559.42886,10,18256.533985
-492700.712203,5,18256.631598
-486812.132939,5,18256.727452
4411997.43323,49,18257.736454
5205320.49599,36,18258.418979
-721140.353723,9,18258.605316
-669763.866671,8,18258.758867
3620546.162638,58,18259.937942
-875364.25531,12,18260.168529
-624253.860906,7,18260.300523
-495207.381056,5,18260.394354
5022065.891997,37,18261.086947
5147802.823511,36,18261.760433
-559539.6208,6,18261.8734
-496021.926139,5,18261.964028
-491844.612881,5,18262.0575
-460619.873088,5,18262.151706
-485794.337641,5,18262.241797
-475492.066725,5,18262.34443
-492453.153283,5,18262.436783
5142337.425593,38,18263.152182
-483247.294905,5,18263.24839
5602299.660748,48,18264.16647
-493264.094482,5,18264.260047
-573598.90448,7,18264.383274
5244012.227625,36,18265.022023
-475721.454537,5,18265.105723
-496201.985656,5,18265.189324
5781417.487638,44,18266.025301
-751209.659254,9,18266.194777
5499302.920467,47,18267.066478
-503273.023935,5,18267.159332
-493098.09236,5,18267.254856
5378812.488248,31,18267.870294
-657582.191036,8,18268.019201
-492326.778066,5,18268.113026
3849211.057681,56,18269.19065
4948003.553747,41,18269.971743
-489020.967844,5,18270.063346
-715189.65692,8,18270.201962
-502898.359355,5,18270.292598
5255080.246223,37,18271.028295
5310275.343409,31,18271.612731
-704194.735083,8,18271.765776
-575545.146231,7,18271.900692
-497907.857193,5,18271.995309
-475755.57385,5,18272.087816
-496552.300864,5,18272.178565
-475324.632345,5,18272.280526
-473404.85164,5,18272.380767
-485022.00765,5,18272.475708
-1046320.154939,14,18272.764626
-476643.567973,5,18272.859694
4071574.663278,50,18273.868793
-488285.473895,5,18273.963092
-781746.491424,10,18274.153127
-496305.399895,5,18274.245697
-498163.670316,5,18274.338504
-582086.328327,7,18274.471378
-478418.749171,5,18274.571867
4499628.399783,45,18275.433697
-826804.503655,10,18275.631131
-482634.143213,5,18275.725754
-483339.249995,5,18275.81601
-606493.202569,7,18275.942427
-596104.717128,7,18276.077615
4446414.21463,46,18276.90441
-498795.249188,5,18276.99233
5055977.98592,36,18277.71966
4209196.387855,51,18278.744024
5168728.882135,35,18279.472474
-502839.001596,5,18279.572916
5149808.800238,32,18280.164818
-779511.279551,9,18280.321315
-492244.718319,5,18280.414809
-739613.227405,9,18280.575263
-497736.958444,5,18280.659537
-629453.979439,7,18280.779509
5160670.231095,33,18281.331977
5547293.713815,49,18282.210466
-769242.431655,9,18282.385839
-485949.293887,5,18282.475793
-611489.47523,7,18282.603484
-489785.592398,5,18282.698321
-472166.458117,5,18282.802902
5226013.083119,32,18283.379534
5170604.062506,37,18284.077287
-487871.797401,5,18284.178629
-489501.48395,5,18284.322186
-458863.154858,5,18284.432895
-474717.162893,5,18284.535946
-475123.029178,5,18284.649673
5391581.059497,29,18285.225652
-492703.438129,5,18285.322927
-560547.878033,6,18285.437191
-473003.931419,5,18285.536173
4010503.830174,52,18286.5313
5462734.241691,31,18287.107564
5240695.681671,36,18287.795026
-746653.905813,9,18287.984525
-681177.421987,8,18288.162195
5076682.223978,35,18288.812832
-724133.228401,9,18288.98671
-478213.300301,5,18289.081646
-481987.296785,5,18289.175729
5371301.209615,33,18289.771394
-495535.377683,5,18289.861044
-729133.226283,9,18290.031718
-475842.587314,5,18290.133773
-794121.493649,10,18290.327531
5315662.588403,36,18290.974833
-843770.937972,10,18291.150919
-482644.018692,5,18291.23746
-472392.080264,5,18291.334593
-708985.021826,8,18291.490483
-800572.493178,10,18291.666913
4060773.005584,50,18292.616854
-1065873.642509,13,18292.841068
-488753.693537,5,18292.926817
-822626.732791,10,18293.09686
5403225.885632,27,18293.577679
5218738.950063,38,18294.2887
5138241.394626,35,18294.988914
5435987.581805,36,18295.657722
-487203.363393,5,18295.748342
5226216.892915,32,18296.313451
-497769.184053,5,18296.406663
-724487.210317,9,18296.571383
-492996.223408,5,18296.672046
-1606685.215318,22,18297.114761
5172909.790974,36,18297.815255
4889143.5441,38,18298.491709
-497822.563616,5,18298.577629
5062804.067508,36,18299.217577
-708310.329596,9,18299.373947
-490867.869212,5,18299.46246
5323920.019912,38,18300.141299
-494692.11135,5,18300.230384
5232183.626467,38,18301.009117
-474809.57981,5,18301.101389
4013321.534924,51,18301.9959
4915547.824944,37,18302.720608
-493660.6841,5,18302.812194
5325170.60377,32,18303.418832
4993742.051849,37,18304.127135
5005898.459224,35,18304.744447
-502677.340373,5,18304.833878
5371877.855517,30,18305.364132
4954571.789312,36,18306.024558
4949415.633968,38,18306.757487
-488641.20956,5,18306.849426
-497189.297581,5,18306.955443
-689209.583609,8,18307.106546
5275000.940184,34,18307.758026
-502017.428886,5,18307.859598
-494102.311316,5,18307.951593
-484290.069921,5,18308.04266
-502347.933384,5,18308.132134
-674125.651469,8,18308.263794
-771744.836227,10,18308.432879
-483149.553931,5,18308.514364
-494799.610167,5,18308.603557
4316109.963781,59,18309.599596
4731699.349215,43,18310.344489
-711385.602533,9,18310.49748
-497608.518974,5,18310.583921
-494471.341339,5,18310.666991
-571848.156157,7,18310.785789
5285472.078518,35,18311.373174
4091548.990719,50,18312.232689
4895367.125504,41,18312.972065
-479883.031642,5,18313.066751
5352438.393039,42,18313.815186
4634078.184887,44,18314.645832
-489726.718224,5,18314.740225
-486965.285258,5,18314.835772
4237955.404543,52,18315.770958
5413115.39721,26,18316.234128
5375553.447991,54,18317.26094
-1137059.386112,14,18317.569506
5087939.369118,36,18318.217282
-537149.967314,6,18318.316686
5311317.276563,30,18318.839334
-480161.865161,5,18318.926362
-703993.767772,8,18319.089069
-493574.633843,5,18319.180402
-477065.409233,5,18319.264562
-663603.747224,8,18319.397996
5256906.302593,36,18320.093966
-654477.760604,7,18320.215334
4328807.170581,50,18321.129746
-779959.331698,10,18321.328879
-495312.099469,5,18321.421335
-641697.524559,8,18321.575529
4402942.795402,48,18322.50659
-502447.183378,5,18322.602424
-725580.914403,9,18322.771616
5134210.412729,53,18323.754542
5349319.160408,41,18324.524674
-473297.587482,5,18324.624994
4659883.790705,45,18325.462837
-487967.232686,5,18325.554089
-693684.32684,8,18325.71817
4792796.235181,41,18326.466071
5592613.688092,52,18327.446051
5177768.990024,35,18328.116045
5279213.316889,42,18328.888648
5227093.470173,38,18329.601095
-660474.673018,8,18329.74487
-673559.807927,8,18329.893159
4457611.143957,43,18330.714503
5400515.789174,65,18331.948303
-474142.937209,5,18332.039991
-556861.96449,7,18332.156809
-764281.286188,10,18332.334438
-646164.124297,8,18332.471738
5367997.745473,31,18333.003307
-621184.546827,8,18333.140631
-648794.415989,8,18333.278943
-906352.959874,11,18333.465811
-631043.423689,7,18333.586062
-609369.981679,7,18333.709501
-495538.599562,5,18333.795641
-484729.650667,5,18333.892748
5292777.206946,33,18334.530946
-784478.685484,10,18334.709819
4472221.678005,45,18335.575597
-496598.472715,5,18335.669215
5299445.289044,36,18336.30112
5127110.525017,36,18336.937533
-477166.396295,5,18337.030081
-502444.402033,5,18337.121546
-496157.364606,5,18337.208668
-502373.43042,5,18337.296824
-785163.434873,9,18337.460571
-491997.094111,5,18337.552921
5232075.794564,35,18338.172982
5000336.454504,40,18338.903741
5177000.633876,34,18339.520242
-819916.69994,10,18339.704655
-705667.525437,9,18339.882649
-496814.325758,5,18339.969954
5215072.898118,34,18340.58501
5633430.058225,51,18341.533161
-489738.095577,5,18341.629399
-597025.118377,7,18341.773144
-830477.944393,10,18341.950455
-495983.962231,5,18342.043178
-500736.818355,5,18342.13283
-692500.003191,8,18342.279039
-841588.69161,10,18342.461306
-629607.015039,7,18342.588094
-744412.391268,9,18342.754096
-626585.560966,8,18342.904218
-564590.946143,7,18343.029294
4496521.032534,47,18343.965067
-496711.875069,5,18344.058171
-502620.376986,5,18344.146423
-703387.689709,8,18344.281407
-500506.722402,5,18344.382422
-171952.535126,6,18344.490631
-897810.118616,11,18344.701731
-500799.55949,5,18344.813232
5079881.683239,38,18345.506943
5347406.445368,32,18346.123018
4821668.934379,41,18346.865746
-488606.740364,5,18346.951368
-772594.990045,9,18347.112963
-920786.380822,12,18347.375872
-489959.649155,5,18347.475086
5186665.773018,44,18348.336195
-687066.341354,8,18348.470484
-501041.190908,5,18348.555623
-780552.982387,9,18348.722547
5409189.413037,27,18349.233876
-493488.682875,5,18349.322776
6265426.018848,76,18350.805207
-494709.747947,5,18350.891091
5319584.415695,29,18351.407852
-488708.25089,5,18351.492936
5391482.640598,30,18352.008571
-612371.780906,7,18352.133452
-482513.065077,5,18352.229527
-499701.825386,5,18352.321559
-488794.055748,5,18352.407559
-765637.2054,10,18352.586082
5149274.811945,36,18353.223209
-494634.029506,5,18353.313314
-502978.547537,5,18353.405107
5242126.456295,38,18354.093086
5094566.873035,37,18354.79194
-721242.203289,9,18354.9649
-744739.91939,9,18355.130849
-538046.990104,7,18355.265312
-1138243.313757,14,18355.537582
-469112.265339,5,18355.638612
-491416.098471,5,18355.761118
-482751.864326,5,18355.852633
-452431.836291,5,18355.950357
-628235.263669,7,18356.091462
-502470.681273,5,18356.18466
4019690.962284,53,18357.203199
-495222.044087,5,18357.29923
-495088.897012,5,18357.400176
-502359.682926,5,18357.502642
-495751.839402,5,18357.605289
5381687.481754,31,18358.222447
-494473.42638,5,18358.327286
-502690.935751,5,18358.425193
-768902.903427,10,18358.623741
-688462.060175,8,18358.787098
-487420.63969,5,18358.882315
-631105.534404,7,18359.016447
5332748.125676,33,18359.691664
5325660.136298,36,18360.411963
-1056961.692301,13,18360.650232
-827719.556345,10,18360.836012
-486726.127708,5,18360.934664
-502509.328724,5,18361.047785
-823705.023557,10,18361.249944
5273949.48664,32,18361.902854
-502884.708777,5,18362.004817
-588640.748844,7,18362.149206
5181960.266226,32,18362.785458
-497824.886353,5,18362.879388
-556964.283675,6,18362.99928
4915436.924138,38,18363.768965
-494044.629385,5,18363.863816
-480188.93871,5,18363.957488
-623810.209983,7,18364.092481
4666216.870435,39,18364.854228
5387140.519757,33,18365.492949
-515182.64271,6,18365.611397
-497169.951763,5,18365.70305
-815891.103243,10,18365.896223
5413284.528281,22,18366.320009
-943516.294268,12,18366.56032
5176495.696809,33,18367.241019
-843757.131385,10,18367.441517
-483929.566902,5,18367.538822
-492038.838833,5,18367.643792
-646664.94046,7,18367.785273
5187685.626011,36,18368.485593
4515962.112542,49,18369.436579
-494880.826276,5,18369.531982
5026339.896112,39,18370.301604
-497686.567749,5,18370.405298
-472287.3353,5,18370.509488
5439080.362703,31,18371.097437
4747271.238118,44,18372.012218
5386686.603265,30,18372.645196
-1064253.780931,13,18372.892437
4735083.931836,42,18373.711669
4554941.06396,43,18374.571647
-778862.14569,10,18374.768072
5063431.687832,39,18375.508569
-497072.825279,5,18375.600163
-740761.059055,9,18375.78345
-460391.29254,5,18375.878179
5536740.218885,75,18377.355481
-1026477.530693,13,18377.600006
5190179.410373,34,18378.277579
-502641.326571,5,18378.384739
5027558.228155,36,18379.096569
-478421.473809,5,18379.185767
-493072.347677,5,18379.276951
-513767.34777,6,18379.387408
-482438.828333,5,18379.485037
-489027.963003,5,18379.580587
-723468.288798,9,18379.75293
-515917.021626,6,18379.87466
5349987.819439,31,18380.528295
-622436.372507,8,18380.686585
-709009.929543,9,18380.859257
-701368.817892,9,18381.043775
5414382.343961,33,18381.663274
5450249.78418,26,18382.14799
4430001.39585,45,18383.004176
4910335.338644,39,18383.759277
5229538.894266,34,18384.444149
-699464.607778,8,18384.624289
-775666.902122,9,18384.848907
5104942.859834,34,18385.484355
4360474.05275,50,18386.362262
5379760.999687,30,18386.922896
-895869.722524,11,18387.13368
-495301.905101,5,18387.223541
5417832.616205,25,18387.699265
5193994.429129,39,18388.431437
3761896.365041,54,18389.472484
-557084.874441,7,18389.609612
-466821.387796,5,18389.709593
5411233.039098,25,18390.223419
5414533.321599,24,18390.701852
-676976.294265,8,18390.856543
-753292.083335,9,18391.025217
5429646.087497,42,18391.863669
-710420.663461,8,18392.061903
5745269.994003,56,18393.107373
-483116.739758,5,18393.213398
-648058.854626,8,18393.357504
-568645.709832,7,18393.483747
-476843.430099,5,18393.575411
5245916.29887,35,18394.193281
-589476.562529,7,18394.323786
-499840.388963,5,18394.4127
-1028765.820792,13,18394.646014
5841349.846215,60,18395.815159
-482437.659394,5,18395.914519
-481659.79609,5,18396.018677
-494644.212141,5,18396.117639
-488687.385761,5,18396.213189
-1031120.177453,13,18396.462905
4951720.038683,34,18397.098952
-702685.822453,8,18397.237323
-488553.020538,5,18397.326745
-501248.648665,5,18397.445019
-557130.401955,7,18397.575965
5030923.311432,52,18398.552696
-487959.527436,5,18398.652272
-493850.249517,5,18398.741685
5064834.624944,35,18399.441684
4971927.713852,41,18400.265169
-813231.636308,10,18400.454088
-496718.792905,5,18400.547182
-502222.153004,5,18400.646312
4211588.584218,50,18401.599153
5348412.460015,35,18402.300147
-471648.144832,5,18402.400671
-489751.064624,5,18402.509592
-502626.155788,5,18402.608497
-496293.475936,5,18402.704073
5261240.000157,36,18403.402546
-495839.072039,5,18403.503119
-500267.38021,5,18403.603765
4356546.80427,45,18404.522512
4958743.512926,37,18405.1839
-470009.163322,5,18405.280362
-624376.343535,7,18405.416973
-462143.823256,5,18405.509645
-578302.799483,7,18405.640004
5677074.949907,43,18406.490233
4953772.177909,38,18407.214261
5304846.062737,31,18407.849078
-787788.87135,9,18408.023443
-477433.041417,5,18408.133541
5399621.662838,26,18408.663053
-502594.22923,5,18408.756525
-489503.106554,5,18408.865739
-487215.882631,5,18408.960367
-501909.23815,5,18409.065049
-668889.561555,8,18409.222135
-469159.264799,5,18409.309494
-502916.833001,5,18409.412995
5130172.449101,34,18410.072036
-869222.639089,10,18410.252474
-475650.551819,5,18410.340841
5379179.982925,47,18411.249725
-1040382.37434,13,18411.502014
-883339.76553,11,18411.70112
4940254.158715,35,18412.38906
-490482.42746,5,18412.49932
-480267.969375,5,18412.601274
4665697.485823,46,18413.514934
-503021.081049,5,18413.618239
-705310.745341,8,18413.774621
-496024.373653,5,18413.881957
4881521.914337,43,18414.725799
-980221.257379,12,18414.951977
4070616.203842,53,18415.926836
-827791.889195,10,18416.106745
5247498.714879,33,18416.738386
5330192.418578,37,18417.38753
-476151.208909,5,18417.476204
5375381.664348,39,18418.171922
5343317.022579,32,18418.779695
5369102.493326,29,18419.340917
5346220.640189,32,18419.949315
5644438.897291,56,18421.034995
6016232.541452,68,18422.422782
-480600.004531,5,18422.515455
5520941.076603,33,18423.146567
-592014.629643,7,18423.270463
5012295.611305,36,18423.908043
-766136.768489,9,18424.067353
4961609.093847,40,18424.851686
5003757.533287,38,18425.553325
-492727.219866,5,18425.645242
5387730.047223,30,18426.191874
-488447.760918,5,18426.281712
-1209218.06527,16,18426.573076
-1035638.016382,13,18426.815881
5112879.703555,35,18427.515742
3908712.946575,53,18428.523855
-502484.525626,5,18428.616289
4953392.371205,40,18429.384943
4850648.247595,39,18430.135874
-709497.986314,9,18430.297976
5341873.013481,38,18431.028754
-617689.443733,7,18431.161499
-681681.21636,8,18431.312566
-801728.353291,10,18431.523158
4991121.383862,40,18432.307314
-475872.857306,5,18432.401233
4198263.154087,47,18433.288935
4031156.655563,50,18434.250558
5161826.702149,38,18435.020258
-484799.811931,5,18435.112775
-486011.866024,5,18435.211417
-477712.897538,5,18435.305538
-562008.35899,7,18435.437647
-712938.576728,9,18435.606467
-494839.11037,5,18435.704314
-487775.121722,5,18435.795223
-776050.930257,9,18435.952977
5063500.650396,38,18436.653997
-485453.654089,5,18436.746167
-481891.68575,5,18436.835287
-902939.897034,12,18437.043557
-854415.688271,11,18437.232847
-495649.414563,5,18437.323392
-559375.972934,6,18437.437078
-732960.33606,9,18437.600612
-671740.968032,8,18437.748102
-492667.274233,5,18437.837057
-775759.460381,10,18438.017002
-637154.943673,7,18438.14606
5359824.453529,31,18438.731088
5296419.846261,31,18439.317109
-594098.442001,7,18439.441843
-490163.405665,5,18439.535173
-853909.827181,10,18439.727305
5005002.523765,36,18440.385355
-795000.890134,10,18440.576569
-483828.534718,5,18440.674897
4593510.691422,45,18441.511176
-715364.86309,9,18441.685181
5052489.04916,36,18442.362585
-551665.650342,6,18442.479021
-491236.330795,5,18442.573408
5357164.435087,31,18443.173657
-1433355.687617,18,18443.529565
-486003.864243,5,18443.618985
-482284.683051,5,18443.711492
-486796.647052,5,18443.804118
-797556.04568,10,18444.00235
-481697.287814,5,18444.103891
-900338.413723,11,18444.322688
-501997.408137,5,18444.422132
-482611.237108,5,18444.518629
-559529.101119,6,18444.645929
4170315.99434,50,18445.551339
-805273.586631,10,18445.732653
5082446.093665,51,18446.647874
-998744.050331,12,18446.877646
5261529.082192,34,18447.540738
-495766.441731,5,18447.637611
-828063.847199,11,18447.849811
-815821.889828,10,18448.042675
-767108.923446,9,18448.224352
-871629.089094,11,18448.442048
5442118.829975,26,18448.953259
-974801.066392,12,18449.187673
4893776.327486,38,18449.930656
-606073.77878,7,18450.060223
-498482.321698,5,18450.157521
4436847.241699,45,18450.97539
-491063.851761,5,18451.067924
3919600.574408,50,18452.005033
4999527.986846,37,18452.675352
4928163.176676,42,18453.43697
-677030.650593,8,18453.579803
5215303.934491,35,18454.227499
-487826.844894,5,18454.315332
-575874.874452,7,18454.442872
5118567.895558,36,18455.146401
4986727.132605,41,18455.921046
4079935.076056,53,18456.94274
-502096.513207,5,18457.044253
4429226.759536,46,18457.935178
5062028.174849,41,18458.73402
-803198.129867,10,18458.918506
4935630.968116,37,18459.643067
-715556.625837,8,18459.796739
5346890.735636,31,18460.401645
-218545.097217,8,18460.558651
5083701.712603,39,18461.302056
3625309.275217,57,18462.397246
-476772.206964,5,18462.490366
5208202.562746,39,18463.215857
4642784.277583,42,18464.0755
-773198.942039,9,18464.247752
-500981.081414,5,18464.338372
-498668.22168,5,18464.427817
-801413.081652,10,18464.615049
5043378.644569,34,18465.367336
5079327.29013,36,18466.106338
5679832.943151,47,18467.107172
5361543.405514,58,18468.167034
-672974.43546,8,18468.307522
5488041.332525,44,18469.116086
-164766.941477,8,18469.274724
-542894.470805,6,18469.385343
-600485.806015,7,18469.514517
5159373.330711,34,18470.165707
5859145.231581,66,18471.436578
-1077655.027261,13,18471.688358
-559515.955959,7,18471.825364
-645860.696213,8,18471.980106
-517425.032224,6,18472.096124
4776833.071696,42,18472.891006
-1073353.929348,13,18473.135787
-502070.185993,5,18473.228431
-499893.277796,5,18473.317561
-501327.819968,5,18473.408412
-496978.210198,5,18473.502666
5826497.207288,56,18474.620811
-598959.138585,7,18474.796044
-550049.533938,6,18474.906231
5832964.357906,52,18475.971995
4537058.864074,42,18476.75084
-807498.542351,9,18476.925542
5348130.746597,34,18477.61148
-492507.039429,5,18477.715284
-471369.407159,5,18477.822094
-666454.194851,8,18477.99017
-498047.55697,5,18478.123324
-494863.225793,5,18478.219761
5301202.296031,33,18478.842407
-759781.797616,9,18479.004056
-463367.297266,5,18479.097308
-847621.260491,10,18479.292202
-698612.261614,9,18479.46462
-475336.146672,5,18479.560313
4986499.423973,39,18480.280866
-686292.724026,8,18480.419993
-874022.206811,11,18480.613668
4818111.636305,41,18481.338435
5378285.772946,30,18481.865871
5260022.948163,68,18483.15426
5203630.545773,32,18483.775193
-490530.391303,5,18483.872041
-718006.067967,9,18484.031677
5045238.901866,45,18484.874918
4608187.674623,45,18485.712767
-502306.366016,5,18485.810351
5400209.782132,32,18486.410594
-500504.027975,5,18486.50552
-499717.88729,5,18486.596288
5398187.621246,32,18487.214251
-498544.145069,6,18487.322264
4834043.013763,38,18488.051867
5037851.619787,37,18488.781461
4938450.365721,40,18489.566757
-491853.914928,5,18489.660866
5065444.082955,37,18490.382334
-789884.804217,10,18490.573357
5376919.343119,45,18491.458757
5055121.09294,36,18492.128531
5239045.361829,34,18492.779748
-843725.964574,10,18492.967535
-871933.564074,11,18493.166969
5277725.904991,32,18493.768876
4995562.788341,33,18494.383692
-492298.072683,5,18494.486905
-640020.126205,8,18494.643069
-786178.621159,9,18494.813285
5814359.546174,80,18496.35265
5390337.581797,30,18497.017725
-766446.677378,9,18497.181662
4607316.482544,48,18498.071616
4832195.258682,39,18498.781867
-464902.467047,5,18498.874168
-496545.872811,5,18498.976789
-668594.523561,8,18499.129884
-481295.328653,5,18499.225812
-798356.800688,10,18499.414129
-490946.560737,5,18499.502998
4249236.159703,48,18500.4269
5415862.497535,25,18500.985266
5396260.068628,26,18501.471942
-482322.037575,5,18501.559777
-495600.697519,5,18501.65349
5408291.857174,32,18502.226703
5271693.83674,34,18502.857201
-762979.636544,9,18503.02348
-503089.257861,5,18503.114031
-1106375.264693,15,18503.392906
5006146.351947,40,18504.141359
-755006.97406,9,18504.32354
4690136.580235,41,18505.181761
5377471.630508,30,18505.747407
-501295.077005,5,18505.842298
5317526.889865,46,18506.696208
-477797.099935,5,18506.788366
-488439.744451,5,18506.880458
5321373.7875,35,18507.497457
-508289.324891,6,18507.60562
-502591.28141,5,18507.692688
-579774.105501,7,18507.827535
-524405.795425,6,18507.937358
5279165.64056,38,18508.647009
-485473.821203,5,18508.755959
5009005.052521,41,18509.563801
2902859.966046,72,18510.925544
4927606.37522,40,18511.620424
-490531.735161,5,18511.707508
4419858.375793,46,18512.536453
-495719.632075,5,18512.628357
5353179.305419,38,18513.321619
-475558.35398,5,18513.410871
4904314.326026,37,18514.101748
-497831.414443,5,18514.197136
-865017.671832,11,18514.396163
5229345.224985,37,18515.084599
-695563.511676,8,18515.239799
4967025.893649,35,18515.900123
-493292.211797,5,18515.991462
-501706.706876,5,18516.084811
-787630.978663,9,18516.249351
-497672.681078,5,18516.347338
-480111.027155,5,18516.441667
5677705.115602,54,18517.492577
-853879.899241,10,18517.696566
-481256.40467,5,18517.796651
-672713.516771,8,18517.942227
-475300.890188,5,18518.040751
-502427.827403,5,18518.130281
4507778.762878,42,18518.922955
-488417.556961,5,18519.016004
4074249.279797,69,18520.332382
-486056.826164,5,18520.42489
-502564.944317,5,18520.521401
-589348.805289,7,18520.649776
-494756.993922,5,18520.748577
5891212.305444,72,18522.101194
-1098109.305803,14,18522.352786
4939840.879966,38,18523.156863
-472933.678604,5,18523.265477
-482974.050934,5,18523.387084
-964298.207284,12,18523.597909
5219308.424947,39,18524.314256
-727229.454974,9,18524.476587
-499770.515146,5,18524.568535
-706151.540267,8,18524.708128
5047878.792092,35,18525.340153
-503148.821769,5,18525.425836
5388388.484577,27,18525.909397
-497070.140223,5,18525.998382
5057418.39726,36,18526.667562
5011121.508741,47,18527.55504
4521270.849531,45,18528.391935
-824292.495796,10,18528.585581
4941316.595294,43,18529.399333
5349356.905109,31,18529.99595
5132672.186267,35,18530.658259
5263072.094998,33,18531.292546
4924568.040232,37,18531.966749
5022163.042143,38,18532.627697
-703128.882514,9,18532.78352
4831367.60355,38,18533.464894
4134037.214999,51,18534.386686
5367444.356552,30,18534.968169
-651009.609618,8,18535.124059
-1071765.125724,13,18535.371637
4908855.907873,39,18536.116236
5134653.298672,36,18536.825486
5004595.815318,38,18537.540513
5382049.513334,30,18538.105013
4060912.847382,51,18539.06783
-500863.138899,5,18539.164554
-461830.21463,5,18539.264196
-535454.32422,6,18539.370512
-731507.012829,9,18539.545252
-811334.392645,10,18539.744561
5417293.078657,27,18540.26536
-488979.074912,5,18540.364094
4941365.135275,38,18541.074605
-498801.182872,5,18541.166608
-507428.030327,6,18541.285655
-670026.296143,8,18541.433149
-471674.499346,5,18541.524907
5002938.753774,38,18542.205906
-483629.39078,5,18542.293322
-590094.894521,7,18542.413409
5309060.009668,33,18543.00498
-484491.883903,5,18543.093769
-494975.52413,5,18543.17892
-502334.192085,5,18543.272552
5402392.817909,28,18543.784498
4963810.826341,47,18544.629875
5726236.122163,53,18545.604617
-847106.916439,11,18545.816291
-799039.139782,9,18545.984775
-828817.03539,10,18546.182101
-480107.207723,5,18546.28263
-1079474.520632,13,18546.530896
-499626.576798,5,18546.636688
4183843.703494,48,18547.531212
-476860.320534,5,18547.626316
-813545.729534,10,18547.804522
5261950.55859,32,18548.362022
-1681016.550306,22,18548.77039
4074255.375489,50,18549.728186
5268819.860774,35,18550.381177
-444985.329795,5,18550.478546
4940465.627519,39,18551.212224
5213861.687738,33,18551.842073
-500570.164286,5,18551.938457
5409344.482155,31,18552.510771
5432786.250682,55,18553.578023
-666490.526373,8,18553.727798
5221240.874883,34,18554.39098
5191084.253984,36,18555.127628
5044559.245178,35,18555.781233
-495986.280099,5,18555.874863
-464125.619452,5,18555.96245
4972222.391414,37,18556.697779
-486484.247815,5,18556.809233
5304200.38139,34,18557.582902
5148818.580616,36,18558.279822
-487214.22571,5,18558.374804
-502786.12821,5,18558.470287
-718446.758475,8,18558.621588
-854628.472197,10,18558.833564
5379359.061111,34,18559.509942
4473504.555722,45,18560.376203
-487226.307738,5,18560.478419
-907393.371711,11,18560.692657
-863928.708835,10,18560.885688
-644515.468907,8,18561.04392
5170110.234107,38,18561.782399
4563465.457533,43,18578.228855
-494838.076525,5,18578.316505
-487144.874328,5,18578.40648
-498861.294638,5,18578.489123
-730875.426102,9,18578.644498
-519342.874363,6,18578.748859
-677041.064641,8,18578.896616
3916310.711848,54,18579.923384
-473247.518489,5,18580.008689
4930007.033139,38,18580.715114
4914631.786048,42,18581.541663
3547497.305911,59,18582.582585
-642238.53999,8,18582.721045
4526063.897008,44,18583.566242
-489869.050396,5,18583.658782
5311800.581398,36,18584.33096
-957194.348787,13,18584.56973
5203905.424435,33,18585.179671
-495554.269103,5,18585.271081
-727048.029864,9,18585.437042
-722660.916449,9,18585.59907
-492456.639555,5,18585.688998
-625359.98357,7,18585.824955
5395954.036791,27,18586.312021
5434290.253448,29,18586.830678
-173518.036,9,18586.998681
-493867.746203,5,18587.099795
-567186.533823,7,18587.233008
5328798.486486,34,18587.885472
-653481.908706,8,18588.037963
-502386.355058,5,18588.129375
5589352.326253,63,18589.253315
-493896.620644,5,18589.345052
-486621.364004,5,18589.434551
4539681.297803,43,18590.343075
5308329.844072,34,18591.000484
5370246.145351,50,18591.944032
-757415.526358,9,18592.115439
5317265.961257,32,18592.729429
5023720.580503,55,18593.72276
-677826.621014,8,18593.86744
4722825.055391,43,18594.622979
5119076.283211,39,18595.334949
-495131.226912,5,18595.421513
4246489.679319,50,18596.346104
-502574.48486,5,18596.439228
-500789.307454,5,18596.535639
5258688.065648,30,18597.106667
-805612.225787,10,18597.2966
4937580.200472,39,18598.036725
-485630.359516,5,18598.134815
5377035.872632,28,18598.697162
-747308.371031,9,18598.872861
-802117.641895,10,18599.067546
-524006.069125,6,18599.181467
-501953.034866,5,18599.286938
4999846.091106,34,18599.935833
-475002.200188,5,18600.030852
-483388.219959,5,18600.124058
-679012.882245,8,18600.286401
-492970.670235,5,18600.382288
-847220.899787,11,18600.594897
3829503.515445,57,18601.757301
-493394.921649,5,18601.855655
-560808.993563,6,18601.971177
5218152.379426,34,18602.691133
-830924.126096,10,18602.900051
-496202.825189,5,18602.995319
-469580.438752,5,18603.103172
-494945.638322,5,18603.200989
5977132.30146,58,18604.360034
-830342.641536,11,18604.581211
5022451.142517,38,18605.322574
-495179.212366,5,18605.417677
5384668.62793,29,18605.983331
-876882.189782,12,18606.213758
4742998.951954,53,18607.281085
4449855.347032,48,18608.254343
-781915.375172,9,18608.446678
5434348.543211,33,18609.100482
-495857.417791,5,18609.19407
-473422.421976,5,18609.297401
-840043.475189,11,18609.51027
5275873.9647,30,18610.098176
-974950.700642,12,18610.305782
3925289.216394,52,18611.266637
4914586.854776,39,18612.003616
-481504.385365,5,18612.09608
-462159.201167,5,18612.191277
-495970.955155,5,18612.289935
5311025.171198,35,18612.912193
-496388.710575,5,18612.996237
-502768.45789,5,18613.085489
-483024.48786,5,18613.173122
-652204.257022,8,18613.327388
-683164.328357,8,18613.473958
5391059.573215,31,18614.037497
-484376.629069,5,18614.127431
5147368.214239,37,18614.843785
-644189.681378,8,18615.002239
5104783.6119,38,18615.743405
-592746.027116,7,18615.88928
-489617.300242,5,18615.994268
5260057.166965,37,18616.737357
5281654.559008,34,18617.433778
4305301.353022,46,18618.39962
5185045.418827,33,18619.049865
-495090.570425,5,18619.143852
-811634.861115,10,18619.324954
4828389.023671,56,18620.356448
-495867.173504,5,18620.447
4934818.463684,41,18621.27305
5233662.212432,34,18622.054073
5144043.993398,34,18622.794991
4864943.566329,41,18623.655283
5406734.937599,29,18624.232072
5418144.141348,34,18624.908326
-490982.033462,5,18625.002369
-547258.999789,6,18625.112302
5205027.866752,33,18625.743921
-557042.380291,6,18625.860137
4777908.966283,44,18626.69161
4996592.620288,36,18627.373856
-495787.017576,5,18627.466102
5565681.230341,57,18628.698503
-577829.526814,7,18628.831834
5244674.547842,37,18629.657159
4996613.948811,37,18630.522713
-485830.611786,5,18630.674473
5398538.080595,32,18631.47854
5992791.42771,79,18633.542637
4595195.852596,76,18635.145376
-497804.128979,5,18635.250419
4939458.49693,46,18636.201655
-502354.202276,5,18636.305157
-496812.332583,5,18636.404384
-1101861.732549,13,18636.71684
5181424.228377,36,18637.516747
-720801.060443,9,18637.70509
-485400.484236,5,18637.799963
-496711.176818,5,18637.905029
4829214.425314,42,18638.704795
4095467.283851,49,18639.70434
-485656.069291,5,18639.795475
5150174.789373,38,18640.595469
-490552.504044,5,18640.706606
4900839.811028,46,18641.804852
-483619.751549,5,18641.941878
-499061.901275,5,18642.060687
-767041.794859,9,18642.310733
-714169.049643,9,18642.523141
-612138.126798,7,18642.686868
-495156.183371,5,18642.800068
5251279.530228,34,18643.55443
-488749.233716,5,18643.653962
-550757.158131,6,18643.769413
-625985.244806,7,18643.931168
-485621.800553,5,18644.040606
-628498.898372,7,18644.212723
4998764.643974,83,18646.037736
5357877.036072,28,18646.650537
-699158.943033,9,18646.833913
5332354.645126,30,18647.541912
-502689.227273,5,18647.649991
-515757.596088,6,18647.770938
-1015229.497584,13,18648.070977
5046044.696235,42,18648.935475
-483455.849433,5,18649.048455
5131324.23297,37,18649.864282
-476563.694757,5,18649.973647
-710926.965159,9,18650.151622
-764414.183646,9,18650.315792
-599601.038661,7,18650.472554
-501914.742962,5,18650.579548
5350014.924889,37,18651.348651
-724487.615534,9,18651.531167
5431046.609773,27,18652.128453
-500493.685399,5,18652.228526
-749044.834509,9,18652.399028
-502558.076485,5,18652.488494
5764056.324544,42,18653.373691
-481188.037401,5,18653.477014
-502497.303934,5,18653.574328
-502544.493831,5,18653.669846
-501827.632135,5,18653.761871
-822266.379114,10,18653.984096
-704125.924721,8,18654.205866
-497487.93064,5,18654.32438
-849986.364903,10,18654.528973
3954385.201353,49,18655.54698
-502417.72938,5,18655.658891
5007278.681564,38,18656.486875
4220649.760632,50,18657.508869
-497716.240923,5,18657.614081
-1016128.583358,12,18657.86958
-937171.63553,12,18658.133677
5407883.642764,24,18658.595225
-129796.13061,6,18658.729604
5416496.248739,25,18659.253583
-493097.214789,5,18659.36143
-465168.284542,5,18659.474557
4909697.642836,37,18660.238855
-502207.302573,5,18660.337226
-978622.56303,12,18660.604893
-488487.580943,5,18660.712007
-727490.842254,9,18660.942166
5412474.144094,27,18661.49929
5389260.587719,33,18662.332712
5370532.202494,30,18663.167052
-498403.500865,5,18663.287248
-703935.326956,8,18663.473748
-511064.28706,6,18663.621179
4415571.926532,48,18665.340686
-477084.024695,5,18665.572864
-485961.585883,5,18665.750096
-802450.691519,10,18666.054409
5335287.067961,34,18667.134781
4356967.206466,48,18668.480261
5710558.032205,46,18669.64993
-733191.89924,9,18669.899672
-487580.507346,5,18670.024724
5348681.883402,31,18670.730093
-502477.215879,5,18670.885036
-1027294.444251,13,18671.268729
-478891.109322,5,18671.42522
-494851.018455,5,18671.55124
-491201.771043,5,18671.673862
5131247.70031,33,18672.380188
5232384.451643,37,18673.149277
-484000.957169,5,18673.258271
-483308.757688,5,18673.367389
-956849.167395,13,18673.676024
-623357.690088,7,18673.821489
-498983.131535,5,18673.928575
-495730.170409,5,18674.037161
4021065.813095,54,18675.277337
5086845.037311,36,18676.100535
-638173.487875,7,18676.270096
4767787.012001,40,18677.082209
-478496.604102,5,18677.179251
-489448.992353,5,18677.276349
-763473.12442,10,18677.51254
-1026631.606913,13,18677.760935
-589859.016817,7,18677.900265
5286065.449672,33,18678.536195
-502539.607968,5,18678.645825
-488456.392326,5,18678.7609
-488589.380676,5,18678.869515
-707319.89111,9,18679.07009
-502725.799067,5,18679.166703
5407636.046084,31,18679.809063
-492808.034185,5,18679.91201
4868938.468167,41,18680.687461
-631947.893802,7,18680.820677
-488481.012466,5,18680.925127
-826091.859827,10,18681.135839
-461039.471895,5,18681.239359
-911713.145036,12,18681.475428
-487518.085121,5,18681.566658
-841635.179683,10,18681.748438
4488635.355504,67,18683.171263
5062794.364914,53,18684.270328
5026138.837494,40,18685.044907
5391633.221539,57,18686.17816
4999202.163767,37,18686.917237
-726549.241165,9,18687.098842
-488479.197371,5,18687.202463
4254762.945091,48,18688.171926
4561345.864733,44,18689.062891
-453650.57958,5,18689.159802
6703134.159128,154,18692.408014
4023801.4622,56,18693.708236
-483527.450677,5,18693.824109
4952388.837746,39,18694.714181
-559102.580122,7,18694.852253
-558314.906911,7,18694.998494
-854362.206241,10,18695.196918
-493732.260541,5,18695.287591
5218643.294351,36,18696.056473
5335679.901542,30,18696.777829
-513938.49324,6,18696.908196
-487487.529547,5,18697.021278
-468835.47912,5,18697.132166
-493751.337301,5,18697.241872
5411234.631604,29,18697.815751
-1006257.005042,13,18698.060099
4901002.186931,39,18698.876761
-502742.734603,5,18698.990178
-502986.149322,5,18699.08704
4376777.133561,66,18700.350827
-775393.651711,9,18700.519596
-702253.745706,9,18700.731939
-484851.83699,5,18700.839508
-482584.402383,5,18700.954578
4204228.969174,51,18702.003447
5110633.665594,38,18702.734459
5178516.850525,36,18703.5907
5315343.486459,32,18704.257287
5405048.966399,31,18704.873683
-719794.679308,9,18705.052043
5310696.195563,35,18705.827394
-497711.080217,5,18705.939013
5419861.785454,26,18706.481877
-633579.016978,7,18706.630995
5362019.601985,34,18707.295252
-583998.870559,7,18707.420345
-699811.112116,8,18707.564076
-1020720.293306,13,18707.831584
-496799.457429,5,18707.931086
-624479.135847,7,18708.064194
-495075.584766,5,18708.158552
4972123.538326,38,18708.905279
-472543.255378,5,18709.005611
5221408.619948,36,18709.781524
4251556.883526,60,18710.990547
5642571.523956,46,18711.960159
-490777.219918,5,18712.099779
-488667.066093,5,18712.283241
5326953.976868,31,18712.960886
-478264.713524,5,18713.05769
-495141.880115,5,18713.16424
5366850.516212,30,18713.838235
5334157.229372,30,18714.488294
-478274.737848,5,18714.586171
-626148.961971,8,18714.737668
-554046.763511,6,18714.854675
5295087.248194,33,18715.533229
3588599.1681,58,18716.75207
5525578.322394,54,18717.775382
-766878.954542,9,18717.968578
-491524.024862,5,18718.069073
5403658.508947,28,18718.619235
-831498.787674,10,18718.808197
5361054.651256,33,18719.48566
5562611.072119,53,18720.565166
-494245.535319,5,18720.659438
-503125.694022,5,18720.752118
-502915.907303,5,18720.84375
-627269.985767,8,18721.000824
-496146.371017,5,18721.098168
-888396.208591,11,18721.312516
-666445.012771,8,18721.459853
-508938.701078,6,18721.568043
-499286.402695,5,18721.664372
5440125.10707,60,18722.885228
-703015.048031,8,18723.105602
-493170.636672,5,18723.2383
4893465.906805,41,18724.177501
-724936.728617,9,18724.36258
-498397.305835,5,18724.479536
5371534.633896,29,18725.128643
5133017.952942,35,18725.815701
-680750.252123,8,18725.975621
5270438.066942,41,18726.763457
5088850.227873,37,18727.510741
5856546.800717,66,18728.877072
-487219.211573,5,18728.982797
-626920.091075,8,18729.137975
-638238.333425,7,18729.276626
-1039296.379567,12,18729.513073
-486664.258642,5,18729.606817
-751446.646144,9,18729.774465
-502864.354147,5,18729.868243
-602065.377269,7,18730.02172
-620203.562251,7,18730.161417
5170119.492425,56,18731.5053
5174517.080814,34,18732.294149
4249631.26903,57,18733.620908
-721061.746361,9,18733.826902
-488486.324383,5,18733.923841
-497598.198097,5,18734.033112
5362754.176913,31,18734.689265
4812233.922255,42,18735.487346
5296580.968227,47,18736.469036
-469951.693391,5,18736.572049
-862398.825897,10,18736.808288
-801402.487733,10,18737.039079
-825364.020985,10,18737.250979
-484111.404738,5,18737.357341
-782441.938335,10,18737.541518
-863539.079376,11,18737.753843
4876656.355549,40,18738.541606
-621012.548364,8,18738.699628
-1068354.622556,13,18738.951474
4272957.647586,47,18739.844552
-502458.538123,5,18739.936357
-490936.034772,5,18740.03218
4960305.990033,39,18740.844338
-491792.72211,5,18740.959537
-598715.293055,7,18741.11185
-499130.525134,5,18741.227628
-487371.842332,5,18741.329041
-978707.529653,12,18741.61393
-717205.656758,9,18741.802225
-875731.190248,11,18742.032033
4478825.054397,47,18742.954493
-488274.82892,5,18743.094892
-498125.651655,5,18743.201792
-502684.893271,5,18743.371393
-497488.847391,5,18743.511504
-502133.662879,5,18743.61371
-778091.230182,9,18743.783002
-685894.745921,8,18743.928954
5166868.377136,52,18744.916286
4278163.276148,47,18745.898226
5096105.337905,43,18746.752743
5144130.784115,37,18747.504189
-1012971.054997,13,18747.780544
5428562.33763,24,18748.310195
-496499.314884,5,18748.425266
-576384.406494,7,18748.576781
-499878.22253,5,18748.717289
5195308.2315,32,18749.479703
-776561.800938,9,18749.6632
-840433.943556,11,18749.919632
4983871.781917,41,18750.879532
5402566.473155,27,18751.445461
-502430.13968,5,18751.539851
-816691.687358,10,18751.740026
-560622.277541,7,18751.897491
-484204.789769,5,18752.01608
5267295.14096,94,18754.067124
5141564.568275,37,18754.824655
5780312.533322,62,18756.048658
-500888.12987,5,18756.163688
-681125.738356,8,18756.339445
-487763.523358,5,18756.44237
-491052.07059,5,18756.557585
-502454.535203,5,18756.690903
-719211.235669,9,18756.909002
5156538.967955,34,18757.642294
-497392.087878,5,18757.751407
5301731.79206,35,18758.545182
-490895.040303,5,18758.648238
4113741.49018,52,18759.835992
-502282.326901,5,18759.933472
-485082.037676,5,18760.036032
-773643.345224,9,18760.211767
-497476.224857,5,18760.332844
-481056.260299,5,18760.448019
-559344.734643,6,18760.587454
-477843.811402,5,18760.690467
-713065.515964,8,18760.848006
-502273.601139,5,18760.95106
5188800.917596,36,18761.720563
-1030218.671306,13,18762.005565
-902422.808783,11,18762.290244
-463951.549486,5,18762.393434
-500634.713979,5,18762.508568
-502480.369081,5,18762.627882
-912577.9344,11,18762.866081
5242834.02118,38,18763.659832
-500584.468728,5,18763.750856
-481857.179878,5,18763.847626
-879657.468896,11,18764.086785
-607879.919492,7,18764.244279
-485068.462559,5,18764.338517
-546994.143054,6,18764.465886
5315753.557153,39,18765.235551
-817198.754518,10,18765.417031
4917455.709236,42,18766.283705
-451192.838075,5,18766.386949
-483380.035988,5,18766.495865
-789250.693365,10,18766.707743
-494091.59079,5,18766.811008
5421628.517146,27,18767.392739
-1142540.693218,15,18767.671655
-494851.613509,5,18767.777495
-563301.393584,7,18767.938087
-481856.765579,5,18768.041209
5285191.752749,43,18768.865603
4217266.531686,51,18770.013992
-950239.254235,12,18770.396696
-780241.405999,9,18770.604472
-502927.75118,5,18770.725636
-773158.826208,10,18770.951426
-496381.058156,5,18771.058949
-501419.850276,5,18771.180089
4750679.070892,40,18772.022324
-669013.095131,9,18772.22255
-472922.944607,5,18772.337574
4441091.937698,48,18773.307349
-490700.033394,5,18773.404153
5240658.313469,37,18774.131727
-502546.472746,5,18774.224968
5381330.114562,31,18774.840753
4714623.865371,42,18775.67047
-522187.258313,6,18775.785729
-485338.22425,5,18775.882555
-638244.580398,7,18776.022035
-778656.786396,10,18776.215958
5439051.963238,29,18776.809767
4992858.45573,38,18777.591473
-947514.22232,12,18777.828001
-772491.881943,9,18777.997513
4958448.258429,39,18778.785544
-501873.355749,5,18778.882525
-595131.493995,7,18779.047059
-691504.882996,8,18779.209525
-486133.043293,5,18779.306548
5428222.213986,54,18780.482012
5138067.109817,38,18781.312297
5340901.158815,29,18781.991081
4542015.09462,45,18782.912149
5209222.587424,35,18783.633299
-820704.088232,10,18783.827602
5163964.331097,33,18784.493739
5229891.33776,32,18785.117997
-497257.626741,5,18785.221215
5195018.391546,33,18785.917782
-694600.825146,9,18786.127211
5312451.237997,30,18786.772462
5007529.042922,36,18787.473666
-502768.702232,5,18787.578025
-479911.773612,5,18787.678435
-466594.081652,5,18787.772784
5260718.68156,34,18788.445142
5375212.270186,46,18789.329353
4907525.598992,38,18790.094766
4847049.920738,39,18790.87898
5541042.341219,39,18791.66606
4107308.197294,50,18792.674316
-500391.782036,5,18792.767891
-631826.03236,8,18792.930588
4764260.063804,40,18793.739769
-502180.91435,5,18793.85991
-499330.974038,5,18793.962745
4704547.110909,43,18794.834358
5077802.250862,36,18795.573395
-451054.035276,5,18795.672956
-725713.380898,9,18795.857128
-467121.359523,5,18795.952612
-833083.710539,10,18796.154873
-607965.315193,7,18796.297913
-465520.988577,5,18796.393301
5318683.095021,37,18797.158674
-699038.285837,9,18797.343986
-486269.016392,5,18797.450766
4522082.307014,46,18798.354527
-486314.56123,5,18798.449593
-495681.030761,5,18798.544259
-853337.704314,10,18798.746489
4888691.734218,39,18799.562856
5406839.656294,26,18800.072382
5410279.490978,25,18800.553212
4714855.274641,42,18801.367115
-880295.585795,11,18801.576451
-663389.590203,8,18801.734082
-484555.289116,5,18801.828769
5340035.350597,31,18802.428635
-474284.743287,5,18802.529557
-685358.229572,8,18802.685458
4090748.212397,50,18803.639795
-911295.890918,11,18803.84856
-488060.207781,5,18803.946043
4919188.181905,40,18804.706948
-492510.427779,5,18804.801985
-502722.244526,5,18804.896126
5280964.719327,35,18805.578803
-483831.618039,5,18805.673024
5413863.472392,25,18806.163959
5096428.987946,35,18806.846824
-786899.077756,10,18807.045134
-804435.503113,10,18807.248724
-615762.452057,7,18807.3843
-496273.653591,5,18807.482089
-481682.996668,5,18807.584646
-488664.070398,5,18807.683751
5676890.066957,36,18808.393714
5347657.650084,32,18809.027701
-494677.40641,5,18809.129925
-493846.100952,5,18809.236422
5175758.320229,34,18809.9238
-487499.560237,5,18810.024072
5339025.867687,37,18810.739382
4944356.788344,37,18811.463417
-492055.727194,5,18811.563128
-477346.778525,5,18811.663153
5100060.587453,34,18812.33638
-797864.366788,9,18812.545319
4652672.552665,55,18813.590594
5241176.589321,35,18814.249914
5291760.620377,32,18814.867744
-499179.327439,5,18814.975142
5377830.508222,33,18815.665579
-511097.814576,6,18815.793319
-497891.722329,5,18815.905449
-484221.832307,5,18816.008376
-664225.847166,8,18816.172118
-1059070.754164,13,18816.426168
4399390.612239,48,18817.405239
5251697.15772,35,18818.127825
5465261.427434,44,18819.012687
-822838.600962,10,18819.210821
-734331.264059,9,18819.374561
4727783.236883,42,18820.202208
5021124.994657,36,18820.944323
-855305.432781,10,18821.15975
-500204.307564,5,18821.261213
-484822.195122,5,18821.354932
-716682.328415,8,18821.507252
4990330.393581,38,18822.23976
-502627.19656,5,18822.333495
-494694.14071,5,18822.43058
-489140.354068,5,18822.529451
-481360.695002,5,18822.631667
-495326.492379,5,18822.729445
-475726.029325,5,18822.822232
4800885.525924,45,18823.718114
-503010.749302,5,18823.820347
-572324.103622,7,18823.949605
-870004.172477,11,18824.161469
5310109.161594,30,18824.733084
4597058.419866,47,18825.64942
-496059.724549,5,18825.752702
-916909.601505,11,18825.963089
-490932.66521,5,18826.058209
-653599.804639,8,18826.219375
4457407.314784,46,18827.137372
-556536.874758,6,18827.260255
3418728.460283,61,18828.461143
-471286.764144,5,18828.555137
5372642.203289,31,18829.170272
-497765.229288,5,18829.26682
5096564.422153,36,18829.979224
-489094.376812,5,18830.077925
-1111144.66517,15,18830.370258
4456901.893996,46,18831.265703
4271907.78035,47,18832.196252
5403562.283988,27,18832.71838
-485933.115221,5,18832.810836
5416182.086217,23,18833.254487
3817055.735319,57,18834.387985
-483258.663238,5,18834.492614
-487608.333968,5,18834.589136
-494587.458888,5,18834.684745
-489398.094299,5,18834.780762
-787969.022485,9,18834.954286
-1150217.400021,16,18835.253123
-493935.364893,5,18835.348168
5316884.198044,32,18835.966366
-458460.862928,5,18836.062379
-1146816.232378,14,18836.356044
-494813.750167,5,18836.451441
5311823.897029,31,18837.087345
-502661.590728,5,18837.196733
-497735.731951,5,18837.307637
-920120.574809,11,18837.51761
-491019.812407,5,18837.6116
-1280671.51316,16,18837.924069
5374532.043841,28,18838.484347
-502447.0437,5,18838.595445
5371468.250846,30,18839.194377
-575283.585078,7,18839.329559
-1106986.734232,14,18839.617497
-656268.971141,8,18839.783952
4983724.89248,37,18840.544412
-502420.856377,5,18840.641736
-810462.165526,10,18840.844544
-486786.614236,5,18840.949412
-454644.020967,5,18841.047306
-491702.003671,5,18841.149455
-495764.111034,5,18841.248525
4826101.513783,41,18842.06456
-769836.861727,9,18842.25942
-650049.210117,7,18842.393252
4832804.750105,38,18843.14308
5235857.256217,36,18843.826229
-986152.129685,13,18844.071426
-608613.842264,7,18844.211441
-572701.797862,7,18844.355073
-494328.334526,5,18844.44619
5380335.889643,29,18845.007653
-494658.870992,5,18845.117149
-500470.034015,5,18845.226212
-867647.697949,11,18845.441139
5146026.122432,36,18846.126422
4152733.719812,50,18847.086437
-484015.000887,5,18847.192118
-527071.776742,6,18847.313006
-492307.568652,5,18847.413692
-831511.20672,10,18847.607267
5490210.868896,62,18848.811499
4957216.315512,38,18849.567708
-651946.684101,8,18849.719329
-474419.831183,5,18849.813141
-849903.371642,11,18850.027292
-495607.12198,5,18850.132246
-669787.542168,9,18850.316378
5394928.213347,30,18850.907014
5218139.063244,36,18851.63699
-1147630.185095,14,18851.917033
-489998.620179,5,18852.01319
-810677.007387,10,18852.218267
-726831.853447,9,18852.393675
-502690.971997,5,18852.49608
4940931.330937,37,18853.25459
-479292.635151,5,18853.349479
-616542.06977,7,18853.485056
-474240.691195,5,18853.582621
5414119.486444,40,18854.36666
-925548.430002,11,18854.581432
-761634.942411,9,18854.750425
-720593.49157,9,18854.915885
5390765.48136,27,18855.447674
-500726.764253,5,18855.543572
-1487789.446942,19,18855.893058
-485223.509758,5,18855.987329
5037542.494048,37,18856.705112
-1138985.114069,14,18856.965615
5172921.356674,46,18857.877774
5231905.441574,37,18858.603547
5445988.659081,26,18859.115409
-486554.661285,5,18859.216025
-502101.661093,5,18859.311834
5101681.378283,34,18859.974705
-717758.823298,9,18860.151232
5417913.827301,25,18860.658711
-580761.259577,7,18860.792919
-501379.343031,5,18860.888497
-493118.339146,5,18860.986527
-747853.178328,9,18861.161098
-495685.416691,5,18861.251922
-473634.645909,5,18861.350997
-501366.713847,5,18861.445035
-482700.574641,5,18861.546663
5159340.843197,38,18862.299793
4919675.036468,39,18863.058075
5406573.65908,30,18863.62278
-781460.58057,10,18863.807408
5266329.593009,41,18864.581412
5195629.967733,35,18865.260041
5426752.41617,24,18865.726633
-500559.881771,5,18865.820606
3961143.429626,52,18866.814721
-939223.934612,12,18867.045721
-734398.573209,9,18867.268322
4975902.332799,38,18868.01352
-474402.045465,5,18868.113506
-931333.694284,11,18868.322964
-681919.693493,8,18868.481647
-547840.867665,6,18868.608773
-1018413.663907,12,18868.845284
5396216.41525,29,18869.435358
5034644.021482,40,18870.214545
-500764.736177,5,18870.307895
4819872.309636,39,18871.040884
-545637.703392,6,18871.156356
5298525.844889,31,18871.761989
-487856.602738,5,18871.853224
-790769.128797,10,18872.049198
5334868.421146,32,18872.65307
-640125.200115,7,18872.783918
5267737.131951,58,18873.889665
4498049.070904,43,18874.702857
5339197.441801,31,18875.279873
5439650.403882,29,18875.813332
-500102.89421,5,18875.915632
5365638.005441,32,18876.523071
5076067.295207,37,18877.250165
5437456.264301,26,18877.754113
-770730.622345,9,18877.91948
-494184.228961,5,18878.019995
-482671.704684,5,18878.122571
5083187.76583,35,18878.773713
-503174.799842,5,18878.864653
5400691.193073,31,18879.444665
5277580.320623,42,18880.329722
-1126379.596057,14,18880.640988
5259609.004038,33,18881.352327
-469068.76129,5,18881.465081
4830340.447357,38,18882.302396
4429586.652765,47,18883.334045
-502464.333748,5,18883.436436
5236248.412127,36,18884.193538
-487977.276348,5,18884.285372
-623606.039993,7,18884.42581
-499487.595612,5,18884.523785
-629147.229457,7,18884.658296
-491686.945735,5,18884.773108
-662356.582167,8,18884.940172
-713781.6596,8,18885.098243
-823125.938472,10,18885.296959
-576405.868229,7,18885.425284
5354492.677854,36,18886.133181
-497084.150731,5,18886.23831
-487723.168372,5,18886.333144
-909917.733103,11,18886.54252
-491340.372044,5,18886.640867
5360605.916675,34,18887.319889
-489508.95681,5,18887.421546
-515019.554887,6,18887.553073
5080312.730632,39,18888.36906
-475785.395541,5,18888.461097
-1117074.989358,15,18888.730233
-500941.696499,5,18888.82497
5195834.096359,32,18889.491755
-1139285.275235,15,18889.867273
-721420.641793,9,18890.059553
5121145.179094,35,18890.838656
5406767.755439,25,18891.305423
5412218.367169,25,18891.794183
-461130.790232,5,18891.895977
5332357.574917,36,18892.607113
-467762.148921,5,18892.69585
-492467.702257,5,18892.786127
-502217.701548,5,18892.876919
3885519.41811,52,18893.895019
-1189241.489348,15,18894.188913
4954522.403056,39,18894.981661
-759430.593364,9,18895.164541
4655600.656845,54,18896.265525
-471272.317729,5,18896.362922
-493209.953694,5,18896.460346
-495463.321907,5,18896.559229
-490733.03645,5,18896.656449
5017730.073399,40,18897.445986
-742893.402135,9,18897.627914
5357217.836772,55,18898.718524
5132011.78675,36,18899.38621
5281102.556594,32,18900.013767
-720804.797648,8,18900.175866
4901080.11196,37,18900.898298
5419463.115425,26,18901.405272
-488535.540096,5,18901.506008
-498576.17276,5,18901.604367
-494625.908743,5,18901.701831
-856234.757983,10,18901.904429
5000081.99065,34,18902.576326
-493929.173759,5,18902.672016
-490592.196631,5,18902.765204
-474160.297649,5,18902.863198
4125748.476776,49,18903.8284
-472192.082608,5,18903.926389
-749566.480384,9,18904.095567
-486334.852938,5,18904.196753
4920094.355022,42,18905.038114
4835011.2706,43,18905.938099
-778052.583645,10,18906.212543
-573070.325415,7,18906.359258
4035033.709972,53,18907.428313
4422575.703493,49,18908.377891
-867115.762206,10,18908.563852
-657847.66383,8,18908.72172
-549209.65335,6,18908.833698
5275922.883753,32,18909.460669
-778691.751127,9,18909.629335
-810799.317684,10,18909.81267
4939998.442604,39,18910.582045
-502533.695026,5,18910.675783
5372397.69094,35,18911.355421
-855125.556357,11,18911.560666
-472359.193591,5,18911.652214
-495334.631341,5,18911.74778
-503184.637211,5,18911.844565
5217936.994166,35,18912.514111
5274435.629625,56,18913.585117
5071835.158257,39,18914.322098
4236982.688029,46,18915.243926
-498174.996469,5,18915.366802
4220863.655885,48,18916.322512
-781985.183626,10,18916.522949
-141855.559149,7,18916.666023
-841792.668392,10,18916.863496
-502585.886255,5,18916.961238
5414971.413125,27,18917.490139
-959281.816312,12,18917.738698
-501303.960144,5,18917.846797
-474280.470386,5,18917.958827
5387480.322334,33,18918.799066
5014460.486011,36,18919.669787
4149476.921808,51,18920.998969
-475344.926195,5,18921.114137
5236398.359732,36,18921.974843
-830152.757927,10,18922.234088
-518505.491071,6,18922.375612
-485568.508769,5,18922.485501
-471757.327894,5,18922.593647
5169473.949061,35,18923.427801
5286662.714732,35,18924.16589
-465411.532356,5,18924.268831
5422361.888418,57,18925.657365
-598488.667202,7,18925.828764
-820273.033712,10,18926.081019
5346783.424054,31,18926.761836
-486665.941203,5,18926.8554
5341291.694811,31,18927.477282
3834693.254255,54,18928.666571
-507298.98127,6,18928.787537
-657911.420569,8,18928.968507
5310722.408726,33,18929.734615
-765325.2633,9,18929.908923
5289307.707928,38,18930.725011
-620762.504156,8,18930.885274
5350057.814567,34,18931.563491
5376843.208421,30,18932.173158
-1011441.961513,13,18932.435786
-803066.6275,10,18932.633649
-495059.312327,5,18932.735233
-991453.834877,12,18932.96907
-494524.378035,5,18933.069084
-710863.107742,8,18933.246254
5543428.254055,51,18934.282133
-494004.759155,5,18934.381932
5876055.373339,74,18935.862035
5413370.995819,30,18936.531854
-647089.266287,8,18936.723112
5077827.523998,35,18937.401207
5327300.484189,33,18938.045605
-496474.02617,5,18938.14659
5217349.945017,34,18938.827331
4135773.684902,49,18939.840085
-461897.284247,5,18939.93801
5393148.354043,26,18940.450277
-775819.217983,9,18940.630005
5305145.466428,34,18941.27838
5124188.991157,40,18942.055951
5132883.773649,35,18942.725573
-470840.436714,5,18942.820781
5171154.783432,36,18943.530744
-705997.637087,8,18943.699617
-486709.750396,5,18943.80203
-675925.099058,8,18943.95568
-488697.792211,5,18944.054938
-906935.585247,11,18944.303515
-485075.241385,5,18944.396271
5435323.856333,27,18944.930003
-499391.507874,5,18945.035234
5171783.892936,35,18945.696984
-610869.255709,7,18945.831923
-789870.19306,9,18946.003126
4561583.272176,46,18946.971701
-771808.519615,9,18947.147694
-676768.047377,8,18947.304658
5106253.757435,35,18948.02871
5234611.835202,89,18949.952368
-482927.143864,5,18950.055918
-787526.543738,10,18950.399522
-704660.180284,8,18950.558387
5340669.595282,30,18951.127516
5319017.233694,31,18951.712381
5383159.30278,28,18952.263052
-712145.192372,9,18952.436638
-603381.99852,7,18952.57259
-1031329.667859,13,18952.816951
-496678.743781,5,18952.913985
-823752.156532,10,18953.118939
5166027.827055,61,18954.373641
-1083869.990127,13,18954.64801
-683424.431303,8,18954.803973
-550275.426499,6,18954.920236
5037865.715613,36,18955.708858
-842143.614897,10,18955.925341
-557694.02296,6,18956.046515
4931596.025863,39,18956.905032
-940108.078587,11,18957.133971
-494819.616705,5,18957.243356
-497334.728225,5,18957.34335
-490418.250587,5,18957.454112
-501234.740513,5,18957.576803
-850753.256686,10,18957.770762
-493207.634809,5,18957.873294
-472369.117111,5,18957.96765
4763387.989295,40,18958.803442
-467265.789288,5,18958.922133
-497299.998305,5,18959.019847
5416104.673934,26,18959.549632
5291303.773856,37,18960.276921
-485797.505781,5,18960.36676
-675531.495774,8,18960.514108
5762602.652979,63,18961.692559
-489975.108061,5,18961.797458
-468311.038468,5,18961.894012
-488174.667935,5,18961.998113
4560431.925735,42,18962.880943
5546523.174854,49,18963.928019
-485598.204993,5,18964.035548
-646899.365522,8,18964.21375
5324611.236276,71,18965.723051
-486243.169275,5,18965.847151
4715370.814811,54,18967.039814
5408032.901184,44,18968.007864
5183980.151248,33,18968.793074
5416500.868451,27,18969.438053
5120058.851016,34,18970.218159
-485282.673468,5,18970.324352
-657301.416102,8,18970.51088
-742261.936834,9,18970.72911
-700916.656244,9,18970.934694
-502927.76587,5,18971.032281
4734666.437754,41,18971.963059
4783856.734594,46,18972.811488
-1102263.790323,14,18973.064146
3836149.383462,56,18974.11972
-670234.548363,8,18974.270838
4535886.962377,45,18975.116804
-474434.079363,5,18975.215208
-499908.720809,5,18975.309056
-499225.861288,5,18975.405264
-871256.207881,10,18975.598799
4931580.198084,39,18976.374501
-826287.613715,11,18976.560966
5131369.8084,45,18977.355232
5016014.635597,35,18977.965459
-722402.756772,10,18978.145113
-979702.212633,13,18978.377928
4931073.796452,37,18979.025549
-496882.558482,5,18979.116815
-501570.028279,5,18979.204829
-499626.914158,5,18979.292719
-702050.743172,8,18979.438474
5146449.861073,39,18980.14483
5921988.33825,89,18981.743891
-492415.988538,5,18981.836496
5192551.33817,32,18982.433805
-506034.584894,6,18982.542688
5215095.999636,39,18983.269
-774292.976163,9,18983.440409
5432686.624294,26,18983.937113
-818021.18427,10,18984.117359
5323385.600378,32,18984.719533
5288549.048671,33,18985.334363
4927959.613797,41,18986.112814
-483309.749531,5,18986.205029
-865111.2981,10,18986.393998
4918306.94427,37,18987.068673
5387478.955303,30,18987.635368
-485576.004404,5,18987.734247
4464590.109773,44,18988.555939
-500239.109235,5,18988.646974
5378639.311555,29,18989.202422
5216325.47391,40,18989.954978
5544097.655051,45,18990.824778
5406697.995568,26,18991.310723
5242613.488006,34,18991.92865
5212616.656929,34,18992.526929
-468558.940776,5,18992.613732
-1157750.791906,15,18992.879982
5371088.273422,31,18993.424711
-464206.152841,5,18993.512403
-476071.106322,5,18993.599023
-502101.4659,5,18993.684994
5419912.871607,27,18994.173916
5310778.779213,32,18994.752006
-760811.018714,9,18994.923407
4295852.891276,48,18995.785217
4971953.396228,37,18996.442257
-499541.40459,5,18996.533582
-673338.144922,8,18996.67255
5182866.589074,34,18997.304897
5102385.669987,43,18998.069193
-477162.854313,5,18998.157435
-719849.642993,8,18998.304733
-488982.017458,5,18998.396362
4532874.838944,47,18999.256298
5337914.796086,34,18999.965974
-886649.123686,11,19000.218228
-485914.852235,5,19000.305077
-717357.669037,9,19000.461514
-502445.538401,5,19000.547782
-490722.1355,5,19000.636413
5255433.155438,33,19001.208443
-740154.40959,9,19001.373636
-517422.34657,6,19001.481286
-162672.08755,8,19001.62413
4901283.815711,36,19002.26352
5388634.771098,28,19002.778723
-491277.18909,5,19002.867908
5350239.183352,33,19003.502578
-762608.417574,9,19003.683898
-492450.860713,5,19003.778569
5296234.295303,33,19004.439857
4830442.757963,40,19005.142506
-572487.128377,7,19005.26863
5101795.446932,36,19005.922249
5000592.235481,36,19006.638197
-488998.808954,5,19006.735458
-990563.341131,12,19006.96992
5019981.045758,35,19007.685704
4578411.625179,50,19008.845045
-489156.862751,5,19008.935599
5461502.991221,47,19009.806648
-467977.545715,5,19009.896918
5335579.593529,33,19010.519533
-487630.567955,5,19010.620285
-654452.58883,8,19010.774464
-614232.453095,8,19010.92636
-694974.073626,8,19011.081564
-502741.465458,5,19011.195862
-496762.578492,5,19011.308857
-484169.535366,5,19011.409832
-714649.111477,9,19011.594875
-481473.9668,5,19011.698816
4927752.468177,39,19012.50142
-494574.54618,5,19012.594025
-631777.253307,7,19012.716429
5583773.922657,43,19013.485034
-488743.32462,5,19013.571135
-571295.861392,7,19013.698119
5228679.345062,38,19014.752096
4090278.130342,49,19016.493716
-720412.919788,9,19016.690886
5108883.190894,33,19017.607927
-805422.714978,10,19017.830564
5268106.418855,63,19020.48816
4988310.685243,38,19021.547569
-731084.53593,9,19021.779242
-778888.426775,10,19022.137314
-829511.13222,10,19022.599402
-488758.220802,5,19022.802839
-837688.293973,10,19023.023094
5463653.612944,45,19024.167628
-486026.935188,5,19024.409543
-502818.196648,5,19024.68154
-483270.598678,5,19024.898174
-669218.028967,8,19025.115738
-749431.13603,9,19025.531709
-486728.747479,5,19025.767466
-469876.380994,5,19026.0079
-486964.369918,5,19026.403385
-486334.599726,5,19026.630743
-672169.367278,8,19027.051582
-552677.937968,6,19027.394467
5194177.292707,54,19030.271435
-476922.449014,5,19030.565315
4903258.838451,61,19033.697886
-484215.839725,5,19034.070187
4597976.890237,46,19036.159922
-494979.044225,5,19036.350757
-701991.686327,8,19036.618017
4826715.267031,40,19037.503199
-501612.463335,5,19037.606433
5426825.675296,29,19038.166767
-502712.390211,5,19038.266098
-488398.051423,5,19038.355657
-782263.879103,10,19038.550768
-647342.05264,7,19038.68256
-494604.703907,5,19038.776738
-502911.646343,5,19038.867168
-501232.074325,5,19038.962264
-469342.596037,5,19039.049386
-497044.894375,5,19039.135404
-502723.095097,5,19039.223718
-521096.08088,6,19039.337959
-492995.985705,5,19039.432991
-596946.549995,7,19039.568893
-515010.437583,6,19039.678211
5291226.302871,32,19040.26138
5203034.027658,35,19040.899826
-519545.290123,6,19041.00714
-502601.852699,5,19041.101416
-697030.050786,8,19041.250097
-497008.863584,5,19041.346647
-479738.779337,5,19041.443301
3893961.913938,54,19042.458836
-493687.429331,5,19042.555523
5352852.872776,30,19043.140094
-500579.479347,5,19043.232764
5416269.593089,25,19043.701317
-488427.929902,5,19043.793942
-467962.492425,5,19043.887238
-758170.074073,9,19044.050912
5116733.995276,37,19044.773174
4790828.198765,43,19045.627752
-492445.474858,5,19045.727273
-659631.287022,8,19045.87487
5394296.493921,30,19046.418321
5405884.767979,30,19047.071507
5117439.356042,36,19048.254575
-783408.436862,9,19048.419147
5020011.747438,39,19049.151268
-918008.583145,12,19049.404436
-709964.122986,8,19049.563146
5293371.621673,35,19050.213918
-762209.431618,9,19050.390971
-494690.181669,5,19050.486624
4873318.03639,39,19051.204309
-495652.666613,5,19051.305856
4513530.333549,42,19052.09423
5308235.46711,34,19052.71966
4487322.017588,44,19053.507609
-734870.746682,9,19053.670604
-668226.753762,8,19053.80724
5213740.329572,43,19054.58972
-480767.636789,5,19054.687673
5442449.747744,29,19055.22519
-484800.356287,5,19055.337343
-780141.565615,10,19055.533515
5208676.750863,35,19056.231451
4956332.082429,37,19056.952412
3968781.414995,56,19057.969808
-481497.560879,5,19058.066088
-1069954.17336,13,19058.301341
-487907.906542,5,19058.389112
-497942.007354,5,19058.476973
-511719.175877,6,19058.586825
-498962.241434,5,19058.680167
-713380.191784,9,19058.842435
4795115.05819,41,19059.589962
-486731.085005,5,19059.685416
-634067.151408,7,19059.825684
-747895.011659,9,19060.013281
-492777.63717,5,19060.11023
-879787.910904,11,19060.353205
-446552.288312,5,19060.441722
5321683.262383,34,19061.032542
-475123.647919,5,19061.123499
4806365.579168,42,19061.858905
-1006210.050464,14,19062.096551
-497028.077594,5,19062.182943
5049444.563341,40,19062.917775
-618145.237897,8,19063.056302
-461988.198025,5,19063.148695
-498771.289144,5,19063.24266
4211009.786376,49,19064.14606
-884969.835302,11,19064.344261
4998365.160721,38,19065.066184
5359850.791919,35,19065.71266
-490320.530994,5,19065.806238
5132602.07411,36,19066.470237
-489010.486333,5,19066.557913
4114149.59735,49,19067.476504
-1453009.308568,18,19067.80378
5394732.98068,34,19068.436375
-706214.118918,9,19068.602439
-735051.361904,9,19068.76899
-488271.129976,5,19068.859195
-570912.155184,7,19068.993331
4968980.615287,39,19069.777228
-666264.643022,8,19069.930678
5383633.107143,28,19070.447778
4443626.1785,45,19071.226999
4423068.323226,47,19072.071752
-788482.238047,10,19072.268874
5268358.415608,31,19072.838871
-510788.297311,6,19072.94726
-492806.43664,5,19073.033823
5195496.620871,32,19073.62274
3791089.864365,55,19074.631426
-908240.207749,12,19074.851347
-279410.425505,8,19074.997096
-500737.331958,5,19075.083047
5254982.851152,35,19075.771235
5375989.131175,32,19076.367943
-725015.100527,9,19076.550997
-470611.954979,5,19076.642089
-1051555.725344,13,19076.879994
-600237.966129,7,19077.000739
-474776.762562,5,19077.087235
-764922.804834,9,19077.246416
5406628.028719,27,19077.754363
-484567.954522,5,19077.868315
-794294.723988,9,19078.054319
-490362.166678,5,19078.145591
-855478.926081,11,19078.343524
-481823.375583,5,19078.434921
4788883.405467,41,19079.196757
-481531.405766,5,19079.286848
-986785.777785,12,19079.495707
4907624.501218,64,19080.666788
4995109.345173,36,19081.373047
5259876.056137,38,19082.126007
-816828.475141,10,19082.32319
5617192.613205,45,19083.141299
-1150635.246778,16,19083.452677
-487631.018183,5,19083.548359
-688828.804023,8,19083.690005
-803791.796023,10,19083.881216
3749008.877676,55,19084.929131
-502991.410828,5,19085.027789
4740557.225907,41,19085.828444
5370747.17445,29,19086.390137
-715539.842075,9,19086.570336
5774037.569465,52,19087.623645
-739300.25402,9,19087.802487
5274587.496591,33,19088.464762
-502582.014173,5,19088.55973
-845589.350774,10,19088.748793
5135480.521764,37,19089.46461
-556306.049512,7,19089.590231
4673786.28158,41,19090.416966
-502939.926301,5,19090.510983
-857882.401653,10,19090.7011
5251525.865961,37,19091.421211
-486458.351444,5,19091.517059
4197438.681938,48,19092.445912
5048226.866718,38,19093.12523
-486841.737806,5,19093.224855
5322247.345042,38,19093.926434
5984131.380187,61,19095.020278
5398821.882712,45,19095.861062
5301252.327274,30,19096.424088
5156826.062773,38,19097.177793
-648588.699108,8,19097.340152
5023536.693644,37,19098.087312
5261105.362185,32,19098.723407
-739367.642663,9,19098.906628
5266984.444867,32,19099.611218
-600183.311467,7,19099.743533
5254584.222925,33,19100.409327
-496038.273407,5,19100.492886
-575866.427387,7,19100.620298
5430376.82908,25,19101.078363
5420229.680376,28,19101.600038
5037850.634712,40,19102.333614
-817282.799672,10,19102.515979
5330105.248104,36,19103.212533
-1075298.494088,13,19103.471431
5140347.953913,40,19104.247963
5242310.238795,32,19104.872031
5012474.050485,38,19105.633307
-502637.41725,5,19105.724956
5417516.473766,24,19106.194932
5445904.656385,32,19106.822116
-488606.702156,5,19106.925382
4988780.98351,35,19107.634674
5028723.709555,36,19108.334492
5385354.521106,27,19108.849177
5016507.542479,35,19109.528379
4785157.388855,40,19110.278726
5063600.289623,35,19110.946223
-467851.656847,5,19111.045166
5292670.959161,36,19111.763156
-472995.418578,5,19111.858249
-515460.63307,6,19111.97726
4913092.729391,41,19112.790838
-473852.899647,5,19112.88666
-463783.809973,5,19112.986485
-1345069.595459,17,19113.311906
-492831.001964,5,19113.401263
-803003.037369,10,19113.591811
-718277.956424,9,19113.767811
5415882.426651,28,19114.286467
5347734.877014,37,19114.957781
-714622.043568,9,19115.126735
-487808.77923,5,19115.222976
-600739.668987,7,19115.350308
-796099.480781,10,19115.525434
5183403.194786,34,19116.117428
-482199.028529,5,19116.210886
4927509.092613,46,19117.104602
5290051.81728,35,19117.760241
-489781.336799,5,19117.858777
-775301.027529,9,19118.035376
-494781.751631,5,19118.135493
5454344.627698,25,19118.648712
-482981.154832,5,19118.74546
-820153.433926,10,19118.947842
5684510.159438,47,19119.8366
5431670.814888,26,19120.332896
5295965.597008,34,19120.944448
4151855.469906,66,19122.218131
-503077.418063,5,19122.320579
-580196.046551,7,19122.456517
5425818.355978,25,19122.956601
5382895.216165,32,19123.551857
4844220.915305,41,19124.335102
-478180.929629,5,19124.419571
5378380.24264,31,19124.964158
-479330.026735,5,19125.054474
5507548.344817,69,19126.354008
5245907.119528,35,19127.025394
4798541.539766,40,19127.770786
5426157.195296,23,19128.233
-996250.02008,13,19128.49464
3896496.902886,57,19129.608448
-493865.901477,5,19129.712997
-707037.042296,8,19129.869902
4891035.899059,39,19130.668913
-459204.658271,5,19130.766919
4214744.122279,45,19131.668594
-596646.045498,7,19131.789526
4554260.311687,44,19132.604557
4997114.367863,39,19133.304484
4217673.381922,47,19134.168787
-471610.289912,5,19134.27331
-832336.351887,10,19134.474574
5416853.985226,31,19135.113713
-500253.689693,5,19135.206605
-481612.702189,5,19135.300186
5218500.295051,35,19135.951421
5206162.02619,36,19136.623405
-684128.743131,8,19136.775687
-488199.476061,5,19136.866357
-712884.544025,8,19137.001838
-516207.16986,6,19137.104091
5424603.835246,26,19137.566341
-489754.7695,5,19137.660709
-496637.809168,5,19137.745106
-493816.076395,5,19137.839137
4478096.573686,46,19138.650907
-495149.472196,5,19138.742383
6194372.440369,100,19140.489902
5063916.565258,36,19141.093021
5014601.301164,38,19141.772136
-482538.902719,5,19141.855438
-1034027.640955,13,19142.074568
-490821.003552,5,19142.162587
-846514.456386,10,19142.337192
-502364.753435,5,19142.424468
4532207.490293,43,19143.187029
-526040.293694,6,19143.293929
-457043.230232,5,19143.392794
-707193.07237,8,19143.536801
-489070.957275,5,19143.634772
-728190.15095,9,19143.802124
5201361.978409,35,19144.452332
5236809.219339,32,19145.05102
5413133.219289,50,19145.978494
-716961.302549,8,19146.125048
5400440.468491,29,19146.668897
-575002.524424,7,19146.802877
3917105.438298,55,19147.844575
-487122.305086,5,19147.947522
5417575.956962,26,19148.447548
-738482.384913,10,19148.631743
-778444.18704,9,19148.797639
4952494.8387,36,19149.480834
-489524.142228,5,19149.580137
5387405.695142,27,19150.126144
5284840.610139,37,19150.843686
3806604.193419,55,19151.858932
-492493.227596,5,19151.948933
4765477.718688,42,19152.685878
-475954.65127,5,19152.771957
4263532.410431,52,19153.667693
-483389.121004,5,19153.754139
-469801.298784,5,19153.839345
-487436.755046,5,19153.927504
-502391.835065,5,19154.014008
5720459.353223,50,19154.953886
-615660.611239,8,19155.112409
-600834.1538,8,19155.277214
4912226.066637,38,19156.009033
5227812.840622,37,19156.6874
-722245.779883,9,19156.848447
5240550.751226,44,19157.667068
-502041.924107,5,19157.751765
-495965.619533,5,19157.837955
5336197.07312,31,19158.363265
5294136.83261,33,19158.945326
-502883.641639,5,19159.034874
-512805.42394,6,19159.144225
-480626.563345,5,19159.23985
-652495.567441,8,19159.395702
-495563.880419,5,19159.484405
-909125.470159,11,19159.683337
-501896.623744,5,19159.77551
4493875.751585,46,19160.592297
5053442.837465,37,19161.246653
5353616.18698,32,19161.840595
4548904.468752,48,19162.709793
5358854.034798,29,19163.251686
-589496.705442,7,19163.390984
-715785.214035,8,19163.54178
-558030.766944,7,19163.674757
4495045.231408,45,19164.522088
-731898.830685,9,19164.692323
5407659.935006,34,19165.348597
4930156.045718,38,19166.034795
5682209.115401,44,19166.810994
-522037.320157,6,19166.91564
5214385.901064,33,19167.498937
-475969.299631,5,19167.584994
-480345.993666,5,19167.669353
5078726.327586,39,19168.385198
-491163.473645,5,19168.478951
-462441.07692,5,19168.575614
4927171.027406,38,19169.288703
-564936.746104,7,19169.430137
-494658.331174,5,19169.523657
-464374.493338,5,19169.619512
-483303.795906,5,19169.710551
4089477.785638,52,19170.696726
-496381.890977,5,19170.788824
-587245.836809,7,19170.923385
5270732.455542,30,19171.578454
-496268.228864,5,19171.672878
5291884.5646,35,19172.300341
4759664.111593,43,19173.105124
-825348.409621,10,19173.284816
5173345.438684,32,19173.886319
-497178.32745,5,19173.974576
-671126.804332,8,19174.11364
4682067.295651,43,19175.31887
4293906.348369,47,19176.37516
5248593.932739,36,19177.077183
-474835.454415,5,19177.165524
5393810.946258,29,19177.687095
5189633.600766,35,19178.291432
5236535.371143,33,19178.877517
-810564.858551,10,19179.053081
5406990.215186,36,19179.686227
-491573.806662,5,19179.772401
-482037.151076,5,19179.858198
4999902.878009,37,19180.501501
5408146.148263,24,19180.913945
-492729.328937,5,19180.997709
-1086097.318325,14,19181.236701
5011993.425909,37,19181.911999
-862697.731808,11,19182.105826
-482770.24004,5,19182.196975
-771713.926254,9,19182.358267
-503043.01485,5,19182.446591
-690371.989174,8,19182.590659
5402010.661816,28,19183.119856
-495782.02025,5,19183.211924
-793670.527745,10,19183.393045
5283756.283278,34,19184.034427
5119837.639343,36,19184.693051
-500565.563352,5,19184.779878
4543249.291155,54,19185.78437
4488931.451037,48,19186.644722
-487474.677196,5,19186.737666
-771533.574853,10,19186.911743
-489735.751434,5,19187.000469
5304284.576989,34,19187.677359
-645157.852993,8,19187.821059
-498484.854548,5,19187.926997
-627558.045075,8,19188.083267
4986813.79168,40,19188.795002
-550094.614142,6,19188.900713
5112639.681311,41,19189.737016
-1082946.801617,13,19190.0035
-545773.733562,6,19190.14059
4822821.719741,40,19190.897748
5439056.672049,28,19191.39164
-472661.331966,5,19191.481999
-502481.751598,5,19191.570047
4458178.938856,45,19192.405932
5426286.621543,41,19193.184989
-485433.310548,5,19193.279379
-778609.275522,10,19193.468821
4823799.543253,40,19194.21747
5015351.092979,37,19194.909502
-494093.327594,5,19194.99877
-494596.176829,5,19195.085748
-881515.176106,11,19195.271412
4804242.886461,45,19196.05653
-492594.014742,5,19196.139849
-494754.5146,5,19196.232957
-758936.270464,9,19196.403408
-892007.725903,11,19196.606846
5202567.151851,36,19197.265255
4925274.053369,41,19197.977867
-1236344.663742,16,19198.253801
4904251.779907,38,19199.015596
-493245.747453,5,19199.130125
5175573.733759,32,19199.716777
5298442.232539,43,19200.465748
-614036.614045,7,19200.589213
5221361.29198,37,19201.249262
4859078.166217,39,19201.964795
-503050.437208,5,19202.060417
-643150.501041,7,19202.183868
-754038.938168,9,19202.343712
5262205.738155,30,19202.889696
-818255.31873,10,19203.071463
-498277.784511,5,19203.162429
-725909.599334,9,19203.337191
-491490.259894,5,19203.428317
4191016.699084,57,19204.500529
-630624.650028,7,19204.625175
-489625.387874,5,19204.717479
5296868.323665,37,19205.441986
-488248.08347,5,19205.541668
-490388.295852,5,19205.635804
-498396.572882,5,19205.731784
-796473.213978,10,19205.902725
5120424.251489,35,19206.518288
-498525.509262,5,19206.607293
-497726.692743,5,19206.698164
-493175.658117,5,19206.787102
-498335.306429,5,19206.878263
4831337.571854,43,19207.641209
-446678.010024,5,19207.731633
5002300.3945,36,19208.409911
-480941.506642,5,19208.496886
-798688.32972,10,19208.69228
5029314.37926,35,19209.331356
5244558.778291,34,19209.928226
-499232.820851,5,19210.019348
-481198.204305,5,19210.113018
4982641.307006,38,19210.777968
5311655.423138,36,19211.429793
-944034.575149,12,19211.648574
4542523.082791,46,19212.508568
-730413.314383,9,19212.675195
-1271619.593744,16,19212.971831
4873932.200763,66,19214.170506
-476637.645093,5,19214.260226
4699820.819623,52,19215.186405
-697244.871816,8,19215.32493
-488400.235689,5,19215.417985
-721907.401931,9,19215.582111
5108271.716472,37,19216.233699
5411752.211172,31,19216.849011
-554613.676552,6,19216.976254
4883346.886973,41,19217.821724
-724069.998362,9,19217.99493
-474364.214563,5,19218.085222
-561019.86043,7,19218.218707
-503272.20921,5,19218.309344
5620988.923749,54,19219.311406
5188364.683885,58,19220.404099
5305934.33742,32,19221.007843
-492627.444882,5,19221.098225
5095656.092326,36,19221.747131
-863586.470042,10,19221.925819
-639302.628542,8,19222.066796
-702458.721802,9,19222.22548
5334548.512151,31,19222.81395
-816319.472418,10,19223.000198
-505159.388159,6,19223.111207
-460722.58466,5,19223.209101
-498632.331019,5,19223.301517
-490522.632308,5,19223.405062
-901761.800247,11,19223.603143
5089704.461326,37,19224.261636
-802897.250113,10,19224.444428
5406647.010793,26,19224.910875
4500832.646677,45,19225.784171
-779850.726961,10,19225.970357
-482569.469929,5,19226.061974
-1342318.263607,17,19226.381639
5369612.789267,30,19226.934585
-495964.249315,5,19227.028802
5184342.16407,34,19227.649421
-707022.61534,8,19227.802716
5201727.243278,37,19228.484811
5230589.225739,34,19229.093038
-795929.535405,10,19229.263666
5500498.978927,49,19230.123197
5391473.11817,29,19230.627892
-624126.122367,7,19230.756082
5609268.239913,70,19232.028476
-482433.634587,5,19232.121845
5384630.373745,32,19232.74646
-839574.958889,11,19232.952066
-473291.122342,5,19233.051281
5285745.918184,47,19233.924353
-487509.02072,5,19234.016219
-478599.037526,5,19234.110659
5265180.5927,36,19234.760291
5433336.306575,33,19235.344498
-674085.628415,8,19235.497156
5392625.668899,32,19236.109151
-659193.300168,8,19236.252706
-491285.778838,5,19236.342769
5301785.327887,36,19237.019792
-487360.476562,5,19237.114136
5270570.61374,35,19237.751746
-613878.482853,8,19237.89632
-667343.659503,8,19238.045668
5290817.515845,39,19238.761257
-1284295.324749,18,19239.108932
5333353.395585,38,19239.803164
-502439.766324,5,19239.894072
5375584.195081,29,19240.422321
-502688.806002,5,19240.512134
4965549.467838,39,19241.241969
-497054.524271,5,19241.338325
-500681.28871,5,19241.443781
-1253169.494826,16,19241.736311
4389760.499768,48,19242.571587
5369023.162001,36,19243.189426
5104142.817472,37,19243.862538
-1253561.035361,16,19244.141119
-496095.664865,5,19244.226743
5440429.604927,56,19245.205072
5064811.335087,39,19245.934718
-476985.803398,5,19246.024882
5178345.807918,34,19246.65007
4189522.730988,47,19247.511886
-494109.137557,5,19247.601148
-1195513.146231,15,19247.878629
-496591.910695,5,19247.969189
-476189.610992,5,19248.053333
-485380.531721,5,19248.142831
-489007.513869,5,19248.234045
-494660.770059,5,19248.321188
-601929.943538,7,19248.448826
-493901.302899,5,19248.537004
-471447.014859,5,19248.626205
-112820.711897,7,19248.751342
5411376.149548,28,19249.256275
-944757.728369,13,19249.506331
-649805.086595,8,19249.651027
-486423.00093,5,19249.739372
5392852.241594,28,19250.249198
-486803.197767,5,19250.340592
4747428.086271,42,19251.080027
-697767.593645,8,19251.220987
-492783.566033,5,19251.305463
-496438.961929,5,19251.399813
-648428.170297,8,19251.552909
-620129.477212,8,19251.699642
-853980.233255,10,19251.878131
5739139.552158,41,19252.677011
4656765.395202,47,19253.50659
-894286.412977,11,19253.705503
-499806.347881,5,19253.797167
5503392.685522,54,19254.931716
5386907.670971,28,19255.405815
5820807.782786,67,19256.630656
-501965.267677,5,19256.754682
-494637.792461,5,19256.844308
5052711.865884,35,19257.487506
5365992.79598,34,19258.101729
4285913.809972,51,19259.062501
5324430.152412,32,19259.655538
-492824.593901,5,19259.752549
-1092094.621191,14,19260.018188
3958183.726516,53,19260.970386
4054998.511183,57,19261.970284
-725703.201091,9,19262.1362
4776168.26325,39,19262.851135
-494045.916391,5,19262.955008
5424834.302354,28,19263.501163
-796398.459493,9,19263.661584
-786967.742748,9,19263.827604
5053479.748231,36,19264.452583
-482045.304888,5,19264.541299
-485205.731078,5,19264.629179
-472126.461425,5,19264.719507
4847321.89292,39,19265.439591
-471699.79508,5,19265.524754
4959658.012518,38,19266.212461
-475309.088714,5,19266.300306
5400084.477668,26,19266.777773
4246177.007506,49,19267.754606
5308784.13565,30,19268.331879
4788685.705705,41,19269.088539
4749045.364859,43,19269.85473
-499506.58327,5,19269.939198
-490632.942834,5,19270.024209
-474681.84356,5,19270.11426
4941534.193362,38,19270.796571
-559961.613422,6,19270.901822
-509053.420895,6,19271.008381
-486868.306804,5,19271.097643
-1669742.116923,22,19271.505106
-904373.728911,11,19271.707377
5536595.517036,52,19272.680146
-476808.660115,5,19272.779697
5079345.212152,57,19273.900715
-495514.910326,5,19273.995934
-485800.699645,5,19274.10014
5455808.590943,31,19274.658392
5383012.907183,30,19275.181166
-474398.409401,5,19275.271073
-768714.968339,10,19275.453128
-825291.703712,10,19275.646221
4170733.521263,49,19277.54546
5293453.619347,31,19278.259695
-710151.999782,8,19278.424085
-673237.968202,8,19278.580003
5519633.011279,44,19279.408404
-492569.337989,5,19279.505002
5141636.472576,34,19280.15166
-756816.499149,9,19280.312461
-494809.038195,5,19280.407843
5355831.487525,31,19280.973277
5362280.023711,44,19281.780371
4981930.764257,37,19282.495109
-516335.493318,6,19282.618531
4689603.891428,43,19283.420396
-483643.169606,5,19283.514747
5361390.603798,33,19284.226436
-678785.222771,8,19284.434988
-495037.253752,5,19284.541588
-490781.03199,5,19284.640151
-515801.173591,6,19284.764174
-471577.222868,5,19284.855835
-476982.899436,5,19284.954975
-808032.697817,10,19285.140887
5412305.748351,25,19285.657404
-619443.589381,8,19285.795564
-495855.221224,5,19285.878955
5374473.815128,32,19286.485538
5400894.391287,27,19287.047019
-482137.44461,5,19287.15306
-851571.045339,10,19287.37789
-742038.810642,9,19287.568015
-829203.281416,10,19287.756716
-695093.306435,8,19287.907113
4961451.916088,38,19288.618098
4946057.241282,36,19289.301089
3928062.490201,52,19290.344001
-848620.321877,11,19290.550834
4849249.914647,40,19291.312344
4212324.269766,48,19292.225024
-500435.855833,5,19292.321863
5242934.073082,33,19292.936914
-485692.130543,5,19293.028161
4334291.070921,47,19293.902954
-484783.471762,5,19293.989542
4894414.93386,38,19294.679407
5267573.382404,36,19295.324018
5510622.466046,28,19295.851971
-591232.363129,7,19295.983502
-499801.185386,5,19296.077615
-466095.852703,5,19296.183481
5052872.829765,37,19296.899746
-500491.579684,5,19296.998625
3756926.650214,58,19298.108089
5185191.962671,33,19298.711611
5166994.856441,59,19299.770153
-820273.969697,10,19299.942593
-502255.879326,5,19300.036413
-693739.973021,8,19300.178169
5350538.801386,34,19300.790918
-633643.803075,7,19300.913864
-661905.447314,8,19301.062915
4505454.763967,44,19301.882641
-695139.210216,8,19302.038007
5558432.50221,53,19303.030593
-491572.757305,5,19303.126456
5132356.949865,35,19303.785855
-480919.198918,5,19303.879181
-630216.273862,7,19304.017683
-491674.724292,5,19304.11424
-497071.699139,5,19304.21096
-486579.800547,5,19304.298825
5342286.782662,37,19304.963585
5084086.382415,36,19305.656145
-822300.094719,10,19305.84629
-555492.291267,6,19305.964886
5221223.777177,38,19306.660102
5202147.738992,33,19307.264413
4935764.926368,36,19307.952883
5030242.680365,42,19308.743926
-500301.374258,5,19308.836719
-1139448.909191,14,19309.099226
5032516.610379,37,19309.820111
5364167.918263,35,19310.487341
-748318.909898,9,19310.655191
-495581.906318,5,19310.749046
4523868.18651,43,19311.566677
-495974.045433,5,19311.656364
-487593.596871,5,19311.764182
5440778.683908,25,19312.210876
-708032.895783,8,19312.349183
-1269722.033695,17,19312.654586
-829889.386021,11,19312.849967
-478064.781745,5,19312.938394
-494559.624631,5,19313.027
3952548.671604,56,19314.035969
-731078.444883,9,19314.205198
5149414.42041,34,19314.849012
-486761.972049,5,19314.940891
4146537.492182,48,19315.785664
-493099.701135,5,19315.874121
4870196.910479,39,19316.587867
4909209.576101,40,19317.361532
5285369.773801,31,19317.954016
4299790.684805,63,19319.188272
-649732.917884,7,19319.325282
5435597.605225,34,19320.018867
5533290.548172,53,19321.099041
-490927.505481,5,19321.202001
5303487.22286,31,19321.835249
5064316.003497,39,19322.624234
5168872.348839,47,19323.552718
4956695.454786,39,19324.352499
-485510.137358,5,19324.455529
5131160.675143,34,19325.140621
-488027.759961,5,19325.231954
3795565.032416,54,19326.299976
-478007.139522,5,19326.405457
-483941.280555,5,19326.504294
-495535.434988,5,19326.60096
-489345.839839,5,19326.704574
-555239.34903,6,19326.82299
5135780.663833,36,19327.528407
-501574.346194,5,19327.623341
-851084.135926,10,19327.812988
-846061.860972,11,19328.019023
4879812.282664,39,19328.745609
5278739.229956,34,19329.370894
-498460.397867,5,19329.467506
4675781.136677,57,19330.511299
5159590.415549,35,19331.172855
-475614.839465,5,19331.276755
-552527.058926,6,19331.395119
5128082.212369,36,19332.110015
-739873.336825,9,19332.290973
-508008.743945,6,19332.411532
4802952.008678,41,19333.212347
4815666.985726,38,19333.955903
5028383.370166,40,19334.768698
4893437.027668,44,19335.648217
-604791.807458,8,19335.80464
-495530.043575,5,19335.901406
-763754.678728,9,19336.081727
-1008291.880906,13,19336.368846
-502355.346728,5,19336.486537
4566074.075931,68,19337.771279
4213471.869734,48,19338.675337
5282719.472466,36,19339.404258
-696827.633004,8,19339.566076
5180269.448259,36,19340.299865
5170342.594262,41,19341.084263
-471179.950536,5,19341.177482
-563889.887274,7,19341.317366
5728734.755594,53,19342.355526
4828851.162196,40,19343.14909
-488776.185518,5,19343.248751
-1236159.242866,15,19343.548975
4891200.228184,39,19344.331604
-678099.441914,8,19344.49297
-484201.030315,5,19344.588782
5204116.848438,36,19345.288247
-548931.664378,6,19345.401632
-491072.427057,5,19345.507638
-480433.292545,5,19345.599205
4207763.123521,47,19346.530233
4760468.412134,40,19347.319721
5062218.691415,34,19347.99634
-490707.832653,5,19348.088014
4878697.71079,38,19348.864399
5224928.591876,32,19349.511458
4444342.197757,46,19350.446283
5317404.999201,37,19351.193885
-492838.837117,5,19351.308536
-499117.539643,5,19351.417743
-502368.393211,5,19351.525523
-758111.121229,9,19351.717412
5410878.543175,28,19352.275878
5307577.214946,31,19352.907685
-755757.533172,9,19353.08946
-733161.117341,9,19353.265012
-497076.055123,5,19353.371301
-1053848.573508,13,19353.636416
-490960.37403,5,19353.732409
-738171.475609,9,19353.898233
-588299.275184,7,19354.02685
-638405.378082,7,19354.169068
-474640.428052,5,19354.273966
-487751.900858,5,19354.379348
4991730.668701,36,19355.137673
5196791.042747,33,19355.782556
4250244.822325,48,19356.725859
5345230.710205,32,19357.389549
4908723.076561,38,19358.133727
-485388.844393,5,19358.227034
5182120.13282,33,19358.881232
-547320.368088,6,19358.999982
5157736.774896,49,19359.959937
-901933.369298,11,19360.156099
5283726.755052,34,19360.782079
-862555.404909,10,19360.959596
5410344.854505,30,19361.530617
5034711.158729,35,19362.178302
-543688.657377,6,19362.299613
-725651.090292,9,19362.480413
4515729.934856,49,19363.408413
-494251.893152,5,19363.51135
-465998.418611,5,19363.611676
5564648.607662,34,19364.274598
5348798.410186,36,19365.013522
-496702.592737,5,19365.118277
-493894.773023,5,19365.227989
5017209.754478,39,19365.991946
-773489.403346,10,19366.184154
5082276.764952,36,19366.920309
-558839.996006,7,19367.063401
-486020.870785,5,19367.161411
-561872.11883,6,19367.281232
5432129.757734,26,19367.798152
-502778.383227,5,19367.898307
-483831.712459,5,19367.992137
5211669.21831,54,19369.051852
-686734.782853,8,19369.208389
5829500.769396,94,19371.045052
-474939.153332,5,19371.144271
4795339.383438,41,19371.95156
-496235.707641,5,19372.047819
5594676.595844,57,19373.161695
5193526.504805,36,19373.879682
5198845.743146,38,19374.619269
5379066.882327,31,19375.213728
-501993.473513,5,19375.308219
4741515.498337,41,19376.110916
-474293.475578,5,19376.214657
-942232.423766,12,19376.45494
-497318.195881,5,19376.554225
-671942.622043,8,19376.703413
5300578.75733,35,19377.319062
5308091.501996,32,19377.894131
4232370.013573,46,19378.716818
-1012832.643341,12,19378.929648
4132008.071364,54,19379.914459
-479337.87882,5,19380.002904
5576673.784209,40,19380.77244
5345861.469984,34,19381.414625
5106010.544351,36,19382.110776
4365284.558461,46,19382.999717
-511459.990677,6,19383.109513
-550184.7691,6,19383.222569
-697869.33512,9,19383.391915
-502366.547369,5,19383.493386
4548791.077865,41,19384.28189
4964764.129439,39,19385.041245
5371333.742739,33,19385.674253
5435319.486063,27,19386.18257
-501399.781326,5,19386.280996
5364726.609911,42,19387.099331
-631960.281751,7,19387.233204
5287864.968332,49,19388.178939
-484549.211572,5,19388.272217
5324331.919332,36,19388.924699
-493795.173272,5,19389.016264
-495482.409107,5,19389.107509
5148562.492037,35,19389.717923
-492101.08971,5,19389.803421
5267663.713085,41,19390.549407
5437941.576497,28,19391.059034
5276403.382003,46,19391.892197
-447098.682255,5,19391.983778
-500028.203967,5,19392.070828
-485939.631863,5,19392.160164
4692263.832468,41,19392.907905
-490501.300725,5,19392.997806
3962876.735469,54,19394.035332
-489879.722329,5,19394.140033
-477928.656743,5,19394.23536
4834870.678698,38,19394.966
-484005.964644,5,19395.064236
-1114000.539911,14,19395.326102
-487306.860344,5,19395.419311
-495730.478121,5,19395.526131
-479916.595364,5,19395.62337
5376063.510608,30,19396.207047
5433361.723829,24,19396.678394
4267454.071162,45,19397.532684
-505666.50822,6,19397.653567
-488694.427557,5,19397.756994
4595621.826248,42,19398.549102
5029678.521334,38,19399.271819
-482947.350052,5,19399.369787
3655973.670259,56,19400.473702
-934850.616,11,19400.671714
-553096.137717,6,19400.776844
-493437.472516,5,19400.865098
-502343.003944,5,19400.951554
-1414591.563681,19,19401.279595
-478254.02282,5,19401.365404
-495573.94447,5,19401.452297
5183736.101509,32,19402.02697
-484015.350515,5,19402.119938
5038923.317728,38,19402.834396
-489428.551811,5,19402.924752
5250997.90679,35,19403.59243
-500716.377273,5,19403.68753
-503098.783653,5,19403.785469
-889055.070686,12,19404.005702
-502211.708824,5,19404.099591
5115222.855772,40,19404.849363
4823892.87647,42,19405.67112
-496159.398066,5,19405.770831
5198638.03972,38,19406.57205
-740627.836518,9,19406.768375
-502586.798436,5,19406.912815
-834845.2593,10,19407.125805
-520029.44294,6,19407.260055
-850096.696463,10,19407.448447
5343600.955714,32,19408.104383
-550744.896116,7,19408.249434
4918539.179977,39,19409.023181
-633523.717872,7,19409.157457
-497666.35996,5,19409.249342
5273323.769509,36,19409.947938
-487619.958432,5,19410.04965
5061096.535664,36,19410.731208
-942545.458275,12,19410.971977
5044864.368208,38,19411.763378
5341507.083776,30,19412.375232
-461517.69901,5,19412.468957
-495587.334548,5,19412.576272
-496907.935107,5,19412.677336
-642625.384139,8,19412.834069
-499406.437187,5,19412.931163
-511238.261441,6,19413.066166
-501119.016895,6,19413.39633
-500489.783921,5,19413.646435
-462740.961213,5,19413.793721
-495061.17352,5,19413.924872
-585390.545596,7,19414.126917
5318381.960835,51,19415.14653
5318014.90322,30,19415.744327
5350220.272234,36,19416.470232
5368582.926901,32,19417.131686
-476481.307483,5,19417.243453
4329518.15701,52,19418.280169
-614518.011301,8,19418.433431
5123700.725519,39,19419.1974
-478096.92821,5,19419.295434
4419123.854599,61,19420.848461
-498888.184489,5,19420.959798
-497287.994472,5,19421.07491
-490121.397429,5,19421.177849
-914253.321016,11,19421.414502
-486633.416473,5,19421.523104
-556989.373994,6,19421.664483
-828049.639797,10,19421.861415
5324254.136341,43,19422.776701
-767316.577357,9,19422.95247
-497402.062954,5,19423.051202
-484423.625223,5,19423.152209
-487823.137411,5,19423.241999
-497835.476248,5,19423.344121
-523097.620593,6,19423.475647
-477035.770342,5,19423.589792
5178385.577848,33,19424.269469
-473379.407846,5,19424.372297
-945586.548184,12,19424.632178
5426893.352781,25,19425.180508
4902360.853479,42,19426.070202
5112832.918428,37,19426.869162
-575111.001029,7,19427.010994
5353024.867266,30,19427.639851
4504810.322518,45,19428.568817
5288912.767268,38,19429.459623
-479868.30199,5,19429.590235
4812211.428976,41,19430.572633
-497042.524408,5,19430.680761
5394417.038341,29,19431.348356
5061394.440147,36,19432.162334
-609263.854488,7,19432.325888
5638789.284341,60,19433.897494
5307642.46349,31,19434.496659
-559747.890888,6,19434.617405
5559695.99748,50,19435.654095
5351235.818855,34,19436.387248
-767806.157787,10,19436.569013
-663040.520935,8,19436.726664
-492906.51628,5,19436.811494
-467355.486472,5,19436.914696
-477670.126454,5,19437.011606
-501935.155559,5,19437.10859
-501016.800674,5,19437.227219
-502682.756903,5,19437.326745
-699095.250889,8,19437.508428
-489665.632637,5,19437.629705
5022414.382911,42,19438.582825
5341527.750066,33,19439.326428
-502653.072823,5,19439.417815
-481589.612901,5,19439.520293
5231408.81543,34,19440.28403
-897826.194608,11,19440.514739
-819500.569077,10,19440.714075
4979705.438831,40,19441.459075
-498326.710903,5,19441.556428
-731965.35564,9,19441.731813
5307500.550161,29,19442.283402
-645798.053996,8,19442.447266
-816193.892192,10,19442.646931
4893748.319451,37,19443.398993
-508609.178182,6,19443.508281
-494640.10261,5,19443.608468
-659543.660063,8,19443.756387
5224178.52767,34,19444.386062
5355274.754202,28,19444.931877
-507207.518066,6,19445.046898
-901536.164525,11,19445.252942
5147484.02743,35,19445.931706
-647136.553465,8,19446.076632
-490831.902956,5,19446.167553
-752328.402567,9,19446.337194
4356609.897476,54,19447.43423
-502889.347596,5,19447.534778
4934791.764616,42,19448.350241
-494538.263287,5,19448.447046
5430016.991561,47,19449.343924
4806504.519085,42,19450.131584
4689849.155318,44,19450.985619
5176192.021177,35,19451.676505
5036357.938018,35,19452.367686
-460844.607767,5,19452.464692
5214565.851132,39,19453.221711
-510631.138825,6,19453.337592
5410111.917468,26,19453.864262
-496953.203784,5,19453.961349
-502466.491508,5,19454.064279
-578420.585043,7,19454.191104
-492971.758581,5,19454.287914
-502724.552734,5,19454.385847
5373528.084535,29,19454.949324
5418716.38991,28,19455.48852
-495522.072514,5,19455.591119
5266262.441422,32,19456.233753
4542031.42322,45,19457.100039
5409336.229965,28,19457.657939
-671986.465823,9,19457.833689
4882413.833376,39,19458.578743
-695449.313216,8,19458.730286
-693569.201219,8,19458.875623
-473313.559841,5,19458.966738
-514137.197974,6,19459.082355
4935353.662995,37,19459.784983
4784516.42837,40,19460.536986
5067554.277641,52,19461.512153
5372529.473188,32,19462.122074
5356424.391573,34,19462.778867
-772929.533732,9,19462.948284
-492017.794877,5,19463.039051
-495154.001508,5,19463.132528
-485212.6061,5,19463.224909
4336615.700783,46,19464.087578
-708751.458378,9,19464.262609
-826871.063428,11,19464.462496
-490596.397405,5,19464.569427
-487619.4433,5,19464.663215
-498802.517256,5,19464.759206
5275965.95417,37,19465.457538
3852273.312492,54,19466.511005
-733246.372919,9,19466.686798
-487110.75137,5,19466.79583
-1220932.369138,16,19467.098664
-516379.413254,6,19467.207938
-1057966.98641,13,19467.468606
-502336.486654,5,19467.559417
-485484.753478,5,19467.662471
-502669.612751,5,19467.760097
-729619.509231,9,19467.928984
-470579.400665,5,19468.019935
4985788.44996,38,19468.753123
4759063.682675,41,19469.559199
5072271.232563,33,19470.201445
5288053.138999,33,19470.849848
-544486.701821,6,19470.965461
-784245.638823,10,19471.152772
-493881.36398,5,19471.268073
-501516.817459,5,19471.365005
5411348.56819,27,19471.892341
-502358.500862,5,19471.98914
-495822.866623,5,19472.086253
-501183.039527,5,19472.183989
-459827.866761,5,19472.274086
-495697.220086,5,19472.37096
-503014.520903,5,19472.468565
-494396.267664,5,19472.564692
4218399.165515,48,19473.505117
-454473.799676,5,19473.595062
-815616.491523,10,19473.795002
-487641.1698,5,19473.898559
5341332.587558,31,19474.541029
-520828.519701,6,19474.673663
-502765.923094,5,19474.765312
-776621.495112,10,19474.95857
-789638.384046,9,19475.128951
5394123.456075,26,19475.649399
-476783.119799,5,19475.754368
-514631.044994,6,19475.879753
5354216.29501,31,19476.486176
5079615.909309,35,19477.176489
-736244.445574,9,19477.34595
5560738.157872,98,19479.27375
-658645.681601,8,19479.436801
5214048.563366,35,19480.164197
-836134.99313,11,19480.382361
5693737.316809,60,19481.564462
-496622.30826,5,19481.673885
-494401.330719,5,19481.775772
5397679.682609,30,19482.365317
-613979.394743,8,19482.533386
5283310.007064,31,19483.133171
-484565.0397,5,19483.230387
-559999.36688,7,19483.363448
-580955.69589,7,19483.49695
5248384.644419,32,19484.130491
5175682.828693,35,19484.823904
-582212.341877,7,19484.95735
5372313.559475,28,19485.51273
-877369.354762,10,19485.709445
5415540.204215,26,19486.235852
4528521.468501,45,19487.137533
5317502.310754,35,19487.818144
-482011.224025,5,19487.911545
5332597.846403,38,19488.635716
-485161.398317,5,19488.733024
-489520.833456,5,19488.824137
-792662.284936,9,19489.018218
-487889.97836,5,19489.115258
-497171.059798,5,19489.218014
-496971.616056,5,19489.30916
4820699.998067,40,19490.102063
5220496.796824,33,19490.768818
5367919.461928,32,19491.441528
5298711.380619,36,19492.144948
-495972.772346,5,19492.235379
-794728.030578,9,19492.411915
-483088.413427,5,19492.508533
-493914.612755,5,19492.617413
-608689.802644,7,19492.756725
-671481.585321,8,19492.912332
5298882.546164,31,19493.507769
-489457.2723,5,19493.602041
4483916.07575,45,19494.484422
-1054508.536188,13,19494.744091
5331085.634189,30,19495.319688
-930734.595082,12,19495.557385
-499165.740444,5,19495.659868
-754474.759849,9,19495.871296
-489687.420378,5,19495.981026
4795326.012975,40,19496.853527
-495426.960856,5,19496.968843
5303193.9525,32,19497.586788
-452753.556008,5,19497.698701
-501993.643312,5,19497.80454
-488634.115661,5,19497.901965
-491806.269715,5,19498.003331
5198408.243881,37,19498.725475
4940447.428736,41,19499.525783
-496585.898508,5,19499.6258
-546609.561694,6,19499.744787
4957787.498184,36,19500.464707
-695909.973056,8,19500.634611
-746939.99605,9,19500.822478
4702635.130162,44,19501.658523
4992119.907429,35,19502.356062
-482883.416561,5,19502.446213
5399620.926027,60,19503.610112
5309785.897509,38,19504.330912
5110894.991951,53,19505.361061
5195223.823857,33,19506.009456
5382519.735555,34,19506.675939
-626999.156818,7,19506.816499
-710519.206695,8,19506.966865
-493233.930014,5,19507.063807
-458763.257019,5,19507.155583
5531920.26698,41,19507.955505
-490051.374642,5,19508.075866
-454922.178987,5,19508.167375
4914686.724264,36,19508.971818
-868130.693018,11,19509.209083
4135751.079712,49,19510.13683
5626105.529969,45,19511.008549
-624884.234903,7,19511.160862
-485276.756263,5,19511.251736
-485800.848302,5,19511.350492
-475904.469958,5,19511.451443
5365653.389883,30,19512.093606
5394490.879905,30,19512.657483
5392196.981994,34,19513.335996
5278464.411677,35,19514.112344
-793803.938344,10,19514.371988
5367231.845484,33,19515.131737
5100974.636653,52,19516.571737
-490491.74764,5,19516.705155
-498739.857309,5,19516.841804
-494782.001692,5,19516.953549
-510704.913309,6,19517.086749
5136619.808501,40,19518.359382
5445561.03714,25,19519.04215
5264465.214926,41,19519.886424
5314901.728079,30,19520.522927
-492206.535625,5,19520.620379
-673588.434966,8,19520.789583
5265067.752858,33,19521.50931
5431475.054253,27,19522.071476
5066720.043927,42,19523.023291
4995824.124032,40,19523.868823
-668304.833169,8,19524.039379
-831865.35597,11,19524.304319
-656792.551597,8,19524.499929
-495638.787033,5,19524.612813
5353983.351652,34,19525.219791
4884382.811296,46,19526.123812
-812759.432609,10,19526.298241
5357916.325499,40,19527.099796
5173882.657696,35,19527.828066
-493391.353934,5,19527.949532
-499043.386291,5,19528.049852
-512521.191429,6,19528.170083
-492447.439042,5,19528.285491
-617658.782897,8,19528.464144
-493709.238718,5,19528.575489
-723452.630535,9,19528.751319
5195454.423818,38,19529.48638
-483823.700925,5,19529.615815
-502347.210529,5,19529.724893
5328834.61648,47,19530.677557
-489257.84719,5,19530.780318
-743787.108471,9,19530.971961
-470634.568077,5,19531.086226
-420880.732463,5,19531.193599
-486757.24202,5,19531.295924
-738343.328161,9,19531.486467
-494899.612062,5,19531.588947
-495124.034355,5,19531.699738
-699700.236007,8,19531.867254
-936103.157162,12,19532.108083
-801985.85361,10,19532.326342
5559193.955612,43,19533.327047
-502614.905833,5,19533.437341
5311686.241303,40,19534.265561
-721379.902908,9,19534.454305
4238417.504413,47,19535.323699
-870590.967313,11,19535.525099
-588072.669585,7,19535.671727
-490708.404586,5,19535.789787
-813240.900107,10,19535.981059
4380150.364119,48,19536.959273
-712323.901246,9,19537.155771
4939345.772026,44,19538.099661
4867431.746079,39,19538.93048
-929995.791605,11,19539.157285
-943999.846596,13,19539.463366
5071730.073895,36,19540.31748
-502875.810938,5,19540.424812
-778272.447014,9,19540.616858
5032016.992414,36,19541.376177
-836248.126589,10,19541.585822
4948715.287344,42,19542.570453
5312437.271634,65,19544.084696
-483560.44723,5,19544.193575
4141309.430646,52,19545.312748
-493615.755501,5,19545.417271
-495194.721826,5,19545.527866
-775400.093035,9,19545.764885
-498921.004346,5,19545.894495
-744141.012452,9,19546.047874
5061678.831439,37,19546.791996
5280156.74741,33,19547.499543
5037018.959168,39,19548.363721
-984092.205957,12,19548.623436
4538183.317942,44,19549.531335
-491566.436284,5,19549.635137
4551655.43805,44,19550.57466
-480008.65938,5,19550.673772
5296886.699646,30,19551.292009
-475178.248965,5,19551.392444
-673408.08581,8,19551.55529
-502620.058853,5,19551.652897
-482025.141259,5,19551.756732
-475052.465067,5,19551.861943
4132460.260736,50,19552.858469
-487397.021788,5,19552.958451
-869945.328049,11,19553.192241
5360164.135312,32,19553.87498
-521416.23296,6,19553.979735
5200917.124493,31,19554.554734
5547237.118417,65,19555.921224
-703569.077535,9,19556.090804
5314150.966283,35,19556.824148
-502569.271873,5,19556.936864
-497816.645373,5,19557.205979
4831542.996006,38,19558.318403
5236390.724541,52,19559.35714
-502569.314278,5,19559.460849
-1085807.110532,14,19559.738353
-486723.473941,5,19559.843307
4982984.992805,43,19560.720671
-759923.189108,9,19560.91166
-632953.858753,7,19561.048592
-773201.802704,9,19561.242116
5424286.899896,30,19561.841738
-827058.837154,11,19562.066244
5289088.516721,32,19562.776988
-812324.861763,10,19563.003142
4446180.120205,44,19563.93263
-839045.980028,11,19564.172181
-805786.074145,10,19564.368669
-500536.168341,5,19564.461985
-787637.513833,9,19564.632907
-610570.374354,7,19564.761156
-727838.697952,9,19564.948779
-520459.886794,6,19565.072964
-478058.359179,5,19565.171316
5207556.124024,62,19566.448586
5300194.589952,34,19567.181922
-979967.075599,12,19567.418035
-451220.005505,5,19567.524829
4550444.370053,45,19568.448988
-495550.615645,5,19568.551232
-556817.554003,6,19568.673289
-488696.95495,5,19568.775567
-469287.043311,5,19568.896619
5352082.16483,32,19569.545184
-547483.194494,6,19569.665905
4952899.599836,37,19570.407583
5242784.361274,107,19572.570485
-495919.765543,5,19572.666538
-676962.089117,8,19572.836191
-828573.168195,11,19573.054256
-652864.496023,8,19573.224143
-490927.497638,5,19573.334147
5287554.94063,38,19574.118713
5160519.794464,35,19574.813976
-496849.033312,5,19574.914899
5267655.799042,57,19576.048108
-846894.224175,10,19576.235761
-797046.422793,10,19576.423779
-623774.366433,8,19576.575273
5360536.403843,40,19577.344612
-1051628.130926,13,19577.59353
-490774.220132,5,19577.690427
5386267.500134,28,19578.223779
-483795.682084,5,19578.332018
-786905.048038,9,19578.513791
-570382.65752,7,19578.647566
-500729.784632,5,19578.743984
-758545.80749,9,19578.925818
5190392.314797,34,19579.580301
-498109.953176,5,19579.686387
-452419.997264,5,19579.786758
-777798.589733,9,19579.980948
-699029.861381,8,19580.157942
-862031.203939,10,19580.331527
-496769.772006,5,19580.421263
4540546.418503,49,19581.328016
-500431.926229,5,19581.418495
-488032.142972,5,19581.512841
4487216.504003,42,19597.994874
5773097.545347,62,19599.1924
4932806.866604,43,19600.048584
4470254.813845,45,19600.936201
5116695.263119,36,19601.618356
-770882.607048,9,19601.809271
-552221.633367,6,19601.927506
-458886.978107,5,19602.020312
-734233.382704,8,19602.173816
-761000.718107,9,19602.323975
-484194.174132,5,19602.409322
-1212701.696601,15,19602.695649
5006638.047328,39,19603.456573
5331675.016391,32,19604.076904
-497677.585358,5,19604.17332
-512002.163427,6,19604.282988
5257570.382589,32,19604.912716
5168012.352025,33,19605.542547
-502504.119036,5,19605.636203
-1216988.125737,16,19605.961379
-885422.881127,11,19606.154868
-516729.23779,6,19606.276098
-502276.141252,5,19606.372894
5447742.197672,40,19607.148648
5245617.274235,34,19607.81719
-500866.304703,5,19607.906878
-474326.721588,5,19608.008908
5100924.227102,37,19608.711818
4951900.982538,44,19609.576196
5294231.959986,37,19610.280857
5349997.701509,33,19610.917872
5287613.552362,30,19611.511747
-693661.733532,9,19611.691748
-869746.282365,10,19611.89191
4899070.662396,40,19612.664609
-2135538.55551,28,19613.225967
4237498.029236,51,19614.215028
5253043.984888,31,19614.822648
5015290.086019,37,19615.545073
4690209.042127,46,19616.42043
5094170.167069,35,19617.116981
-484422.92824,5,19617.198642
4115193.924822,51,19618.110213
4476784.824362,45,19618.984957
-802129.67425,10,19619.178304
5266522.172043,32,19619.778127
-718565.50396,9,19619.949906
5640983.829546,44,19620.795375
4897985.890193,37,19621.505376
-485398.170856,5,19621.609109
5305039.632263,35,19622.311996
-455453.842435,5,19622.408463
-653493.341876,8,19622.566434
-1107790.50138,14,19622.832176
5378907.834162,32,19623.456821
-869496.337876,10,19623.657192
-489564.725215,5,19623.766683
-575723.755797,7,19623.923348
5372625.651877,32,19624.601131
-627495.525147,7,19624.747415
5329163.206229,33,19625.39772
-503251.623694,5,19625.486883
4512552.802564,45,19626.359062
-927065.655389,11,19626.589879
4666400.567424,43,19627.440109
5135903.373027,34,19628.120748
-697316.9162,9,19628.297006
4921822.889167,43,19629.098829
-488774.963239,5,19629.202888
5359478.76615,34,19629.864576
-599524.439849,7,19629.993196
4958151.706424,37,19630.683578
4233168.584879,57,19631.790274
-616999.421982,7,19631.925476
-501617.110545,5,19632.034423
-495726.759515,5,19632.137599
-502930.852205,5,19632.259673
5376064.043488,34,19632.875902
-835881.287049,11,19633.073468
-491634.74616,5,19633.161822
-770980.680918,9,19633.323413
-679336.092252,8,19633.474399
-699872.256905,8,19633.620053
-497332.233171,5,19633.711632
-751113.384666,9,19633.892731
-491602.562912,5,19634.013913
5362219.009589,31,19634.625595
5514053.635123,52,19636.006719
-496487.78561,5,19636.105493
-491044.059538,5,19636.202566
-474747.688205,5,19636.291536
-502610.28342,5,19636.385764
-854394.722267,10,19636.582625
-782463.040096,9,19636.759161
-814054.251544,10,19636.943823
4454144.270345,44,19637.787361
-577998.003396,7,19637.907767
5379583.833507,30,19638.432328
-505391.577519,6,19638.538227
-885960.728231,11,19638.756513
-616061.158399,7,19638.891397
-494128.059095,5,19638.986814
4602922.040041,83,19640.538444
-489872.858655,5,19640.624497
-498511.329597,5,19640.71421
-734382.223138,9,19640.877077
5174991.344889,36,19641.568452
-1470769.496449,19,19641.932298
-713274.00615,9,19642.145742
-496238.388489,5,19642.244027
5107437.23255,35,19642.895704
-705362.863678,9,19643.048437
3938895.711215,54,19644.072391
4798282.13598,44,19644.915365
-493148.864663,5,19645.03065
5294459.066437,35,19645.685519
5374616.765459,29,19646.238473
-566569.389688,7,19646.362097
5143676.699717,37,19647.056963
-491322.588462,5,19647.144298
-889389.356534,11,19647.328641
4840466.904749,40,19648.08604
4517324.449151,46,19648.993744
5406988.364453,29,19649.541257
-804694.380717,9,19649.704432
-475592.92712,5,19649.801123
-500440.95322,5,19649.894775
-461782.344987,5,19649.991268
-645118.871427,7,19650.128724
-484676.676895,5,19650.227104
5419083.560138,33,19650.850337
5580968.592605,53,19651.86821
5009741.394201,37,19652.604445
5349648.232692,30,19653.189688
-727621.48407,9,19653.365253
-835175.901305,11,19653.576959
5384826.967107,35,19654.243319
5282487.115803,35,19654.904547
5292164.361569,32,19655.525768
-497404.206854,5,19655.622476
5109951.909998,36,19656.364547
3484604.600162,58,19657.497228
-494251.410736,5,19657.600607
4953992.282831,37,19658.303914
-500422.071944,5,19658.400979
5295106.08948,34,19659.048447
5429969.468222,27,19659.55799
-707359.989517,9,19659.727935
5185767.275237,35,19660.399957
-727784.282903,9,19660.576597
-488235.928388,5,19660.673751
-832961.460269,10,19660.86698
-486198.084623,5,19660.963742
-801912.024971,10,19661.157174
5083116.812184,34,19661.794522
-490550.098218,5,19661.892279
-891261.795471,11,19662.109521
-470554.818594,5,19662.206108
5403925.024477,27,19662.735542
-481596.838191,5,19662.834076
5594509.010662,51,19663.756679
5118303.055196,46,19664.667427
4446841.355208,59,19665.821767
-463959.945698,5,19665.937918
-679482.057673,8,19666.095284
4904360.675434,35,19666.791331
-483521.072824,5,19666.889246
5860766.193177,72,19668.288444
5008110.354048,41,19669.113079
-471271.824444,5,19669.216699
5241517.079896,33,19669.846323
-983262.186573,12,19670.080117
5143676.081717,34,19670.721304
5415538.275674,62,19671.955028
-477508.26982,5,19672.058024
-604311.554986,8,19672.228223
5421558.598227,27,19672.724773
-937389.961616,12,19672.948349
5173049.045987,37,19673.688182
-1194050.944658,15,19673.978684
4432061.331758,44,19674.821398
5051993.832687,38,19675.566844
-483991.272095,5,19675.657377
-497633.70252,5,19675.748344
-1028129.730895,13,19676.008708
-555790.436953,7,19676.148354
5050698.770881,37,19676.829399
-487322.080226,5,19676.917177
4114306.201868,50,19677.851812
5246848.842694,38,19678.560592
-491848.162645,5,19678.657075
-487542.212485,5,19678.751215
4777661.091195,44,19679.59338
5259172.403104,59,19680.711879
-630800.297245,7,19680.845035
-1191998.437684,15,19681.132837
5386923.410919,29,19681.684325
5325659.674066,31,19682.287032
5208522.418791,38,19683.016866
-502251.499548,5,19683.133953
-816685.540448,10,19683.335256
-497086.634386,5,19683.419238
-787364.380407,10,19683.590435
5809932.722709,63,19684.767601
5112029.549963,37,19685.463345
-600680.454911,7,19685.603841
4376072.132627,46,19686.494423
-916294.587132,11,19686.70624
4880535.025339,40,19687.475169
5538172.210459,57,19688.578963
-493322.330715,5,19688.674434
5375187.456738,30,19689.251717
-798225.980789,10,19689.457585
4457618.21404,46,19690.372949
-491960.209919,5,19690.476362
-601626.958218,7,19690.622109
3978769.959564,55,19691.736627
-722741.330098,8,19691.892667
5002197.818771,36,19692.596386
-479310.487192,5,19692.693599
5194019.905573,32,19693.329958
-882437.56894,11,19693.547383
-742886.203461,9,19693.711526
-637236.725887,8,19693.863686
-1515459.684696,20,19694.238944
5392243.955334,34,19694.887438
-776902.704756,9,19695.062692
5407390.682993,28,19695.648797
5396259.067376,34,19696.282613
-702290.705896,8,19696.429265
5375427.118814,39,19697.164617
-848301.639346,10,19697.359901
-498792.355871,5,19697.455107
-605862.80953,7,19697.583199
-974302.118368,12,19697.811286
5460522.611941,53,19698.803837
5106278.07203,38,19699.531628
4251549.685742,49,19700.479307
4416904.645282,48,19701.393898
5408569.869115,25,19701.86685
5149664.443445,35,19702.517833
-790123.835777,10,19702.697071
-818513.361964,10,19702.879911
-678283.408396,8,19703.031493
-495342.256082,5,19703.129432
-486442.400685,5,19703.22698
-812709.086576,10,19703.4074
-818052.437999,10,19703.583947
5772410.292039,54,19704.607616
-726702.496253,9,19704.77715
4084220.712048,58,19705.855534
-520536.607543,6,19705.977808
-496105.64927,5,19706.079613
5227630.066137,33,19706.712199
-734089.848369,9,19706.886351
5059182.973328,60,19708.018826
5263163.651143,32,19708.649719
4744825.107946,40,19709.425355
-489172.558093,5,19709.52883
5514244.94656,48,19710.443975
5100098.051924,36,19711.158435
-562459.451036,7,19711.291525
5321746.050122,35,19711.96498
-494873.601544,5,19712.051826
-1349148.99727,17,19712.372482
-750781.689367,9,19712.548411
5136038.126701,46,19713.439409
4045769.591314,53,19714.451041
-697942.265043,8,19714.614926
-643526.961534,8,19714.760693
5256648.269222,36,19715.472329
5228501.332865,32,19716.104692
-502688.493685,5,19716.196266
-488730.059956,5,19716.287567
-488549.900516,5,19716.387535
3893183.703131,58,19717.501786
-822088.96221,10,19717.670186
5147536.576398,36,19718.309686
-498773.865794,5,19718.400171
4195225.325915,50,19719.336106
5189601.315368,33,19719.97045
4882345.503296,40,19720.731144
-884074.414641,11,19720.933498
-491035.956029,5,19721.025174
-502962.480807,5,19721.135015
-745830.716158,9,19721.303639
-732361.818681,9,19721.467785
-484215.548394,5,19721.551715
-629937.534412,7,19721.685105
-496232.265241,5,19721.792221
5316713.403113,31,19722.382468
-470367.217844,5,19722.479235
-821836.449299,10,19722.667636
-488236.914564,5,19722.767513
-481087.812058,5,19722.872687
-577344.75056,7,19723.004932
-473770.590526,5,19723.100249
5145909.055838,35,19723.755865
-1199364.905539,15,19724.048035
-797105.470561,10,19724.221842
-819749.384826,10,19724.409354
4048654.863221,48,19725.282587
4050351.647931,53,19726.273338
-498448.58764,5,19726.370518
4828855.838196,41,19727.158196
5403906.54128,27,19727.700912
-848413.341054,10,19727.88193
-482423.987548,5,19727.963957
-857700.85149,11,19728.163514
5377399.931035,30,19728.705095
4563417.325846,67,19730.000555
-564970.053043,7,19730.129143
-771923.140701,10,19730.305026
-610322.476094,7,19730.417842
4205665.090464,48,19731.308535
-487119.279352,5,19731.399769
5392593.93215,29,19731.942599
5068568.265322,36,19732.623647
4608885.085836,43,19733.471831
-492248.590656,5,19733.573313
-760735.801885,9,19733.748181
-1067014.109935,13,19733.996898
-495975.013488,5,19734.094064
5192522.995511,36,19734.790045
-613641.280173,7,19734.922007
-770788.643918,9,19735.11397
4924241.185444,74,19736.571128
-735309.436861,9,19736.732318
5177368.125562,33,19737.37446
-785047.368898,9,19737.54655
5299217.819269,38,19738.284459
3941915.513931,52,19739.289787
5338909.767212,32,19739.932137
-473061.724706,5,19740.023425
4953345.044695,38,19740.761936
-787750.704864,9,19740.931627
5388004.013912,29,19741.487268
5193013.996817,33,19742.131946
-499369.32166,5,19742.228538
-559097.274581,6,19742.343228
-493446.965548,5,19742.436484
-496200.684351,5,19742.531743
-631931.890863,7,19742.658739
4617128.03882,47,19743.567313
4576231.751371,45,19744.464494
-632818.32337,7,19744.59259
4832799.499478,38,19745.292717
5070327.642003,35,19745.913182
-490534.335984,5,19746.042429
-647903.681436,8,19746.203182
5264673.12282,56,19747.288628
5502309.878143,29,19747.802204
-738900.104395,9,19747.983742
4960282.240349,38,19748.673898
-688453.705421,8,19748.818604
5224335.503898,33,19749.449159
-476595.683564,5,19749.539383
-499196.2153,5,19749.629839
5271046.142066,34,19750.284342
5160394.463485,35,19750.945444
5661999.953255,36,19751.636281
-501716.352496,5,19751.740079
5192025.197579,34,19752.411383
-502841.353799,5,19752.502752
-494418.798132,5,19752.599175
-688236.772231,8,19752.758365
4779938.225245,48,19753.697247
4279171.310625,48,19754.618349
5370846.303131,32,19755.254498
-502306.85836,5,19755.348965
-683448.04082,8,19755.498024
5154936.103671,36,19756.211623
5207629.991232,34,19756.877518
-479088.9985,5,19756.969011
-867993.782732,10,19757.164886
4926910.982581,36,19757.883471
4837545.308702,39,19758.629814
5592843.972618,39,19759.362774
5698812.582584,49,19760.314296
-939581.134376,12,19760.540912
5219288.399682,32,19761.144736
-502655.434661,5,19761.241637
-502237.206151,5,19761.343973
-781146.408532,9,19761.508442
-875335.335188,11,19761.732146
-494817.014635,5,19761.828451
-491349.943159,5,19761.925969
-453720.448256,5,19762.023049
-569301.486649,7,19762.15633
-486923.307462,5,19762.253649
-489420.729067,5,19762.356263
-996834.069114,12,19762.604806
5266437.92491,37,19763.362483
5396094.208264,26,19763.88207
-462707.91852,5,19763.977321
-1262581.997409,16,19764.289206
5414334.533907,25,19764.756023
-1585143.257091,20,19765.137286
5413262.80131,32,19765.749212
-768952.778213,9,19765.916039
-502734.867652,5,19766.026958
-475284.898803,5,19766.126562
4515531.666612,42,19766.925914
-480332.261778,5,19767.02871
-799075.342676,10,19767.222236
-479969.084474,5,19767.319068
-479389.426186,5,19767.442187
5506637.941679,50,19768.516413
-780855.130143,9,19768.702473
5431006.669946,27,19769.234539
-497119.437816,5,19769.344594
-481879.793852,5,19769.451792
5338301.410291,32,19770.101236
-760003.883764,9,19770.289982
5224343.962037,39,19771.103753
-723082.639245,9,19771.278501
-817277.702084,10,19771.465687
5206146.197417,49,19772.411675
-485545.982199,5,19772.522158
-486297.24127,5,19772.626542
-495493.816741,5,19772.735707
-473935.052854,5,19772.834689
-502167.255394,5,19772.938959
-581135.905206,7,19773.086021
-486842.601233,5,19773.199119
-954146.388518,12,19773.428744
5306186.376235,31,19774.041956
-485092.490687,5,19774.146974
-876515.31331,11,19774.369804
5326504.857695,52,19775.484356
-972687.65947,12,19775.718133
5411249.545955,25,19776.217567
4537228.773713,44,19777.065803
-990663.35891,13,19777.356689
5253586.542628,35,19778.035398
-489147.648948,5,19778.136615
5170637.552321,31,19778.744399
-649720.30603,8,19778.902219
-484948.389073,5,19779.003501
-1030920.931378,13,19779.259979
-456275.141188,5,19779.353833
4469081.198394,45,19780.241703
-491139.846552,5,19780.344331
-495626.115823,5,19780.447369
4901253.699341,39,19781.194443
-481706.484705,5,19781.290162
-483132.267369,5,19781.380712
5385818.44126,33,19782.033834
5423423.857728,26,19782.540163
4228960.877306,45,19783.398874
-812104.911017,10,19783.593049
-708679.637711,8,19783.750001
5188050.499612,35,19784.428544
-685057.928012,8,19784.58667
5389284.103996,32,19785.216483
-478577.232973,5,19785.313966
5291929.999653,38,19786.074901
-624543.256644,8,19786.228288
-482917.754219,5,19786.32523
3836493.002597,55,19787.40266
-503373.514353,5,19787.501032
-678336.279504,8,19787.652471
-949581.890683,12,19787.894914
5422117.465922,32,19788.531691
-490297.596015,5,19788.622266
5521145.074022,49,19789.56129
-704957.895832,8,19789.719035
5451229.222829,42,19790.568123
5380320.263285,37,19791.304933
4937793.246278,39,19792.052171
-501880.105852,5,19792.142763
-783633.974338,9,19792.312523
-866692.577138,11,19792.525181
5392417.604788,36,19793.228714
5373730.953779,33,19793.866257
5387475.02144,29,19794.422894
-858763.179541,10,19794.615147
-482542.870291,5,19794.712304
5411181.781356,31,19795.353054
-865219.81895,11,19795.566792
-668037.969176,8,19795.725567
4843165.006607,43,19796.596894
-480893.402215,5,19796.69987
-619461.408317,7,19796.841048
-827476.12248,10,19797.033153
-496964.528771,5,19797.136106
-575948.942413,7,19797.281664
-485849.3752,5,19797.384802
5010670.255058,41,19798.1968
-493471.515489,5,19798.301053
-546787.803674,6,19798.421045
4501808.268791,44,19799.307265
4946657.384563,37,19800.04512
4435038.170149,67,19801.390946
-709425.314845,9,19801.570719
-503041.527304,5,19801.668922
-479795.402431,5,19801.768148
5381385.405968,52,19802.796125
5823377.676666,66,19804.086707
5435616.28956,26,19804.583849
-481124.733115,5,19804.67474
5416583.529882,30,19805.262531
-495702.999749,5,19805.35949
4944964.201238,36,19806.083986
-1105165.488581,14,19806.347708
3472748.676617,59,19807.485446
-498090.273289,5,19807.578506
-500066.774669,5,19807.668235
5293321.071807,32,19808.293074
-482563.002298,5,19808.384149
5307742.350534,57,19809.492313
-502356.592799,5,19809.588968
-491276.358615,5,19809.689991
-471972.554754,5,19809.783123
-482223.192138,5,19809.881795
4942104.707814,39,19810.680077
-496452.896104,5,19810.765288
5455853.229812,44,19811.613788
5420527.835552,27,19812.135132
5278873.6464,33,19812.786707
-666600.954347,8,19812.941517
-494770.802889,5,19813.043823
-502413.468287,5,19813.148187
-840020.26688,10,19813.346502
-479557.633601,5,19813.444635
4416948.705656,56,19814.522544
5121969.903653,35,19815.287917
5326262.908923,32,19815.994747
-626518.948604,7,19816.140158
-767993.053809,10,19816.370433
6020975.372539,89,19818.339845
5316007.905901,30,19818.940512
5411013.459259,29,19819.540354
5297227.897329,32,19820.152355
-494663.117457,5,19820.254771
-481540.920703,5,19820.36974
-494489.291606,5,19820.491049
-479134.985669,5,19820.647729
-479796.323894,5,19820.751678
5071420.207772,38,19821.666733
4561971.104186,53,19822.727202
-496751.771984,5,19822.811982
-483042.034523,5,19822.915087
-497124.194907,5,19823.008322
-499272.842173,5,19823.106831
-939502.641442,12,19823.345558
5614789.824658,50,19824.338856
5315119.436391,36,19825.018688
-494127.66763,5,19825.115655
-805315.420072,10,19825.327166
5217320.956623,34,19826.03233
-692519.899558,8,19826.193307
-824359.42653,10,19826.418103
5343817.034743,56,19827.520595
-495067.317831,5,19827.623545
-482128.666568,5,19827.72406
-495883.970322,5,19827.824096
-615271.681679,7,19827.956721
5453520.51134,27,19828.512677
5406105.81602,32,19829.278579
4745665.499592,54,19830.545023
4967907.674359,43,19831.471704
-502831.168146,5,19831.575142
-493659.102256,5,19831.683684
-502706.847654,5,19831.798826
-647402.364993,8,19831.986809
-490983.127574,5,19832.102135
-487800.472219,5,19832.21089
5408022.723481,24,19832.7159
5275059.569459,37,19833.424098
-495580.666508,5,19833.52042
-623828.790832,8,19833.659236
-620857.45713,8,19833.824056
-482968.028173,5,19833.914464
4939535.887047,36,19834.714127
-445796.215962,5,19834.847076
-491129.095187,5,19834.989507
-482017.420191,5,19835.105011
-864593.41463,10,19835.315291
-606430.052384,7,19835.503808
-792541.43315,10,19835.702291
4896185.455114,40,19836.648299
-553897.84454,6,19836.808506
-491074.371199,5,19836.928613
-694945.476679,8,19837.153216
5447843.892816,50,19838.144019
4915694.503347,101,19840.18563
-970718.398846,12,19840.424058
-500078.133696,5,19840.525407
4602472.250613,43,19841.381325
5080834.15227,38,19842.185795
-483598.76439,5,19842.294625
-1105661.550597,14,19842.579251
-495790.548344,5,19842.676806
-478706.759558,5,19842.775013
-487526.463137,5,19842.872705
5725668.392854,69,19844.300478
-473640.558016,5,19844.416405
-481928.836761,5,19844.525455
5428671.384646,28,19845.106516
-792698.401354,9,19845.28273
-487563.454304,5,19845.386068
5849282.063681,63,19846.786302
4990508.101601,63,19847.982003
